contig	position	variantID	refAllele	altAllele	refCount	altCount	totalCount	lowMAPQDepth	lowBaseQDepth	rawDepth	otherBases	improperPairs
1	9790061	.	T	C	13	4	17	0	0	17	0	0
1	10101214	.	T	C	1	3	4	0	0	4	0	0
1	10101247	.	T	C	5	4	9	0	0	9	0	0
1	10101253	.	T	C	7	3	10	0	0	10	0	0
1	13695959	.	T	C	6	3	9	0	0	9	0	0
1	13695965	.	T	C	2	7	9	0	0	9	0	0
1	13696043	.	T	C	7	2	9	0	0	9	0	0
1	16717060	.	T	C	7	3	10	0	0	10	0	0
1	22031785	.	T	C	8	6	14	0	0	14	0	0
1	33835490	.	T	C	11	3	14	0	0	14	0	0
1	36547584	.	T	C	6	2	8	0	0	8	0	0
1	37448671	.	G	T	0	4	4	0	1	5	0	0
1	38024745	.	G	A	8	3	11	0	1	12	0	0
1	40064512	.	T	C	7	2	9	0	4	13	0	0
1	42789922	.	A	G	5	2	7	0	0	7	0	0
1	51506146	.	T	C	1	2	3	0	0	3	0	0
1	51507738	.	T	C	1	2	3	0	0	3	0	0
1	51507771	.	T	C	2	3	5	0	0	5	0	0
1	52542746	.	T	C	2	2	4	0	0	4	0	0
1	55193265	.	G	A	0	2	2	0	0	2	0	0
1	55193270	.	G	A	0	3	3	0	0	3	0	0
1	58685866	.	C	A	1	2	3	0	1	4	0	0
1	59913367	.	A	G	57	29	86	0	3	89	0	0
1	60517747	.	A	G	35	34	69	1	9	79	0	0
1	66711873	.	A	G	54	42	96	0	5	101	0	0
1	75398649	.	A	G	22	6	28	0	2	30	0	0
1	75398708	.	A	G	3	26	29	0	2	31	0	0
1	84884710	.	T	C	6	2	8	0	0	8	0	0
1	86205422	.	A	G	2	4	6	0	0	6	0	0
1	86276528	.	T	C	17	4	21	0	1	22	0	0
1	86836917	.	T	C	0	2	2	13	0	15	0	0
1	88188057	.	A	C	1	3	4	0	0	4	0	0
1	88188131	.	A	C	3	2	5	0	0	5	0	0
1	88188745	.	T	A	0	3	3	0	0	3	0	0
1	88188846	.	T	G	2	2	4	0	0	4	0	0
1	88188916	.	C	A	3	2	5	0	1	6	0	0
1	88189404	.	C	T	3	2	5	0	0	5	0	0
1	88189486	.	C	A	5	2	7	0	0	7	0	0
1	88189784	.	A	G	1	2	3	0	1	4	0	0
1	88190006	.	T	A	0	1	1	0	0	1	0	0
1	88190661	.	G	C	1	4	5	0	0	5	0	0
1	88191237	.	A	C	15	47	62	0	4	66	0	0
1	88191320	.	C	T	10	45	55	0	0	55	0	0
1	88191706	.	G	A	40	8	48	0	0	48	0	0
1	88191710	.	T	C	14	32	46	0	3	49	0	0
1	88191744	.	C	A	45	9	54	0	2	56	0	0
1	88191864	.	G	T	51	10	61	0	1	62	0	0
1	88192008	.	C	T	52	12	64	0	9	73	0	0
1	88192048	.	G	C	12	32	44	0	0	44	0	0
1	88192098	.	G	A	66	16	82	0	1	83	0	0
1	88192180	.	G	T	54	12	66	0	3	69	0	0
1	88192184	.	T	A	59	14	73	0	2	75	0	0
1	88192243	.	A	G	7	54	61	0	1	62	0	0
1	88192700	.	G	A	9	20	29	0	0	29	0	0
1	88192756	.	G	A	13	53	66	0	1	67	0	0
1	88192980	.	A	G	5	50	55	4	3	62	0	0
1	88193031	.	C	G	12	29	41	2	1	44	0	0
1	88193194	.	C	T	4	8	12	0	1	13	0	0
1	88193568	.	A	C	3	4	7	0	0	7	0	0
1	88193917	.	G	A	8	14	22	0	0	22	0	0
1	88194314	.	C	A	35	7	42	1	0	43	0	0
1	88197053	.	T	C	2	1	3	0	0	3	0	0
1	88197991	.	A	G	5	20	25	0	0	25	0	0
1	88200718	.	C	A	2	16	18	0	1	19	0	0
1	88200832	.	C	T	7	19	26	0	0	26	0	0
1	88202664	.	A	G	0	2	2	2	0	4	0	0
1	88202772	.	A	T	1	1	2	0	0	2	0	0
1	88205197	.	A	G	0	3	3	4	0	7	0	0
1	91860479	.	C	T	4	2	6	0	0	6	0	0
1	91860480	.	G	T	4	2	6	0	0	6	0	0
1	93299307	.	A	G	15	5	20	0	0	20	0	0
1	94396482	.	A	G	2	2	4	1	0	5	0	0
1	97877103	.	C	T	0	3	3	3	0	6	0	0
1	118225692	.	T	C	14	3	17	0	0	17	0	0
1	120155140	.	A	T	3	2	5	0	1	6	0	0
1	131099094	.	T	C	2	1	3	0	1	4	0	0
1	131953439	.	T	C	23	7	30	0	0	30	0	0
1	132927928	.	T	C	6	2	8	0	0	8	0	0
1	133065748	.	A	G	53	11	64	0	3	67	0	0
1	133629853	.	T	C	1	3	4	0	0	4	0	0
1	143631389	.	T	C	7	3	10	0	0	10	0	0
1	155151508	.	G	T	20	4	24	0	7	31	0	0
1	155151509	.	C	T	20	1	21	0	10	31	0	0
1	156255182	.	T	C	6	18	24	0	0	24	0	0
1	160835342	.	T	C	4	1	5	0	0	5	0	0
1	160835343	.	T	C	4	1	5	0	0	5	0	0
1	160840574	.	T	C	3	2	5	0	2	7	0	0
1	160842749	.	T	C	9	2	11	0	0	11	0	0
1	165059169	.	T	C	1	2	3	0	0	3	0	0
1	165061910	.	T	C	1	2	3	0	0	3	0	0
1	166916330	.	A	C	11	1	12	0	8	21	1	0
1	166916336	.	A	C	10	6	16	0	4	20	0	0
1	171171737	.	T	G	2	1	3	0	2	5	0	0
1	171716688	.	A	G	1	2	3	0	0	3	0	0
1	172208226	.	T	C	6	2	8	0	0	8	0	0
1	178779812	.	T	C	6	3	9	0	0	9	0	0
1	178779824	.	T	C	11	3	14	0	1	15	0	0
1	178780229	.	T	C	2	3	5	0	0	5	0	0
1	180251775	.	A	G	23	4	27	0	0	27	0	0
1	180493439	.	G	C	2	1	3	0	1	4	0	0
1	180924020	.	T	C	26	9	35	0	2	37	0	0
1	183190594	.	A	G	13	17	30	0	0	30	0	0
1	183190595	.	A	G	23	6	29	0	1	30	0	0
1	183190682	.	A	G	12	9	21	0	1	22	0	0
10	5752116	.	A	G	2	30	32	0	0	32	0	0
10	5752204	.	A	G	1	7	8	1	0	9	0	0
10	5752387	.	A	C	1	2	3	2	0	5	0	0
10	7524278	.	T	C	1	0	1	0	0	1	0	0
10	17823393	.	C	T	2	2	4	0	0	4	0	0
10	20194372	.	A	G	2	2	4	0	0	4	0	0
10	21001216	.	A	G	1	2	3	0	1	4	0	0
10	22219343	.	T	G	1	3	4	27	1	32	0	0
10	33868452	.	T	C	6	3	9	0	0	9	0	0
10	33868473	.	T	C	13	7	20	0	1	21	0	0
10	48972272	.	A	G	3	2	5	0	0	5	0	0
10	49118584	.	T	C	7	14	21	0	1	22	0	0
10	49118640	.	T	C	9	12	21	0	0	21	0	0
10	49120426	.	T	C	0	14	14	0	1	15	0	0
10	49148885	.	T	C	6	35	41	0	1	42	0	0
10	52217533	.	A	G	1	2	3	0	0	3	0	0
10	57383252	.	A	G	2	2	4	0	0	4	0	0
10	57391874	.	C	T	9	8	17	0	1	18	0	0
10	76391424	.	A	G	13	3	16	0	0	16	0	0
10	81366434	.	G	T	1	5	6	0	1	7	0	0
10	82062115	.	T	C	18	21	39	0	0	39	0	0
10	90883995	.	A	G	3	2	5	0	0	5	0	0
10	93320683	.	A	T	8	3	11	0	0	11	0	0
10	93801926	.	T	C	6	4	10	0	0	10	0	0
10	93802019	.	G	A	9	2	11	0	0	11	0	0
10	93802028	.	T	C	11	2	13	0	0	13	0	0
10	94057224	.	A	G	14	11	25	0	1	26	0	0
10	126903751	.	T	C	52	19	71	0	1	72	0	0
10	127038297	.	T	C	2	2	4	0	0	4	0	0
10	128157141	.	T	C	5	3	8	0	0	8	0	0
11	3079274	.	C	T	6	3	9	0	0	9	0	0
11	3079284	.	A	C	4	2	6	0	1	7	0	0
11	4091399	.	T	C	14	3	17	0	0	17	0	0
11	4092046	.	T	C	27	8	35	0	1	36	0	0
11	4092790	.	T	C	19	11	30	0	0	30	0	0
11	4514185	.	T	C	2	2	4	0	0	4	0	0
11	20178606	.	T	C	16	4	20	0	0	20	0	0
11	30229683	.	C	T	3	2	5	0	5	10	0	0
11	30229687	.	C	T	6	1	7	0	3	10	0	0
11	31051609	.	T	C	8	2	10	0	0	10	0	0
11	33226103	.	T	C	1	1	2	0	0	2	0	0
11	41389909	.	T	G	0	1	1	0	1	2	0	0
11	42021769	.	A	T	1	3	4	0	0	4	0	0
11	43572939	.	A	G	9	4	13	0	0	13	0	0
11	43572970	.	A	G	11	4	15	0	0	15	0	0
11	43573028	.	A	G	3	2	5	0	0	5	0	0
11	46163470	.	T	C	56	258	314	0	8	322	0	0
11	51548419	.	T	C	3	2	5	0	0	5	0	0
11	54730814	.	T	C	23	5	28	0	0	28	0	0
11	58858267	.	T	C	2	2	4	0	0	4	0	0
11	59096899	.	A	G	9	3	12	0	0	12	0	0
11	59347027	.	A	G	23	18	41	0	0	41	0	0
11	59347029	.	A	G	23	17	40	0	1	41	0	0
11	59347092	.	A	G	22	6	28	0	1	29	0	0
11	59349201	.	A	G	18	8	26	0	0	26	0	0
11	59401881	.	A	G	11	8	19	0	0	19	0	0
11	62032236	.	A	G	2	2	4	0	0	4	0	0
11	69922901	.	A	G	8	6	14	0	1	15	0	0
11	69922950	.	A	G	12	4	16	0	0	16	0	0
11	69922984	.	A	G	10	2	12	0	2	14	0	0
11	69923489	.	A	G	6	2	8	0	0	8	0	0
11	69923490	.	A	G	5	3	8	0	0	8	0	0
11	69923921	.	A	G	8	3	11	1	0	12	0	0
11	69923965	.	A	G	8	6	14	0	0	14	0	0
11	69925201	.	A	G	7	2	9	0	0	9	0	0
11	69925276	.	A	G	8	1	9	0	0	9	0	0
11	69926003	.	A	G	11	2	13	0	0	13	0	0
11	69927374	.	A	G	0	5	5	0	0	5	0	0
11	69927865	.	A	G	6	3	9	0	1	10	0	0
11	69927869	.	A	G	1	7	8	0	0	8	0	0
11	69927946	.	A	G	12	4	16	0	0	16	0	0
11	69927953	.	A	G	13	4	17	0	0	17	0	0
11	72687147	.	A	G	10	3	13	0	0	13	0	0
11	72973978	.	C	T	2	1	3	0	1	4	0	0
11	74747599	.	T	C	1	4	5	0	0	5	0	0
11	75067210	.	T	C	23	5	28	0	0	28	0	0
11	75067258	.	T	C	29	7	36	0	0	36	0	0
11	75068247	.	A	G	34	6	40	0	1	41	0	0
11	75068285	.	T	C	26	13	39	0	1	40	0	0
11	75467185	.	G	T	0	4	4	0	0	4	0	0
11	75467187	.	G	T	0	4	4	0	0	4	0	0
11	77601765	.	C	T	6	2	8	0	0	8	0	0
11	77873983	.	C	G	11	3	14	0	3	17	0	0
11	77873990	.	T	G	11	2	13	0	4	17	0	0
11	78187443	.	A	G	3	4	7	0	1	8	0	0
11	78187460	.	A	G	6	2	8	0	0	8	0	0
11	78187480	.	A	G	3	3	6	0	1	7	0	0
11	78588120	.	T	C	16	3	19	0	0	19	0	0
11	78588128	.	A	C	12	2	14	0	0	14	0	0
11	78736472	.	A	G	1	5	6	0	0	6	0	0
11	80154918	.	G	C	2	1	3	0	0	3	0	0
11	82854512	.	A	G	11	2	13	0	0	13	0	0
11	83479402	.	T	C	0	2	2	0	0	2	0	0
11	86521497	.	G	A	0	1	1	7	1	9	0	0
11	86521517	.	A	G	0	4	4	3	7	14	0	0
11	86521633	.	T	C	0	3	3	7	1	11	0	0
11	87013235	.	A	G	14	3	17	0	0	17	0	0
11	87013245	.	A	G	20	2	22	0	0	22	0	0
11	87269321	.	T	C	1	2	3	0	0	3	0	0
11	88927208	.	T	C	19	9	28	0	0	28	0	0
11	94431300	.	T	C	10	3	13	0	0	13	0	0
11	94431318	.	T	C	10	6	16	0	0	16	0	0
11	94432839	.	T	C	10	2	12	0	0	12	0	0
11	95962333	.	T	C	6	2	8	0	0	8	0	0
11	96855798	.	A	G	1	3	4	0	1	5	0	0
11	96855846	.	A	G	9	1	10	0	0	10	0	0
11	96855850	.	A	G	7	3	10	0	0	10	0	0
11	97535690	.	T	C	10	5	15	0	0	15	0	0
11	98044632	.	A	C	11	4	15	0	6	21	0	0
11	98775888	.	T	C	13	1	14	0	6	20	0	0
11	100134254	.	G	T	0	2	2	5	0	7	0	0
11	101080710	.	A	C	8	6	14	0	1	15	0	0
11	101080714	.	G	C	8	4	12	0	7	19	0	0
11	101089091	.	T	C	7	2	9	0	0	9	0	0
11	101089126	.	T	C	11	8	19	0	0	19	0	0
11	101089729	.	T	C	10	6	16	0	1	17	0	0
11	101089734	.	T	C	10	6	16	0	1	17	0	0
11	101089802	.	T	C	15	10	25	0	1	26	0	0
11	104222913	.	T	A	4	2	6	0	0	6	0	0
11	107102525	.	G	T	18	4	22	0	1	23	0	0
11	115807292	.	T	C	1	2	3	0	0	3	0	0
11	116013650	.	T	C	1	2	3	0	0	3	0	0
11	116058088	.	A	G	1	0	1	0	1	2	0	0
11	116471963	.	T	C	6	31	37	0	2	39	0	0
11	116810107	.	A	G	12	2	14	0	1	15	0	0
11	119265670	.	C	G	4	0	4	0	0	4	0	0
11	119331993	.	G	A	5	1	6	0	1	7	0	0
12	3454168	.	A	G	53	16	69	0	1	70	0	0
12	3454248	.	A	G	17	32	49	0	6	55	0	0
12	4833424	.	A	G	1	2	3	0	0	3	0	0
12	8547666	.	A	T	2	1	3	1	0	4	0	0
12	11289319	.	T	C	2	2	4	0	0	4	0	0
12	17479425	.	T	C	10	2	12	0	4	16	0	0
12	17479431	.	G	C	11	2	13	0	0	13	0	0
12	17479613	.	A	G	8	4	12	0	0	12	0	0
12	17479619	.	A	G	7	2	9	0	0	9	0	0
12	17479809	.	A	G	13	17	30	0	0	30	0	0
12	46747117	.	T	C	27	11	38	0	1	39	0	0
12	54718540	.	T	C	33	7	40	0	1	41	0	0
12	54719142	.	T	C	35	7	42	0	2	44	0	0
12	59266182	.	C	T	2	2	4	0	0	4	0	0
12	65113982	.	T	C	8	2	10	0	0	10	0	0
12	69244102	.	A	G	19	11	30	0	0	30	0	0
12	69347175	.	A	G	1	3	4	0	0	4	0	0
12	71041403	.	A	G	9	42	51	0	2	53	0	0
12	72844672	.	G	A	2	5	7	0	2	9	0	0
12	72955837	.	T	C	7	6	13	0	0	13	0	0
12	72955848	.	T	C	6	5	11	0	0	11	0	0
12	73975614	.	A	G	1	6	7	0	0	7	0	0
12	73975686	.	A	G	1	1	2	0	0	2	0	0
12	75677928	.	A	G	0	5	5	3	1	9	0	0
12	75678010	.	C	T	1	2	3	5	0	8	0	0
12	75678133	.	A	G	1	3	4	7	0	11	0	0
12	80769436	.	A	G	1	5	6	0	1	7	0	0
12	80770479	.	A	G	4	4	8	0	0	8	0	0
12	80770523	.	A	G	1	6	7	0	0	7	0	0
12	81245339	.	G	A	14	21	35	0	1	36	0	0
12	81419007	.	C	A	0	4	4	0	0	4	0	0
12	83207530	.	G	C	3	1	4	0	2	6	0	0
12	83207536	.	A	C	4	1	5	0	1	6	0	0
12	84092114	.	A	G	1	2	3	0	0	3	0	0
12	86726722	.	A	C	5	6	11	0	1	12	0	0
12	86726725	.	T	C	5	6	11	0	1	12	0	0
12	87467465	.	A	C	0	3	3	0	0	3	0	0
12	87467472	.	G	A	7	2	9	0	0	9	0	0
12	87480641	.	T	C	3	2	5	0	0	5	0	0
12	98169693	.	A	G	3	1	4	0	3	7	0	0
12	98169699	.	T	G	4	0	4	0	3	7	0	0
12	101886131	.	T	C	18	5	23	0	0	23	0	0
12	101887890	.	T	C	18	7	25	0	0	25	0	0
12	108171831	.	C	G	7	3	10	0	1	11	0	0
12	108756817	.	T	C	4	2	6	0	0	6	0	0
12	109511202	.	C	A	6	12	18	0	12	31	1	0
12	109706996	.	A	G	4	2	6	0	0	6	0	0
12	112942561	.	C	A	11	2	13	0	0	13	0	0
12	112942562	.	C	A	10	2	12	0	1	13	0	0
12	113120854	.	A	C	1	3	4	0	0	4	0	0
12	118195513	.	A	G	4	2	6	0	0	6	0	0
13	3588114	.	T	C	9	0	9	0	4	13	0	0
13	3702310	.	A	G	11	3	14	0	0	14	0	0
13	3702735	.	A	G	2	4	6	0	0	6	0	0
13	3702737	.	A	G	4	2	6	0	0	6	0	0
13	8901801	.	T	C	18	10	28	0	1	29	0	0
13	13534327	.	T	C	1	2	3	0	0	3	0	0
13	14176103	.	T	C	2	2	4	0	0	4	0	0
13	14176133	.	T	C	2	7	9	0	0	9	0	0
13	14225491	.	G	T	10	3	13	0	2	15	0	0
13	14225493	.	A	T	9	2	11	0	4	15	0	0
13	14225628	.	T	C	38	13	51	0	1	52	0	0
13	16205845	.	A	T	7	2	9	0	1	10	0	0
13	17978741	.	T	C	14	5	19	0	0	19	0	0
13	17979133	.	T	C	3	6	9	0	0	9	0	0
13	21574104	.	T	C	11	3	14	0	0	14	0	0
13	21574169	.	T	C	7	7	14	0	0	14	0	0
13	24196832	.	A	G	14	4	18	0	0	18	0	0
13	24998572	.	A	G	4	3	7	0	0	7	0	0
13	24999535	.	A	G	1	2	3	0	0	3	0	0
13	24999573	.	A	G	2	2	4	0	0	4	0	0
13	24999590	.	A	G	2	2	4	0	0	4	0	0
13	24999615	.	A	G	0	2	2	0	0	2	0	0
13	34528682	.	C	T	6	2	8	0	1	9	0	0
13	38228991	.	A	G	1	2	3	0	0	3	0	0
13	49685058	.	A	G	1	4	5	0	0	5	0	0
13	49685633	.	A	G	3	6	9	0	0	9	0	0
13	55706659	.	T	C	3	2	5	0	0	5	0	0
13	63448369	.	A	G	9	2	11	0	0	11	0	0
13	63448526	.	A	G	9	4	13	0	0	13	0	0
13	63690911	.	C	T	4	6	10	0	1	11	0	0
13	64438124	.	T	C	17	7	24	0	0	24	0	0
13	67621181	.	T	C	2	2	4	0	0	4	0	0
13	67621455	.	T	C	4	3	7	0	0	7	0	0
13	67762001	.	A	G	4	2	6	0	0	6	0	0
13	67806962	.	T	C	1	2	3	0	1	4	0	0
13	67807003	.	T	C	1	2	3	0	0	3	0	0
13	67807068	.	T	C	1	7	8	0	0	8	0	0
13	67967482	.	T	C	1	2	3	0	0	3	0	0
13	67967775	.	T	C	1	2	3	0	0	3	0	0
13	75793212	.	C	T	0	2	2	8	0	10	0	0
13	78426739	.	T	C	4	2	6	0	0	6	0	0
13	92577452	.	G	A	10	2	12	0	10	22	0	0
13	97594862	.	T	C	0	3	3	0	0	3	0	0
13	100156147	.	A	G	10	4	14	0	0	15	1	0
13	103901108	.	A	G	12	5	17	0	0	17	0	0
13	107861323	.	C	T	11	4	15	0	2	17	0	0
13	110088083	.	A	C	7	3	10	0	4	14	0	0
13	110088088	.	A	C	3	5	8	0	2	10	0	0
13	114593006	.	C	A	3	1	4	0	0	4	0	0
13	118515925	.	T	C	8	2	10	0	0	10	0	0
13	119625401	.	G	T	17	6	23	0	0	23	0	0
13	120252066	.	T	C	6	4	10	0	0	10	0	0
14	10058181	.	A	G	48	13	61	0	0	61	0	0
14	14533725	.	T	C	0	5	5	0	0	5	0	0
14	20418433	.	A	G	8	5	13	0	0	13	0	0
14	20418440	.	A	G	12	3	15	0	0	15	0	0
14	21846832	.	A	G	20	42	62	0	2	64	0	0
14	21847779	.	A	G	95	16	111	0	2	113	0	0
14	26381874	.	T	C	6	3	9	0	3	12	0	0
14	29788070	.	T	C	11	3	14	0	0	14	0	0
14	29788078	.	T	C	9	6	15	0	0	15	0	0
14	31422583	.	T	C	46	11	57	0	1	58	0	0
14	31422619	.	T	C	33	21	54	0	3	57	0	0
14	31423408	.	T	C	51	11	62	0	1	63	0	0
14	32018582	.	A	G	48	10	58	0	2	60	0	0
14	34396123	.	A	C	4	3	7	0	3	10	0	0
14	34468782	.	C	T	6	5	11	0	1	12	0	0
14	47558234	.	A	G	12	6	18	0	0	18	0	0
14	48496040	.	A	C	6	1	7	0	4	11	0	0
14	48496046	.	G	C	8	3	11	0	4	15	0	0
14	51013458	.	T	C	17	7	24	0	0	24	0	0
14	51109987	.	A	G	2	2	4	0	0	4	0	0
14	52243661	.	A	C	7	4	11	0	7	18	0	0
14	52243667	.	A	C	10	3	13	0	2	15	0	0
14	52531686	.	A	G	21	71	92	0	0	92	0	0
14	54532669	.	T	C	0	2	2	0	0	2	0	0
14	55749057	.	A	G	18	4	22	0	0	22	0	0
14	56124978	.	G	T	2	1	3	0	0	3	0	0
14	60618107	.	C	A	14	4	18	0	1	19	0	0
14	60929422	.	G	A	6	2	8	0	0	8	0	0
14	62778450	.	A	G	1	3	4	3	1	8	0	0
14	63844100	.	G	A	4	1	5	0	0	5	0	0
14	65434629	.	T	C	46	10	56	0	0	56	0	0
14	65434640	.	T	C	30	19	49	0	1	50	0	0
14	66208578	.	T	C	6	4	10	0	8	18	0	0
14	67253167	.	A	T	29	7	36	0	14	50	0	0
14	67991047	.	G	A	0	1	1	0	2	3	0	0
14	75957159	.	T	C	16	7	23	0	0	23	0	0
14	76083620	.	G	T	4	2	6	0	1	7	0	0
14	76134414	.	A	G	4	2	6	0	0	6	0	0
14	79709368	.	T	C	3	2	5	0	0	5	0	0
14	79773830	.	T	A	6	1	7	0	0	7	0	0
14	103584115	.	T	C	24	20	44	0	1	45	0	0
14	121273016	.	A	G	6	5	11	0	0	11	0	0
15	5150309	.	T	C	0	6	6	20	0	26	0	0
15	8187674	.	A	G	3	8	11	0	0	11	0	0
15	8188973	.	A	G	6	3	9	0	1	10	0	0
15	42885152	.	T	A	9	2	11	0	5	16	0	0
15	47833556	.	A	T	7	2	9	0	0	9	0	0
15	55118692	.	A	G	9	4	13	0	1	14	0	0
15	58695035	.	T	C	21	5	26	0	0	26	0	0
15	66158075	.	T	C	16	12	28	0	0	28	0	0
15	68965411	.	C	T	3	2	5	0	4	9	0	0
15	68965413	.	A	T	3	1	4	0	5	9	0	0
15	68973014	.	C	A	5	4	9	0	2	11	0	0
15	75525421	.	T	C	3	2	5	0	0	5	0	0
15	78900113	.	T	C	5	2	7	0	0	7	0	0
15	79496119	.	T	C	1	2	3	0	0	3	0	0
15	79800048	.	C	T	20	6	26	0	1	27	0	0
15	81339091	.	T	A	6	2	8	0	0	8	0	0
15	83829445	.	C	T	1	0	1	0	0	1	0	0
15	84836962	.	T	C	15	7	22	0	0	22	0	0
15	84944342	.	A	G	4	2	6	0	0	6	0	0
15	85169425	.	A	G	3	1	4	0	0	4	0	0
15	85169426	.	C	A	3	1	4	0	0	4	0	0
15	94251534	.	C	T	2	0	2	0	0	2	0	0
15	98533031	.	A	C	7	5	12	0	7	19	0	0
15	98634993	.	T	C	22	44	66	0	1	67	0	0
15	98731431	.	T	C	29	6	35	0	0	35	0	0
15	98932367	.	T	C	0	0	0	1	0	1	0	0
15	99142536	.	T	C	3	1	4	0	0	4	0	0
15	99626049	.	A	G	16	5	21	0	0	21	0	0
15	99626051	.	A	G	11	9	20	0	1	21	0	0
15	99626091	.	A	G	8	7	15	0	0	15	0	0
15	99627261	.	A	G	4	10	14	0	0	14	0	0
15	99627262	.	A	G	8	6	14	0	0	14	0	0
15	100495079	.	T	C	1	4	5	0	0	5	0	0
15	100499860	.	G	T	3	1	4	0	2	6	0	0
15	102543569	.	C	T	0	4	4	1	0	5	0	0
16	3680985	.	T	C	27	7	34	0	0	34	0	0
16	4138530	.	T	G	1	2	3	30	0	33	0	0
16	4844012	.	T	C	1	2	3	0	0	3	0	0
16	13521450	.	T	A	0	1	1	0	3	4	0	0
16	13650452	.	A	G	6	4	10	0	0	10	0	0
16	13651888	.	T	C	8	3	11	0	1	12	0	0
16	13927109	.	T	C	2	3	5	0	12	17	0	0
16	16844922	.	A	G	2	3	5	0	0	5	0	0
16	17321752	.	A	G	16	5	21	0	0	21	0	0
16	18653678	.	A	G	48	20	68	0	2	70	0	0
16	19942498	.	A	G	46	20	66	0	4	70	0	0
16	20363104	.	A	G	8	2	10	0	1	11	0	0
16	20363121	.	A	G	4	5	9	0	0	9	0	0
16	20363153	.	A	G	4	2	6	0	0	6	0	0
16	21624698	.	T	C	4	2	6	0	0	6	0	0
16	29884387	.	G	A	6	4	10	0	5	15	0	0
16	30330773	.	T	C	15	4	19	0	0	19	0	0
16	31103404	.	T	C	1	1	2	0	0	2	0	0
16	32118742	.	A	G	20	7	27	0	0	27	0	0
16	32119106	.	A	G	18	8	26	0	0	26	0	0
16	32119119	.	A	G	13	5	18	0	0	18	0	0
16	32119150	.	A	G	11	17	28	0	0	28	0	0
16	34975861	.	T	C	5	0	5	0	7	12	0	0
16	34975866	.	A	C	5	3	8	0	5	13	0	0
16	37706403	.	C	T	1	2	3	2	5	11	1	0
16	43691361	.	T	C	5	3	8	0	0	8	0	0
16	52027451	.	A	T	10	2	12	0	0	12	0	0
16	87230814	.	T	C	17	3	20	0	2	22	0	0
16	87231000	.	T	C	14	5	19	0	1	20	0	0
16	87231013	.	T	C	15	4	19	0	0	19	0	0
16	87231040	.	T	C	11	2	13	0	0	13	0	0
16	87299868	.	A	G	0	2	2	0	0	2	0	0
16	87299874	.	A	G	0	2	2	0	0	2	0	0
16	87737431	.	T	C	0	1	1	0	0	1	0	0
16	91287323	.	A	G	2	2	4	0	0	4	0	0
16	91287590	.	A	G	3	3	6	0	0	6	0	0
16	91452503	.	A	G	82	18	100	0	4	104	0	0
16	91452977	.	A	G	98	42	140	0	5	145	0	0
16	91453021	.	A	G	81	18	99	0	2	101	0	0
16	91714939	.	G	A	7	2	9	0	0	9	0	0
16	93932464	.	T	G	3	2	5	0	0	5	0	0
16	94371135	.	G	C	4	1	5	0	0	5	0	0
16	97658408	.	T	C	5	2	7	0	0	7	0	0
16	97749910	.	C	A	0	4	4	0	1	5	0	0
17	3094530	.	A	G	4	2	6	0	0	6	0	0
17	6173353	.	A	G	0	6	6	0	0	6	0	0
17	6173357	.	A	G	1	5	6	0	0	6	0	0
17	8541221	.	C	T	4	1	5	0	1	6	0	0
17	12901726	.	G	A	5	3	8	0	3	11	0	0
17	12901727	.	C	A	3	3	6	0	5	11	0	0
17	15741073	.	A	G	3	6	9	0	0	9	0	0
17	15742534	.	A	G	3	2	5	0	0	5	0	0
17	24381413	.	T	C	1	4	5	0	0	5	0	0
17	24395462	.	T	C	53	21	74	0	1	75	0	0
17	24395463	.	T	C	58	14	72	0	3	75	0	0
17	24396788	.	T	C	84	15	99	0	2	101	0	0
17	24397327	.	T	C	9	16	25	0	1	26	0	0
17	26916534	.	A	G	8	3	11	0	1	12	0	0
17	27721769	.	T	C	16	3	19	0	0	19	0	0
17	28538354	.	A	G	1	2	3	0	0	3	0	0
17	29259605	.	C	T	23	7	30	0	1	31	0	0
17	29521001	.	A	G	7	4	11	0	1	12	0	0
17	31875349	.	T	C	1	2	3	0	0	3	0	0
17	32280731	.	A	G	7	7	14	0	0	14	0	0
17	32523565	.	T	C	21	10	31	0	2	33	0	0
17	32988107	.	G	A	10	6	16	1	6	23	0	0
17	33015107	.	T	C	5	10	15	0	0	15	0	0
17	33015115	.	T	C	10	4	14	0	0	14	0	0
17	33015482	.	T	C	12	5	17	0	0	17	0	0
17	33015497	.	T	C	13	4	17	0	0	17	0	0
17	33038156	.	T	C	18	10	28	0	4	32	0	0
17	33038160	.	T	C	24	6	30	0	5	35	0	0
17	33552004	.	T	C	17	9	26	0	0	26	0	0
17	33904744	.	T	C	3	2	5	0	0	5	0	0
17	33906273	.	T	C	2	3	5	0	1	6	0	0
17	33966501	.	T	C	33	8	41	0	6	47	0	0
17	34147531	.	A	G	13	11	24	0	0	24	0	0
17	35555021	.	C	T	0	1	1	0	0	1	0	0
17	36168626	.	A	G	11	4	15	0	1	16	0	0
17	36169512	.	A	G	4	6	10	0	0	10	0	0
17	36169527	.	A	G	4	7	11	0	0	11	0	0
17	36317455	.	T	C	4	4	8	0	1	9	0	0
17	36317456	.	T	C	3	5	8	0	1	9	0	0
17	40158498	.	T	C	3461	4605	8066	0	157	8547	324	0
17	40159543	.	T	C	21	228	249	0	7	256	0	0
17	45973875	.	T	C	12	29	41	0	7	48	0	0
17	46727643	.	A	G	5	2	7	0	0	7	0	0
17	46727656	.	A	G	6	1	7	0	0	7	0	0
17	47085856	.	T	C	30	11	41	1	1	43	0	0
17	47085857	.	T	C	30	10	40	1	2	43	0	0
17	47991775	.	G	A	6	2	8	0	1	9	0	0
17	47996812	.	T	C	1	2	3	0	1	4	0	0
17	50586902	.	G	A	6	2	8	0	0	8	0	0
17	52166231	.	A	G	3	2	5	0	0	5	0	0
17	80352912	.	T	C	3	3	6	0	0	6	0	0
17	95064364	.	T	C	7	5	12	0	2	14	0	0
17	95067396	.	T	C	18	9	27	0	0	27	0	0
17	95067479	.	T	C	21	24	45	0	0	45	0	0
17	95123375	.	T	C	1	3	4	0	2	6	0	0
18	6792802	.	A	G	21	4	25	0	1	26	0	0
18	6793749	.	A	G	28	6	34	0	1	35	0	0
18	10813843	.	A	G	102	17	119	0	0	119	0	0
18	21261539	.	C	T	8	3	11	0	2	13	0	0
18	24097917	.	A	G	9	4	13	0	0	13	0	0
18	24098457	.	A	G	7	3	10	0	0	10	0	0
18	32235595	.	A	G	8	11	19	0	0	19	0	0
18	32235643	.	A	G	12	11	23	0	0	23	0	0
18	32235652	.	A	G	3	16	19	0	0	19	0	0
18	32235928	.	A	G	5	1	6	0	0	6	0	0
18	32235930	.	A	G	4	2	6	0	0	6	0	0
18	32235981	.	A	G	4	5	9	0	0	9	0	0
18	32236019	.	A	G	11	6	17	0	1	18	0	0
18	32561134	.	A	G	34	13	47	0	0	47	0	0
18	34998034	.	G	A	1	4	5	0	1	6	0	0
18	35743341	.	A	G	10	2	12	0	1	13	0	0
18	35807413	.	T	C	92	19	111	0	1	112	0	0
18	36810977	.	T	A	3	1	4	0	3	7	0	0
18	38596801	.	A	G	0	3	3	0	0	3	0	0
18	38719360	.	A	G	3	1	4	0	1	5	0	0
18	45021385	.	A	G	34	7	41	0	1	42	0	0
18	54117879	.	A	G	0	2	2	0	0	2	0	0
18	57089576	.	T	C	9	12	21	0	0	21	0	0
18	61328635	.	T	C	7	2	9	0	1	10	0	0
18	62794785	.	A	G	4	4	8	0	0	8	0	0
18	62794805	.	A	G	7	3	10	0	0	10	0	0
18	65610148	.	A	G	4	5	9	0	0	9	0	0
18	65610162	.	A	G	6	6	12	0	0	12	0	0
18	69820615	.	G	T	22	6	28	0	4	32	0	0
18	77049341	.	T	C	3	2	5	0	0	5	0	0
18	77062550	.	A	G	10	21	31	0	0	31	0	0
18	77062557	.	A	G	22	8	30	0	1	31	0	0
18	78798296	.	C	T	8	2	10	0	0	10	0	0
18	84029904	.	C	T	4	2	6	0	1	7	0	0
18	84029905	.	A	T	4	0	4	0	3	7	0	0
19	3916222	.	A	G	11	3	14	0	1	15	0	0
19	3916385	.	A	G	12	4	16	0	0	16	0	0
19	3917362	.	A	G	5	2	7	0	1	8	0	0
19	4325587	.	T	C	2	2	4	0	0	4	0	0
19	4368397	.	A	G	7	5	12	0	12	24	0	0
19	4811104	.	T	C	7	2	9	0	0	9	0	0
19	4811133	.	T	C	9	2	11	0	0	11	0	0
19	4813117	.	T	C	2	5	7	0	1	8	0	0
19	5015429	.	A	G	4	4	8	0	0	8	0	0
19	5016322	.	A	G	1	2	3	0	1	4	0	0
19	7515480	.	A	G	25	9	34	0	0	34	0	0
19	8660724	.	A	G	20	5	25	0	1	26	0	0
19	8900133	.	A	G	2	2	4	0	0	4	0	0
19	8900145	.	A	G	2	2	4	0	0	4	0	0
19	9193768	.	A	G	2	4	6	0	0	6	0	0
19	10223060	.	T	C	43	86	129	0	5	134	0	0
19	21262420	.	T	C	4	3	7	0	0	7	0	0
19	24853110	.	A	T	5	0	5	0	1	6	0	0
19	29583343	.	G	A	17	4	21	0	2	23	0	0
19	41261230	.	C	T	1	2	3	0	0	3	0	0
19	42181800	.	A	C	8	2	10	0	4	14	0	0
19	42181806	.	A	C	11	1	12	0	5	17	0	0
19	43429601	.	A	G	21	16	37	0	0	37	0	0
19	43429686	.	A	G	35	6	41	0	1	42	0	0
19	43429753	.	A	G	46	9	55	0	1	56	0	0
19	44203975	.	A	T	1	1	2	0	0	2	0	0
19	44203976	.	T	C	1	1	2	0	0	2	0	0
19	44993669	.	T	C	67	10	77	0	2	79	0	0
19	47071354	.	G	T	2	2	4	0	0	4	0	0
19	47071357	.	G	T	2	1	3	0	1	4	0	0
2	3781955	.	C	T	5	3	8	0	2	10	0	0
2	13016231	.	C	T	26	4	30	0	8	38	0	0
2	14152860	.	A	G	30	7	37	0	1	38	0	0
2	14153492	.	A	G	1	12	13	0	1	14	0	0
2	14153493	.	A	G	4	9	13	0	1	14	0	0
2	14153560	.	A	G	6	6	12	0	0	12	0	0
2	14153568	.	A	G	8	7	15	0	0	15	0	0
2	14967507	.	G	A	1	1	2	0	1	3	0	0
2	17401950	.	T	C	1	0	1	0	0	1	0	0
2	18219468	.	T	C	12	4	16	0	1	17	0	0
2	18219472	.	T	C	11	5	16	0	0	16	0	0
2	22477570	.	T	C	0	2	2	0	0	2	0	0
2	22478316	.	A	G	0	1	1	0	0	1	0	0
2	22478326	.	G	T	0	1	1	0	0	1	0	0
2	22478526	.	A	G	0	2	2	5	0	7	0	0
2	22478637	.	A	G	0	1	1	6	0	7	0	0
2	22478823	.	G	A	0	1	1	0	1	2	0	0
2	22478964	.	T	C	0	1	1	0	0	1	0	0
2	22479057	.	T	C	0	0	0	0	1	1	0	0
2	22479192	.	C	T	0	1	1	1	3	5	0	0
2	22479435	.	G	A	0	2	2	0	0	2	0	0
2	24849470	.	T	G	2	1	3	0	1	4	0	0
2	24940050	.	T	C	4	1	5	0	0	5	0	0
2	26271752	.	A	G	4	3	7	0	0	7	0	0
2	26271758	.	A	G	6	2	8	0	0	8	0	0
2	26278314	.	A	G	0	3	3	0	0	3	0	0
2	26846568	.	T	C	5	4	9	0	0	9	0	0
2	27153718	.	T	C	4	4	8	0	0	8	0	0
2	30174243	.	A	T	4	3	7	0	0	7	0	0
2	30920955	.	T	C	19	6	25	0	2	27	0	0
2	31505906	.	A	G	9	2	11	0	0	11	0	0
2	32175476	.	T	C	3	2	5	0	0	5	0	0
2	32196762	.	A	G	80	15	95	0	0	95	0	0
2	38614156	.	T	C	6	2	8	0	0	8	0	0
2	38615418	.	T	C	8	2	10	0	0	10	0	0
2	38901977	.	A	G	11	2	13	0	0	13	0	0
2	38903117	.	T	C	6	1	7	0	0	7	0	0
2	40445910	.	G	T	0	6	6	3	0	9	0	0
2	40445978	.	T	C	0	3	3	2	1	6	0	0
2	40446129	.	C	G	0	3	3	7	0	10	0	0
2	50082793	.	G	A	22	3	25	0	8	33	0	0
2	50082797	.	G	A	24	7	31	0	4	35	0	0
2	53974350	.	A	C	18	6	24	0	15	39	0	0
2	55005781	.	C	T	12	6	18	0	2	20	0	0
2	55005783	.	G	T	10	5	15	0	5	20	0	0
2	67952998	.	A	T	2	16	18	0	0	18	0	0
2	73265342	.	T	G	8	1	9	0	3	12	0	0
2	79157082	.	A	G	4	1	5	0	0	5	0	0
2	80668540	.	G	A	0	2	2	2	1	5	0	0
2	91043632	.	A	G	47	14	61	0	2	63	0	0
2	91044358	.	A	G	33	4	37	0	3	40	0	0
2	91064732	.	T	C	4	4	8	0	1	9	0	0
2	91064743	.	T	C	6	5	11	0	0	11	0	0
2	91551767	.	A	G	2	2	4	0	0	4	0	0
2	102612558	.	T	A	18	59	77	0	12	89	0	0
2	104511117	.	T	C	31	6	37	0	1	38	0	0
2	112185846	.	A	G	5	5	10	0	0	10	0	0
2	118700734	.	A	G	3	2	5	0	0	5	0	0
2	118700746	.	A	G	5	1	6	0	0	6	0	0
2	119870893	.	A	G	2	2	4	0	0	4	0	0
2	120564258	.	T	C	33	29	62	0	1	63	0	0
2	120564286	.	T	C	60	13	73	0	3	76	0	0
2	120564302	.	T	C	40	25	65	0	1	66	0	0
2	121015462	.	A	G	3	3	6	0	0	6	0	0
2	121178337	.	T	C	4	2	6	0	0	6	0	0
2	121374228	.	A	G	1	3	4	0	0	4	0	0
2	121374748	.	A	G	7	2	9	0	0	9	0	0
2	121374751	.	A	G	7	2	9	0	0	9	0	0
2	121374820	.	A	G	2	4	6	0	0	6	0	0
2	121374834	.	A	G	6	3	9	0	0	9	0	0
2	124966337	.	A	G	3	2	5	0	0	5	0	0
2	126733384	.	T	C	16	6	22	0	0	22	0	0
2	126733408	.	T	C	12	4	16	0	1	17	0	0
2	126733437	.	T	C	16	5	21	0	0	21	0	0
2	126734766	.	T	C	7	9	16	0	0	16	0	0
2	126734771	.	T	C	15	3	18	0	0	18	0	0
2	126734836	.	T	C	23	14	37	0	0	37	0	0
2	126756852	.	T	C	2	2	4	0	0	4	0	0
2	127126729	.	A	G	4	2	6	0	1	7	0	0
2	130396840	.	A	G	6	16	22	0	0	22	0	0
2	130397973	.	A	G	2	3	5	0	0	5	0	0
2	131141887	.	A	C	5	4	9	0	3	12	0	0
2	132151800	.	A	G	63	392	455	0	7	462	0	0
2	132708129	.	A	T	13	6	19	0	1	20	0	0
2	132708131	.	G	T	12	5	17	0	3	20	0	0
2	135924771	.	A	T	18	3	21	0	5	26	0	0
2	149585561	.	T	C	0	1	1	0	0	1	0	0
2	149585866	.	C	A	0	1	1	0	0	1	0	0
2	149585867	.	G	A	0	1	1	0	0	1	0	0
2	149585919	.	C	T	0	2	2	0	0	2	0	0
2	151353222	.	G	A	2	2	4	0	0	4	0	0
2	152114942	.	A	G	2	6	8	0	0	8	0	0
2	153051040	.	C	A	5	6	11	0	24	42	7	0
2	153459246	.	T	C	1	6	7	0	0	7	0	0
2	153460309	.	T	C	8	5	13	0	0	13	0	0
2	154379850	.	A	G	41	13	54	0	0	54	0	0
2	154428255	.	T	C	6	2	8	0	0	8	0	0
2	156563781	.	A	C	18	6	24	0	4	28	0	0
2	157400060	.	T	C	80	25	105	0	1	106	0	0
2	157400069	.	T	C	60	34	94	0	3	97	0	0
2	158219451	.	A	G	7	3	10	0	0	10	0	0
2	158220838	.	A	G	22	7	29	0	0	29	0	0
2	158225545	.	A	G	466	98	564	0	7	571	0	0
2	158226873	.	A	G	135	512	647	0	32	679	0	0
2	163309459	.	T	C	11	7	18	0	2	20	0	0
2	164306821	.	G	A	14	11	25	0	6	31	0	0
2	164953773	.	T	C	47	15	62	0	2	64	0	0
2	166408278	.	A	G	20	8	28	0	0	28	0	0
2	167450245	.	A	T	1	2	3	0	0	3	0	0
2	168055452	.	T	C	7	2	9	0	0	9	0	0
2	169913246	.	A	G	9	3	12	0	2	14	0	0
2	169913263	.	A	G	2	8	10	0	1	11	0	0
2	169913325	.	A	G	2	5	7	0	0	7	0	0
2	169913344	.	A	G	1	3	4	0	0	4	0	0
2	169913421	.	A	G	8	3	11	0	0	11	0	0
2	170305490	.	T	C	0	3	3	19	0	22	0	0
2	174169694	.	A	G	73	28	101	0	0	101	0	0
3	9494242	.	T	C	14	2	16	0	6	22	0	0
3	9494248	.	G	C	13	5	18	0	5	23	0	0
3	19187599	.	C	T	44	13	57	0	12	69	0	0
3	32519249	.	G	A	7	10	17	0	5	22	0	0
3	32566339	.	A	G	4	3	7	0	1	8	0	0
3	32636549	.	T	C	12	4	16	0	1	17	0	0
3	36146600	.	A	G	1	3	4	0	0	4	0	0
3	38940568	.	G	A	5	2	7	0	0	7	0	0
3	57551908	.	T	C	1	3	4	0	0	4	0	0
3	65866372	.	A	G	7	2	9	0	0	9	0	0
3	65868019	.	A	G	9	2	11	0	0	11	0	0
3	80599593	.	T	C	10	49	59	0	1	60	0	0
3	80613850	.	T	C	25	7	32	0	0	32	0	0
3	80614215	.	T	C	134	62	196	0	1	197	0	0
3	87814274	.	A	G	2	1	3	0	4	7	0	0
3	87814276	.	C	G	3	0	3	0	4	7	0	0
3	88259488	.	A	G	2	8	10	0	0	10	0	0
3	88259498	.	A	G	1	7	8	0	0	8	0	0
3	88878000	.	A	G	0	2	2	0	0	2	0	0
3	89090052	.	G	A	7	2	9	0	4	13	0	0
3	89221460	.	C	T	22	2	24	0	5	29	0	0
3	89261066	.	A	C	2	3	5	0	0	5	0	0
3	89967701	.	A	G	4	1	5	0	2	7	0	0
3	89967924	.	A	G	1	3	4	0	0	4	0	0
3	90389599	.	A	G	2	2	4	0	0	4	0	0
3	94927231	.	A	G	1	2	3	0	0	3	0	0
3	95089973	.	G	A	9	3	12	0	2	14	0	0
3	95090872	.	T	C	4	3	7	0	0	7	0	0
3	95090893	.	T	C	2	3	5	0	0	5	0	0
3	95244966	.	A	G	5	2	7	0	0	7	0	0
3	96127520	.	T	C	2	2	4	0	1	5	0	0
3	96539776	.	A	G	6	17	23	0	3	26	0	0
3	96540029	.	A	G	33	5	38	0	1	39	0	0
3	97830562	.	T	C	19	5	24	0	0	24	0	0
3	101483698	.	G	C	12	23	35	0	31	66	0	0
3	101483703	.	G	C	35	16	51	0	30	81	0	0
3	102973406	.	A	G	66	15	81	0	1	82	0	0
3	104835351	.	A	G	5	5	10	0	1	11	0	0
3	104835352	.	A	G	7	4	11	0	0	11	0	0
3	104835398	.	A	G	7	3	10	0	0	10	0	0
3	104835413	.	A	G	6	3	9	0	0	9	0	0
3	108341768	.	T	C	4	2	6	0	0	6	0	0
3	109074223	.	T	C	2	2	4	0	0	4	0	0
3	110050717	.	C	T	10	6	16	0	3	19	0	0
3	116715507	.	G	T	2	2	4	0	1	5	0	0
3	122426602	.	G	T	4	2	6	0	0	6	0	0
3	129430345	.	T	C	12	5	17	0	5	22	0	0
3	130414772	.	T	C	3	1	4	0	0	4	0	0
3	135112631	.	T	C	68	11	79	0	0	79	0	0
3	135256851	.	T	C	3	0	3	0	0	3	0	0
3	138264863	.	A	G	13	4	17	0	0	17	0	0
3	138265030	.	A	G	12	3	15	0	0	15	0	0
3	146435333	.	A	T	3	2	5	0	0	5	0	0
3	151505238	.	A	G	1	2	3	0	0	3	0	0
4	3831940	.	T	A	6	2	8	0	1	9	0	0
4	9576791	.	G	A	11	4	15	0	2	17	0	0
4	14914453	.	G	T	8	1	9	0	4	13	0	0
4	14914456	.	A	T	8	2	10	0	4	14	0	0
4	15918713	.	G	A	3	2	5	0	1	6	0	0
4	21834791	.	A	G	11	13	24	0	2	26	0	0
4	21836550	.	A	G	43	12	55	0	0	55	0	0
4	21911309	.	A	G	30	6	36	0	0	36	0	0
4	21911667	.	A	G	9	7	16	0	0	16	0	0
4	21911675	.	A	G	9	4	13	0	2	15	0	0
4	21911886	.	A	G	17	3	20	0	0	20	0	0
4	33019420	.	A	G	115	38	153	0	3	156	0	0
4	33020417	.	A	G	71	84	155	0	2	157	0	0
4	41518514	.	T	C	208	45	253	0	8	261	0	0
4	44138867	.	G	A	3	1	4	0	0	4	0	0
4	56870144	.	T	C	9	6	15	0	0	15	0	0
4	56870174	.	T	C	12	3	15	0	1	16	0	0
4	56870260	.	T	C	16	3	19	0	1	20	0	0
4	56875732	.	T	C	10	2	12	0	1	13	0	0
4	62371673	.	T	C	5	3	8	0	0	8	0	0
4	69844043	.	C	T	0	3	3	12	1	16	0	0
4	75860914	.	G	T	4	6	10	0	2	12	0	0
4	75863042	.	G	T	25	6	31	0	5	36	0	0
4	86495344	.	G	T	89	14	103	0	3	106	0	0
4	98000244	.	G	T	5	1	6	0	2	8	0	0
4	98000254	.	G	T	5	2	7	0	1	8	0	0
4	103021909	.	A	G	18	6	24	0	1	25	0	0
4	108198313	.	A	G	8	5	13	0	0	13	0	0
4	108491569	.	T	C	7	2	9	0	0	9	0	0
4	118484005	.	A	G	9	34	43	0	0	43	0	0
4	118484072	.	A	G	29	12	41	0	1	42	0	0
4	119135361	.	C	T	28	43	71	0	44	115	0	0
4	124837078	.	A	G	16	12	28	0	1	29	0	0
4	124837084	.	A	G	20	8	28	0	0	28	0	0
4	124838094	.	A	G	12	12	24	0	0	24	0	0
4	124838169	.	A	G	15	5	20	0	0	20	0	0
4	125982775	.	A	G	13	4	17	0	0	17	0	0
4	125982944	.	A	G	8	9	17	0	0	17	0	0
4	125982989	.	A	G	11	3	14	0	0	14	0	0
4	125985065	.	A	G	4	3	7	0	0	7	0	0
4	125985112	.	A	G	9	7	16	0	0	16	0	0
4	125985458	.	A	G	20	4	24	0	0	25	1	0
4	126929461	.	G	T	12	10	22	0	1	23	0	0
4	129041803	.	A	G	4	3	7	0	0	7	0	0
4	129062418	.	T	C	2	2	4	0	0	4	0	0
4	129074340	.	T	C	0	4	4	0	0	4	0	0
4	129107038	.	A	G	1	4	5	0	0	5	0	0
4	131676507	.	A	G	14	4	18	0	1	19	0	0
4	131839586	.	T	C	17	3	20	0	0	20	0	0
4	131947614	.	C	T	0	1	1	0	0	1	0	0
4	131947714	.	C	T	0	2	2	3	0	5	0	0
4	134289009	.	A	G	1	2	3	0	0	3	0	0
4	137954261	.	A	G	9	3	12	0	0	12	0	0
4	137987341	.	A	G	90	22	112	0	2	114	0	0
4	137987354	.	A	G	65	40	105	0	1	106	0	0
4	138184300	.	A	G	2	4	6	0	0	6	0	0
4	138184311	.	T	A	8	1	9	0	0	9	0	0
4	140677387	.	A	C	8	6	14	0	3	17	0	0
4	140678893	.	A	G	10	4	14	0	0	14	0	0
4	144314687	.	A	G	7	0	7	2	0	9	0	0
4	147907712	.	T	C	5	2	7	0	0	7	0	0
4	147907715	.	T	C	4	2	6	0	0	6	0	0
4	147907757	.	T	C	0	1	1	0	0	1	0	0
4	147907775	.	T	C	4	3	7	0	0	7	0	0
4	147907821	.	T	C	8	3	11	0	0	11	0	0
4	148140817	.	A	G	12	4	16	0	0	16	0	0
4	148163513	.	T	C	11	2	13	0	0	13	0	0
4	149202586	.	A	G	36	13	49	0	1	50	0	0
4	149203211	.	A	G	20	14	34	0	0	34	0	0
4	149552818	.	T	C	1	3	4	0	0	4	0	0
4	149553915	.	T	C	2	2	4	0	0	4	0	0
4	155706828	.	A	G	12	13	25	1	4	30	0	0
4	155800341	.	A	G	20	5	25	0	0	25	0	0
4	155800935	.	A	G	7	8	15	0	0	15	0	0
4	155800938	.	A	G	7	6	13	0	1	14	0	0
4	155800978	.	A	G	15	3	18	0	0	18	0	0
4	155926439	.	G	A	9	2	11	0	0	11	0	0
4	156095123	.	A	G	81	82	163	0	1	164	0	0
4	156105020	.	T	C	2	2	4	0	0	4	0	0
4	156105693	.	T	C	7	2	9	0	0	9	0	0
4	156294001	.	A	G	9	2	11	0	0	11	0	0
4	156294088	.	A	G	2	2	4	0	0	4	0	0
4	156321772	.	T	C	6	2	8	0	0	8	0	0
5	3680498	.	T	C	8	5	13	0	0	13	0	0
5	5832991	.	C	G	11	0	11	4	2	17	0	0
5	5833142	.	A	G	0	7	7	3	2	12	0	0
5	5833442	.	T	C	0	4	4	5	0	9	0	0
5	9205854	.	A	G	2	2	4	0	0	4	0	0
5	9207583	.	T	A	7	2	9	0	0	9	0	0
5	22733550	.	C	T	1	10	11	3	0	14	0	0
5	22930275	.	T	C	0	4	4	0	0	4	0	0
5	22930972	.	G	A	0	2	2	14	0	16	0	0
5	24649804	.	T	C	10	26	36	0	1	37	0	0
5	24649822	.	T	C	22	9	31	0	3	34	0	0
5	25430722	.	A	G	9	2	11	0	1	12	0	0
5	25895953	.	T	C	9	2	11	0	0	11	0	0
5	26212431	.	A	G	2	2	4	0	0	4	0	0
5	26212434	.	G	C	2	2	4	0	0	4	0	0
5	29658129	.	A	G	1	5	6	0	0	6	0	0
5	31330824	.	T	C	7	3	10	0	0	10	0	0
5	33149755	.	A	G	9	2	11	0	0	11	0	0
5	33151062	.	T	A	10	8	18	0	0	18	0	0
5	33572684	.	A	G	2	2	4	0	0	4	0	0
5	33572751	.	A	G	3	2	5	0	0	5	0	0
5	33573281	.	A	G	2	4	6	0	0	6	0	0
5	33573872	.	A	G	11	3	14	0	0	14	0	0
5	33573900	.	A	G	3	5	8	0	0	8	0	0
5	33575741	.	A	G	6	2	8	0	0	8	0	0
5	33575750	.	A	G	6	4	10	0	0	10	0	0
5	33760477	.	T	C	2	2	4	0	0	4	0	0
5	34333308	.	C	T	7	6	13	0	4	17	0	0
5	34333313	.	C	T	12	2	14	0	5	19	0	0
5	36157689	.	C	T	5	2	7	0	0	7	0	0
5	65605388	.	T	C	67	22	89	0	1	90	0	0
5	65605389	.	T	C	51	35	86	0	4	90	0	0
5	72315534	.	A	G	10	4	14	0	1	15	0	0
5	77555578	.	T	C	8	20	28	0	0	28	0	0
5	88790546	.	C	A	2	3	5	0	0	5	0	0
5	91909028	.	A	G	0	2	2	0	0	2	0	0
5	104137641	.	A	G	4	3	7	0	0	7	0	0
5	110081429	.	C	T	6	2	8	0	0	8	0	0
5	110081431	.	C	T	6	1	7	0	1	8	0	0
5	115241332	.	T	C	0	3	3	13	0	16	0	0
5	117342760	.	A	G	2	1	3	0	0	3	0	0
5	117378654	.	A	C	3	4	7	0	2	9	0	0
5	117378659	.	A	C	3	5	8	0	1	9	0	0
5	118199940	.	G	A	2	2	4	0	0	4	0	0
5	118330645	.	A	G	9	4	13	0	8	21	0	0
5	121941617	.	A	G	0	3	3	0	0	3	0	0
5	122943915	.	C	T	3	2	5	0	0	5	0	0
5	123078795	.	T	C	3	2	5	0	0	5	0	0
5	123386729	.	A	G	24	12	36	0	1	37	0	0
5	123879315	.	T	C	8	12	20	0	0	20	0	0
5	125533669	.	A	G	27	94	121	0	1	122	0	0
5	125533970	.	A	G	55	15	70	0	3	73	0	0
5	125534541	.	A	G	51	45	96	0	3	99	0	0
5	129797823	.	A	G	12	12	24	0	2	26	0	0
5	129798517	.	A	G	22	6	28	0	0	28	0	0
5	130162916	.	A	G	1	2	3	0	0	3	0	0
5	131336191	.	A	C	12	2	14	0	9	23	0	0
5	131466314	.	C	T	0	1	1	0	1	2	0	0
5	135192126	.	A	G	12	3	15	0	0	15	0	0
5	135437709	.	T	C	19	15	34	0	0	34	0	0
5	135437715	.	T	C	25	7	32	0	0	32	0	0
5	135665678	.	A	G	4	2	6	0	0	6	0	0
5	135667285	.	T	C	5	2	7	0	0	7	0	0
5	135897091	.	A	G	5	2	7	0	0	7	0	0
5	136941953	.	A	G	88	31	119	1	4	124	0	0
5	137336149	.	T	C	4	2	6	0	0	6	0	0
5	137336165	.	T	C	3	3	6	0	0	6	0	0
5	138983558	.	A	C	5	3	8	0	0	8	0	0
5	140606797	.	C	G	13	8	21	0	6	27	0	0
5	140606802	.	T	G	14	5	19	0	13	32	0	0
5	142472372	.	A	G	4	2	6	0	0	6	0	0
5	142655047	.	A	G	106	32	138	0	2	141	1	0
5	142855980	.	T	C	2	3	5	0	0	5	0	0
5	143382050	.	A	G	5	4	9	0	0	9	0	0
5	143382388	.	A	G	4	3	7	0	0	7	0	0
5	143751066	.	A	G	12	3	15	0	0	15	0	0
5	143883169	.	A	G	1	4	5	0	0	5	0	0
5	145126825	.	T	C	0	3	3	0	0	3	0	0
5	148269115	.	G	C	12	16	28	0	1	29	0	0
6	8458826	.	T	C	1	4	5	0	0	5	0	0
6	12041543	.	T	A	10	14	24	1	1	26	0	0
6	25689644	.	G	A	38	21	59	0	1	60	0	0
6	31489086	.	A	G	10	8	18	0	0	18	0	0
6	31492602	.	A	G	6	8	14	0	6	20	0	0
6	34751192	.	A	C	5	2	7	0	6	13	0	0
6	34751198	.	A	C	7	5	12	0	1	13	0	0
6	37308218	.	A	G	10	2	12	0	0	12	0	0
6	37783131	.	C	T	0	2	2	6	1	9	0	0
6	37847782	.	A	G	18	4	22	0	0	22	0	0
6	39584626	.	G	A	2	3	5	0	5	10	0	0
6	47279247	.	G	T	5	0	5	0	7	12	0	0
6	47279250	.	A	T	7	0	7	0	5	12	0	0
6	47848373	.	A	G	6	7	13	0	0	13	0	0
6	47922866	.	G	A	3	2	5	0	0	5	0	0
6	47924455	.	A	G	1	2	3	0	0	3	0	0
6	48375235	.	A	G	3	3	6	0	0	6	0	0
6	49233358	.	T	C	13	5	18	0	2	20	0	0
6	49237955	.	T	C	19	8	27	0	0	27	0	0
6	49237956	.	T	C	18	8	26	0	1	27	0	0
6	57994575	.	C	T	0	3	3	2	2	7	0	0
6	66517065	.	A	G	8	4	12	0	0	12	0	0
6	66517625	.	A	G	7	13	20	0	0	20	0	0
6	66517635	.	A	G	14	4	18	0	0	18	0	0
6	66517775	.	A	G	16	5	21	0	0	21	0	0
6	67182821	.	C	T	0	2	2	7	0	9	0	0
6	72584973	.	T	C	7	2	9	0	0	9	0	0
6	81938595	.	G	T	0	2	2	0	0	2	0	0
6	81938596	.	G	T	0	2	2	0	0	2	0	0
6	84550840	.	A	G	5	2	7	0	4	11	0	0
6	84789875	.	G	C	0	1	1	0	0	1	0	0
6	84790053	.	T	G	0	3	3	0	0	3	0	0
6	85932353	.	T	C	10	6	16	0	2	18	0	0
6	86391922	.	A	G	3	4	7	0	0	7	0	0
6	86558654	.	A	C	1	2	3	0	0	3	0	0
6	96010078	.	C	T	1	2	3	0	0	3	0	0
6	115782470	.	A	G	5	2	7	0	0	7	0	0
6	119458903	.	C	A	2	10	12	0	3	15	0	0
6	124716628	.	T	C	8	4	12	0	1	13	0	0
6	124787015	.	A	G	1	10	11	0	0	11	0	0
6	124787022	.	T	G	1	10	11	0	0	11	0	0
6	126619121	.	T	C	54	29	83	0	1	84	0	0
6	128338757	.	T	C	1	3	4	0	0	4	0	0
6	134829699	.	A	G	1	2	3	0	0	3	0	0
6	134963025	.	A	G	5	2	7	0	0	7	0	0
6	138399546	.	A	G	21	5	26	0	2	28	0	0
6	138399548	.	G	A	16	7	23	0	5	28	0	0
7	3463600	.	A	G	108	25	133	0	6	139	0	0
7	4467846	.	T	C	4	2	6	0	0	6	0	0
7	6357880	.	A	G	0	5	5	0	0	5	0	0
7	6357890	.	A	G	1	4	5	0	0	5	0	0
7	6967909	.	A	G	5	4	9	0	1	10	0	0
7	6967925	.	A	G	5	5	10	0	0	10	0	0
7	6968013	.	A	G	7	5	12	0	0	12	0	0
7	6968063	.	T	G	7	6	13	0	1	14	0	0
7	6969513	.	A	G	4	17	21	0	1	22	0	0
7	12600489	.	T	C	1	1	2	0	0	2	0	0
7	12706114	.	A	G	8	2	10	0	0	10	0	0
7	12707543	.	A	G	4	3	7	0	0	7	0	0
7	12707548	.	A	G	4	3	7	0	0	7	0	0
7	15864164	.	G	C	3	2	5	0	6	11	0	0
7	15864170	.	T	C	3	4	7	0	3	10	0	0
7	16515475	.	T	A	5	2	7	0	0	7	0	0
7	16571326	.	A	G	0	7	7	0	0	7	0	0
7	16619272	.	A	G	8	36	44	0	0	44	0	0
7	16619714	.	A	G	62	25	87	0	4	91	0	0
7	16829094	.	A	G	0	8	8	0	0	8	0	0
7	18590576	.	G	A	0	3	3	0	0	3	0	0
7	18696483	.	T	C	20	13	33	0	4	37	0	0
7	18699082	.	T	A	0	6	6	0	0	6	0	0
7	18873686	.	T	C	12	2	14	0	0	14	0	0
7	18873733	.	T	C	6	3	9	0	0	9	0	0
7	18873753	.	T	C	9	4	13	0	0	13	0	0
7	18874250	.	T	C	15	3	18	0	0	18	0	0
7	18874314	.	T	C	22	5	27	0	0	27	0	0
7	19086180	.	G	T	0	2	2	0	0	2	0	0
7	19638449	.	T	A	2	7	9	0	0	9	0	0
7	19638461	.	T	A	5	3	8	0	0	8	0	0
7	23840839	.	A	G	7	2	9	0	0	9	0	0
7	23905234	.	G	A	1	1	2	0	0	2	0	0
7	23927948	.	G	C	5	0	5	0	0	5	0	0
7	23975294	.	A	G	0	3	3	2	0	5	0	0
7	24710068	.	T	C	61	15	76	0	0	76	0	0
7	24710075	.	T	C	49	17	66	0	2	68	0	0
7	24901198	.	C	T	0	8	8	0	0	8	0	0
7	25014770	.	T	C	3	1	4	0	0	4	0	0
7	26904992	.	A	G	12	2	14	0	0	14	0	0
7	26904993	.	A	G	1	13	14	0	0	14	0	0
7	26905060	.	A	G	10	6	16	0	0	16	0	0
7	27520956	.	A	G	8	9	17	0	0	17	0	0
7	27521381	.	A	G	6	2	8	0	0	8	0	0
7	27583150	.	C	G	0	1	1	0	1	2	0	0
7	27663471	.	G	A	2	3	5	1	0	6	0	0
7	27663507	.	T	C	4	3	7	0	1	8	0	0
7	27663582	.	A	G	1	4	5	0	0	5	0	0
7	27663968	.	C	T	1	5	6	2	1	9	0	0
7	27674221	.	G	A	1	1	2	0	0	2	0	0
7	28723647	.	T	C	1	4	5	0	0	5	0	0
7	28922504	.	T	C	9	4	13	0	0	13	0	0
7	28922548	.	T	C	3	2	5	0	0	5	0	0
7	28922570	.	T	C	5	3	8	0	1	9	0	0
7	29016713	.	C	T	4	3	7	0	1	8	0	0
7	29016714	.	C	T	4	3	7	0	1	8	0	0
7	29533496	.	T	C	1	3	4	0	0	4	0	0
7	29533520	.	A	G	1	3	4	0	0	4	0	0
7	29879560	.	A	G	22	4	26	0	0	26	0	0
7	30147085	.	T	G	0	2	2	0	1	3	0	0
7	30170582	.	C	G	0	0	0	0	1	1	0	0
7	30170598	.	T	C	0	1	1	0	0	1	0	0
7	30353398	.	A	G	1	0	1	0	0	1	0	0
7	30445266	.	C	G	1	9	10	0	1	11	0	0
7	35090723	.	A	G	4	4	8	0	0	8	0	0
7	35090726	.	A	G	5	3	8	0	0	8	0	0
7	43174884	.	T	C	5	3	8	0	0	8	0	0
7	45032973	.	T	C	9	13	22	0	0	22	0	0
7	45105900	.	G	A	9	2	11	0	1	12	0	0
7	45140801	.	T	C	2	5	7	0	0	7	0	0
7	45141114	.	T	C	2	2	4	0	0	4	0	0
7	49206073	.	A	G	1	2	3	0	0	3	0	0
7	55627368	.	T	C	78	22	100	0	5	105	0	0
7	61179885	.	T	C	40	9	49	0	1	50	0	0
7	61566245	.	G	A	2	2	4	0	0	4	0	0
7	63538868	.	T	C	5	4	9	0	0	9	0	0
7	73207970	.	C	T	8	2	10	0	0	10	0	0
7	73388713	.	T	C	9	2	11	0	0	11	0	0
7	75403234	.	C	T	12	4	16	0	5	21	0	0
7	75403236	.	G	T	12	4	16	0	5	21	0	0
7	79741424	.	G	T	4	2	6	0	1	7	0	0
7	79741425	.	G	T	4	1	5	0	2	7	0	0
7	80560297	.	T	C	0	2	2	0	0	2	0	0
7	81522050	.	A	G	6	2	8	0	0	8	0	0
7	81522943	.	A	G	2	3	5	0	0	5	0	0
7	81533652	.	C	T	33	28	61	0	1	62	0	0
7	82225260	.	T	C	0	2	2	0	0	2	0	0
7	83406399	.	G	A	0	2	2	1	0	3	0	0
7	99110728	.	A	G	8	3	11	0	0	11	0	0
7	101060775	.	A	G	18	3	21	0	0	21	0	0
7	103988513	.	T	C	2	3	5	0	0	5	0	0
7	107693734	.	G	A	0	2	2	9	0	11	0	0
7	109156197	.	C	T	8	2	10	0	0	10	0	0
7	115836770	.	C	T	4	2	6	0	0	6	0	0
7	120104113	.	G	T	0	2	2	3	0	5	0	0
7	123582585	.	A	G	8	3	11	0	1	12	0	0
7	126423019	.	G	C	7	4	11	0	0	11	0	0
7	126423022	.	A	C	7	4	11	0	0	11	0	0
7	126468724	.	C	T	2	3	5	0	2	7	0	0
7	126853494	.	A	G	48	10	58	0	0	58	0	0
7	126853784	.	A	G	61	10	71	0	0	71	0	0
7	127160348	.	G	A	0	2	2	0	5	7	0	0
7	127178178	.	A	G	2	3	5	0	0	5	0	0
7	127368410	.	T	G	6	5	11	0	16	27	0	0
7	127519115	.	A	G	1	3	4	0	0	4	0	0
7	130360893	.	A	T	6	6	12	0	0	12	0	0
7	132441029	.	T	C	1	3	4	0	1	5	0	0
7	139715696	.	A	G	2	2	4	0	1	5	0	0
7	139716398	.	A	G	3	2	5	0	0	5	0	0
7	139716466	.	A	G	4	2	6	0	0	6	0	0
7	140391023	.	T	C	17	10	27	0	3	30	0	0
7	140913836	.	T	C	2	2	4	0	3	7	0	0
7	140916604	.	A	G	43	14	57	0	0	57	0	0
7	141503659	.	T	C	28	6	34	2	0	36	0	0
7	142207010	.	T	C	67	20	87	0	1	88	0	0
8	3588384	.	A	G	3	2	5	0	0	5	0	0
8	3589445	.	A	G	8	2	10	0	0	10	0	0
8	3589455	.	A	G	7	4	11	0	0	11	0	0
8	8717157	.	G	A	10	7	17	0	7	24	0	0
8	11777832	.	G	C	1	1	2	0	0	2	0	0
8	11884253	.	G	C	4	4	8	0	3	11	0	0
8	13336085	.	T	C	3	2	5	0	0	5	0	0
8	19741629	.	C	T	3	2	5	0	0	5	0	0
8	20030723	.	G	T	16	4	20	0	0	20	0	0
8	20030726	.	C	A	14	4	18	0	0	18	0	0
8	20053431	.	C	T	3	1	4	0	1	5	0	0
8	20157920	.	G	T	5	2	7	0	0	7	0	0
8	20157964	.	A	G	11	6	17	0	0	17	0	0
8	20698008	.	A	T	9	5	14	11	0	26	1	0
8	20727130	.	G	A	41	13	54	0	1	55	0	0
8	26064669	.	G	A	18	3	21	0	7	28	0	0
8	26304442	.	T	C	2	3	5	0	2	7	0	0
8	26305539	.	T	C	8	2	10	0	0	10	0	0
8	26306143	.	T	C	11	3	14	0	0	14	0	0
8	26306187	.	T	C	7	5	12	0	1	13	0	0
8	27537175	.	A	G	6	2	8	0	0	8	0	0
8	35125762	.	G	A	1	2	3	0	0	3	0	0
8	35934896	.	A	T	8	1	9	0	0	9	0	0
8	35934898	.	A	C	8	1	9	0	0	9	0	0
8	37036813	.	G	A	36	6	42	0	8	50	0	0
8	41370800	.	A	G	12	7	19	0	0	19	0	0
8	42700052	.	A	G	0	4	4	4	0	8	0	0
8	47742106	.	A	G	0	9	9	0	0	9	0	0
8	47742118	.	G	A	1	6	7	0	0	7	0	0
8	48281529	.	C	T	16	6	22	0	4	26	0	0
8	57960604	.	A	G	1	2	3	0	0	3	0	0
8	69766592	.	A	G	9	5	14	0	0	14	0	0
8	70017218	.	C	G	1	4	5	0	0	5	0	0
8	70017232	.	G	A	1	2	3	0	0	3	0	0
8	70028682	.	T	C	3	1	4	0	0	4	0	0
8	70028756	.	G	A	0	1	1	0	0	1	0	0
8	70028770	.	G	A	0	2	2	1	0	3	0	0
8	70481589	.	T	C	8	4	12	0	0	12	0	0
8	70710605	.	C	T	3	2	5	0	0	5	0	0
8	72039243	.	A	G	13	4	17	0	8	25	0	0
8	72977426	.	A	G	25	27	52	0	0	52	0	0
8	72977659	.	A	G	15	7	22	0	0	23	1	0
8	74079692	.	T	C	7	2	9	0	0	9	0	0
8	80698545	.	T	C	4	2	6	0	0	6	0	0
8	80698547	.	G	A	4	2	6	0	0	6	0	0
8	81661053	.	G	C	0	2	2	0	0	2	0	0
8	84295514	.	T	C	3	2	5	0	0	5	0	0
8	85637794	.	A	G	4	2	6	0	0	6	0	0
8	85684134	.	T	C	2	3	5	0	0	5	0	0
8	85781500	.	G	C	0	2	2	0	0	2	0	0
8	85835326	.	T	C	6	2	8	0	0	8	0	0
8	85853600	.	G	A	1	0	1	0	0	1	0	0
8	94744437	.	A	T	13	2	15	0	11	26	0	0
8	94744441	.	A	T	14	2	16	0	10	26	0	0
8	95049423	.	A	G	5	2	7	0	0	7	0	0
8	96563176	.	A	C	3	1	4	0	2	6	0	0
8	96563182	.	T	A	7	0	7	0	2	9	0	0
8	104987504	.	A	G	1	2	3	0	0	3	0	0
8	107744427	.	A	G	3	4	7	0	0	7	0	0
8	107786846	.	G	T	11	3	14	0	5	19	0	0
8	109686110	.	A	T	1	0	1	0	4	5	0	0
8	109686111	.	A	T	1	1	2	0	3	5	0	0
8	112680137	.	A	G	48	9	57	0	0	57	0	0
8	120486932	.	T	C	6	2	8	0	0	8	0	0
8	121823764	.	T	C	4	2	6	0	0	6	0	0
8	122754816	.	T	A	2	2	4	0	0	4	0	0
8	123355941	.	C	T	6	3	9	0	1	10	0	0
8	124147389	.	G	A	277	263	540	0	23	563	0	0
8	124261954	.	A	G	4	3	7	0	1	8	0	0
8	125620861	.	T	C	29	12	41	0	0	41	0	0
8	125620868	.	T	C	36	10	46	0	1	47	0	0
8	125620923	.	T	C	11	29	40	0	1	41	0	0
8	125620929	.	T	C	17	20	37	0	1	38	0	0
8	126865747	.	A	G	6	3	9	0	0	9	0	0
9	3387771	.	A	G	25	6	31	0	0	31	0	0
9	4456006	.	T	C	0	5	5	0	0	5	0	0
9	7836792	.	T	C	5	2	7	0	0	7	0	0
9	20507083	.	A	G	12	2	14	0	0	14	0	0
9	20512443	.	A	G	5	2	7	0	0	7	0	0
9	20512857	.	A	G	5	2	7	0	0	7	0	0
9	25186951	.	T	C	3	2	5	0	0	5	0	0
9	44204075	.	T	C	13	6	19	0	0	19	0	0
9	44206135	.	T	C	9	4	13	0	2	15	0	0
9	44221511	.	A	T	5	4	9	0	1	10	0	0
9	44259300	.	T	C	10	2	12	0	1	13	0	0
9	44677385	.	T	C	0	2	2	0	0	2	0	0
9	45747294	.	C	T	0	2	2	0	0	2	0	0
9	45747428	.	A	T	0	1	1	0	0	1	0	0
9	49415851	.	C	G	7	2	9	0	2	11	0	0
9	53350462	.	C	T	8	2	10	0	0	10	0	0
9	53350464	.	C	T	7	2	9	0	1	10	0	0
9	54275803	.	G	T	1	2	3	0	1	4	0	0
9	54275804	.	G	T	1	3	4	0	0	4	0	0
9	55056705	.	A	G	15	5	20	0	1	21	0	0
9	57051592	.	T	C	2	0	2	0	0	2	0	0
9	59513606	.	C	A	8	2	10	0	4	14	0	0
9	59513610	.	G	A	9	1	10	0	3	13	0	0
9	59642055	.	G	A	3	2	5	0	0	5	0	0
9	65253476	.	A	G	4	2	6	0	0	6	0	0
9	72270786	.	C	A	15	12	27	0	13	40	0	0
9	72366578	.	T	C	0	4	4	0	1	5	0	0
9	75601320	.	A	G	0	2	2	0	0	2	0	0
9	89470775	.	A	G	4	1	5	0	1	6	0	0
9	95938187	.	A	G	7	6	13	0	0	13	0	0
9	95939293	.	A	G	19	8	27	0	0	27	0	0
9	96777818	.	T	C	1	0	1	0	1	2	0	0
9	99146363	.	G	C	6	2	8	0	0	8	0	0
9	103062470	.	C	A	2	3	5	0	1	6	0	0
9	103062472	.	C	A	2	4	6	0	0	6	0	0
9	103232622	.	G	A	1	2	3	0	0	3	0	0
9	108215047	.	T	G	1	2	3	0	6	9	0	0
9	109659804	.	T	C	7	1	8	0	0	8	0	0
9	109660347	.	T	C	4	2	6	0	0	6	0	0
9	110086210	.	A	G	3	3	6	0	0	6	0	0
9	110572643	.	C	T	1	1	2	0	0	2	0	0
9	118894590	.	T	C	2	0	2	0	0	2	0	0
9	119878923	.	C	T	27	24	51	0	2	53	0	0
X	7774376	.	A	G	4	4	8	0	0	8	0	0
X	37285453	.	G	T	19	2	21	0	7	28	0	0
X	37285456	.	C	T	21	1	22	0	6	28	0	0
X	37698807	.	A	G	17	4	21	0	0	21	0	0
X	37698838	.	A	G	14	2	16	0	0	16	0	0
X	40743129	.	A	G	0	15	15	0	0	15	0	0
X	40743165	.	A	G	4	5	9	0	1	10	0	0
X	48588510	.	A	T	9	0	9	0	1	10	0	0
X	51861623	.	C	T	7	0	7	1	1	9	0	0
X	55633003	.	T	C	44	9	53	0	1	54	0	0
X	55695894	.	A	G	1	1	2	0	0	2	0	0
X	60223584	.	A	G	2	2	4	0	0	4	0	0
X	60231705	.	A	G	20	18	38	0	0	38	0	0
X	69388256	.	T	C	52	13	65	0	1	66	0	0
X	70868107	.	T	G	9	7	16	0	2	18	0	0
X	72774989	.	A	G	0	4	4	0	0	4	0	0
X	73270255	.	T	C	12	6	18	0	0	18	0	0
X	73270256	.	T	C	4	14	18	0	0	18	0	0
X	73270468	.	T	C	2	14	16	0	0	16	0	0
X	73328525	.	A	G	4	2	6	0	1	7	0	0
X	73328537	.	A	G	3	3	6	0	1	7	0	0
X	73328787	.	A	G	2	4	6	0	0	6	0	0
X	73328801	.	A	G	5	2	7	0	0	7	0	0
X	73329444	.	A	G	3	4	7	0	0	7	0	0
X	73329453	.	A	G	2	4	6	0	0	6	0	0
X	73496154	.	A	T	1	2	3	0	1	4	0	0
X	87616192	.	T	G	0	2	2	0	0	2	0	0
X	93318364	.	G	T	1	1	2	0	1	3	0	0
X	97987714	.	A	G	4	2	6	0	0	6	0	0
X	102207919	.	A	G	0	3	3	4	0	7	0	0
X	102620090	.	T	C	8	7	15	0	0	15	0	0
X	102620099	.	T	C	5	13	18	0	0	18	0	0
X	102620158	.	T	C	14	11	25	0	0	25	0	0
X	102620159	.	T	C	11	13	24	0	1	25	0	0
X	102623385	.	T	C	9	2	11	0	3	14	0	0
X	102623421	.	T	C	9	3	12	0	0	12	0	0
X	102625158	.	T	C	7	2	9	0	0	9	0	0
X	102631446	.	T	C	3	4	7	0	1	8	0	0
X	104127337	.	A	G	12	2	14	0	0	14	0	0
X	106830700	.	T	C	51	10	61	0	1	62	0	0
X	107784011	.	A	G	4	2	6	0	0	6	0	0
X	133489300	.	T	C	5	6	11	0	0	11	0	0
X	133490134	.	T	C	7	5	12	0	0	12	0	0
X	141617410	.	G	T	9	4	13	0	0	13	0	0
X	143170887	.	G	A	1	0	1	0	0	1	0	0
X	149766871	.	T	C	18	18	36	0	6	42	0	0
X	149767614	.	T	C	78	97	175	3	4	182	0	0
X	149768450	.	T	C	180	67	247	0	2	249	0	0
X	149768451	.	T	C	181	57	238	0	11	249	0	0
X	152470780	.	A	G	9	2	11	0	0	11	0	0
X	162761028	.	T	C	4	3	7	0	0	7	0	0
X	164972992	.	A	G	11	3	14	1	0	15	0	0
Y	1016394	.	A	G	11	22	33	0	6	39	0	0
Y	1048551	.	A	G	2	3	5	0	0	5	0	0
Y	1048726	.	A	G	2	3	5	0	0	5	0	0
Y	1049036	.	A	G	2	2	4	0	0	4	0	0
