contig	position	variantID	refAllele	altAllele	refCount	altCount	totalCount	lowMAPQDepth	lowBaseQDepth	rawDepth	otherBases	improperPairs
1	6280352	.	T	C	1	2	3	0	0	3	0	0
1	10101253	.	T	C	1	2	3	0	0	3	0	0
1	13695962	.	T	C	9	3	12	0	0	12	0	0
1	13695965	.	T	C	1	10	11	0	0	11	0	0
1	15790832	.	A	T	4	2	6	0	1	7	0	0
1	17834918	.	T	C	4	0	4	0	1	5	0	0
1	36405381	.	T	C	4	2	6	0	0	6	0	0
1	37448671	.	G	T	0	3	3	0	1	4	0	0
1	39590794	.	A	T	5	5	10	0	1	11	0	0
1	39590795	.	G	T	7	3	10	0	2	12	0	0
1	39694447	.	C	T	1	6	7	0	0	7	0	0
1	39695885	.	A	G	3	2	5	0	0	5	0	0
1	39695886	.	A	G	3	2	5	0	0	5	0	0
1	42739790	.	C	T	18	6	24	0	1	25	0	0
1	42789922	.	A	G	3	2	5	0	0	5	0	0
1	54686002	.	A	G	3	1	4	0	0	4	0	0
1	57982191	.	A	C	3	3	6	0	0	6	0	0
1	58566410	.	C	T	14	5	19	1	2	22	0	0
1	59913367	.	A	G	52	19	71	0	1	72	0	0
1	60220742	.	G	T	4	1	5	0	2	7	0	0
1	60517747	.	A	G	24	21	45	1	12	58	0	0
1	63156443	.	A	G	3	2	5	0	0	5	0	0
1	66711873	.	A	G	42	8	50	0	4	54	0	0
1	74631584	.	A	G	2	2	4	0	0	4	0	0
1	75398649	.	A	G	17	10	27	0	1	28	0	0
1	75398708	.	A	G	4	19	23	0	0	23	0	0
1	86275459	.	T	C	21	6	27	0	1	28	0	0
1	86276528	.	T	C	9	5	14	0	0	14	0	0
1	88187311	.	C	T	2	2	4	0	0	4	0	0
1	88187724	.	A	G	1	2	3	0	0	3	0	0
1	88188255	.	C	T	2	3	5	0	0	5	0	0
1	88188277	.	C	G	1	2	3	0	0	3	0	0
1	88189360	.	G	A	2	2	4	0	0	4	0	0
1	88189462	.	G	A	1	3	4	0	0	4	0	0
1	88189707	.	C	T	1	3	4	0	0	4	0	0
1	88189889	.	C	T	2	2	4	0	0	4	0	0
1	88189910	.	T	C	1	1	2	0	1	3	0	0
1	88190234	.	T	A	2	2	4	0	0	4	0	0
1	88190661	.	G	C	3	2	5	0	0	5	0	0
1	88190921	.	C	T	2	6	8	0	0	8	0	0
1	88191237	.	A	C	13	27	40	0	5	45	0	0
1	88191281	.	A	G	43	8	51	0	4	55	0	0
1	88191320	.	C	T	7	36	43	0	2	45	0	0
1	88191468	.	C	G	3	41	44	0	1	45	0	0
1	88191706	.	G	A	25	10	35	0	0	35	0	0
1	88191710	.	T	C	8	26	34	0	2	36	0	0
1	88191744	.	C	A	28	5	33	0	0	33	0	0
1	88191864	.	G	T	40	10	50	0	0	50	0	0
1	88191993	.	A	G	3	32	35	0	8	43	0	0
1	88192008	.	C	T	36	9	45	0	5	50	0	0
1	88192048	.	G	C	10	19	29	0	0	29	0	0
1	88192098	.	G	A	27	10	37	0	0	37	0	0
1	88192180	.	G	T	25	5	30	0	1	31	0	0
1	88192184	.	T	A	27	6	33	0	1	34	0	0
1	88192243	.	A	G	12	28	40	0	0	40	0	0
1	88192700	.	G	A	3	27	30	0	2	32	0	0
1	88192756	.	G	A	7	37	44	0	0	44	0	0
1	88192980	.	A	G	3	31	34	1	2	37	0	0
1	88193031	.	C	G	4	13	17	0	0	17	0	0
1	88193194	.	C	T	1	3	4	0	0	4	0	0
1	88193568	.	A	C	4	2	6	0	0	6	0	0
1	88193917	.	G	A	6	17	23	0	1	24	0	0
1	88197053	.	T	C	2	3	5	0	0	5	0	0
1	88197991	.	A	G	2	20	22	0	0	22	0	0
1	88200653	.	A	C	2	17	19	0	0	19	0	0
1	88200670	.	G	A	2	17	19	0	0	19	0	0
1	88200718	.	C	A	1	9	10	0	0	10	0	0
1	88200832	.	C	T	2	7	9	0	0	9	0	0
1	88202772	.	A	T	4	0	4	0	0	4	0	0
1	88203447	.	G	A	0	2	2	1	0	3	0	0
1	88203670	.	C	T	1	2	3	0	0	3	0	0
1	88205197	.	A	G	1	0	1	5	0	6	0	0
1	93299307	.	A	G	13	4	17	0	0	17	0	0
1	109925561	.	C	T	4	1	5	0	0	5	0	0
1	123251076	.	T	C	0	2	2	0	1	3	0	0
1	131953439	.	T	C	12	10	22	0	0	22	0	0
1	131953472	.	T	C	19	4	23	0	0	23	0	0
1	133629833	.	T	C	0	2	2	0	0	2	0	0
1	134707276	.	T	C	1	2	3	0	0	3	0	0
1	143021625	.	A	C	2	2	4	0	0	4	0	0
1	143618368	.	C	T	4	3	7	0	0	7	0	0
1	156255182	.	T	C	2	11	13	0	0	13	0	0
1	156255601	.	T	C	3	3	6	0	0	6	0	0
1	156351897	.	T	C	1	1	2	0	1	3	0	0
1	160797092	.	T	C	8	3	11	0	0	11	0	0
1	160839934	.	T	C	4	2	6	0	0	6	0	0
1	160842749	.	T	C	3	2	5	0	0	5	0	0
1	171331146	.	C	T	1	2	3	0	2	5	0	0
1	171716688	.	A	G	4	1	5	0	1	6	0	0
1	178779916	.	T	C	5	2	7	0	0	7	0	0
1	178781864	.	T	C	6	2	8	0	0	8	0	0
1	180154924	.	G	A	3	0	3	0	0	3	0	0
1	180924020	.	T	C	21	9	30	0	0	30	0	0
1	180996273	.	A	C	5	7	12	0	0	12	0	0
1	180996279	.	A	C	5	4	9	0	3	12	0	0
1	183190594	.	A	G	10	3	13	0	0	13	0	0
10	33865251	.	T	C	6	4	10	0	0	10	0	0
10	40606027	.	T	C	5	0	5	0	0	5	0	0
10	42576709	.	C	T	16	4	20	0	4	24	0	0
10	49118584	.	T	C	6	8	14	0	0	14	0	0
10	49118640	.	T	C	4	7	11	0	0	11	0	0
10	49148885	.	T	C	2	16	18	0	0	18	0	0
10	57383221	.	A	G	4	2	6	0	0	6	0	0
10	57391874	.	C	T	6	3	9	0	1	10	0	0
10	60207378	.	A	G	6	2	8	0	0	8	0	0
10	62645542	.	T	C	3	2	5	0	0	5	0	0
10	74482509	.	C	A	0	3	3	0	0	3	0	0
10	79593391	.	A	G	4	2	6	0	0	6	0	0
10	81182083	.	T	C	18	4	22	0	0	22	0	0
10	81501155	.	A	G	0	2	2	0	0	2	0	0
10	86672208	.	A	G	8	5	13	0	1	14	0	0
10	88306039	.	T	C	12	3	15	0	0	15	0	0
10	88309997	.	G	A	13	3	16	0	0	16	0	0
10	88593773	.	A	C	2	1	3	0	0	3	0	0
10	89654262	.	C	A	8	7	15	0	2	17	0	0
10	93419136	.	C	A	4	1	5	0	1	6	0	0
10	93801926	.	T	C	4	4	8	0	0	8	0	0
10	94057224	.	A	G	11	3	14	0	0	14	0	0
10	115125374	.	G	A	10	4	14	0	2	16	0	0
10	115207551	.	T	G	0	1	1	0	2	3	0	0
10	122829334	.	T	G	4	2	6	0	3	9	0	0
10	126903751	.	T	C	35	15	50	0	0	50	0	0
10	127923559	.	G	A	2	1	3	0	1	4	0	0
10	128404563	.	G	A	1	2	3	0	0	3	0	0
10	128505929	.	T	C	7	2	9	0	1	10	0	0
11	3075936	.	A	G	1	2	3	0	0	3	0	0
11	3077575	.	C	A	0	3	3	27	0	30	0	0
11	3079274	.	C	T	5	2	7	0	0	7	0	0
11	3079284	.	A	C	5	2	7	0	0	7	0	0
11	3099994	.	T	C	1	2	3	0	0	3	0	0
11	3302385	.	A	G	7	3	10	0	0	10	0	0
11	3448459	.	T	C	2	2	4	0	0	4	0	0
11	3902194	.	A	C	1	2	3	0	0	3	0	0
11	4092790	.	T	C	7	23	30	0	1	31	0	0
11	4717141	.	T	C	66	11	77	0	2	79	0	0
11	5226725	.	T	A	2	2	4	0	0	4	0	0
11	5919668	.	A	T	5	5	10	0	2	12	0	0
11	8428472	.	G	A	4	0	4	0	0	4	0	0
11	24113737	.	T	C	11	2	13	0	8	21	0	0
11	24113741	.	T	C	13	2	15	0	4	19	0	0
11	30051758	.	T	C	5	2	7	0	0	7	0	0
11	30842420	.	G	C	7	1	8	0	1	9	0	0
11	43573028	.	A	G	3	3	6	0	0	6	0	0
11	45821425	.	T	C	8	3	11	0	0	11	0	0
11	46163470	.	T	C	28	234	262	0	3	265	0	0
11	51474143	.	T	C	9	2	11	0	0	11	0	0
11	54730814	.	T	C	15	4	19	0	0	19	0	0
11	59223663	.	T	G	3	2	5	0	4	9	0	0
11	59347027	.	A	G	12	22	34	0	0	34	0	0
11	59347029	.	A	G	17	16	33	0	1	34	0	0
11	59347092	.	A	G	10	6	16	0	0	16	0	0
11	59349201	.	A	G	14	3	17	0	1	18	0	0
11	59349204	.	A	G	13	5	18	0	0	18	0	0
11	59349242	.	A	G	14	3	17	0	0	17	0	0
11	59401881	.	A	G	6	2	8	0	0	8	0	0
11	62032236	.	A	G	1	2	3	0	0	3	0	0
11	68876808	.	T	C	12	2	14	0	0	14	0	0
11	69674128	.	A	G	17	6	23	0	0	23	0	0
11	69922901	.	A	G	2	4	6	0	0	6	0	0
11	69922950	.	A	G	6	3	9	0	0	9	0	0
11	69923921	.	A	G	2	5	7	0	1	8	0	0
11	69924811	.	A	G	5	1	6	0	1	7	0	0
11	70500705	.	C	T	6	4	10	2	0	13	1	0
11	70500706	.	G	A	6	3	9	2	1	13	1	0
11	72570452	.	A	G	2	2	4	0	0	4	0	0
11	74565209	.	A	C	14	6	20	0	4	24	0	0
11	74747553	.	T	C	2	2	4	0	0	4	0	0
11	74747599	.	T	C	2	2	4	0	0	4	0	0
11	75067258	.	T	C	26	11	37	0	0	37	0	0
11	75067400	.	A	G	21	4	25	0	0	25	0	0
11	75068285	.	T	C	23	5	28	0	1	29	0	0
11	77426880	.	T	C	51	15	66	0	0	66	0	0
11	78184586	.	A	G	6	4	10	0	0	10	0	0
11	78186044	.	A	G	1	5	6	0	0	6	0	0
11	78187480	.	A	G	2	2	4	0	0	4	0	0
11	78388386	.	G	A	0	3	3	0	4	7	0	0
11	78388387	.	C	A	0	2	2	0	4	7	1	0
11	82279737	.	G	A	1	1	2	0	3	5	0	0
11	83674148	.	C	T	3	3	6	0	0	6	0	0
11	85082181	.	C	T	9	8	17	0	6	23	0	0
11	85082185	.	C	T	8	0	8	0	10	18	0	0
11	86521333	.	T	C	1	2	3	2	0	5	0	0
11	87014114	.	A	G	6	2	8	0	0	8	0	0
11	87014308	.	A	G	8	2	10	0	0	10	0	0
11	88083859	.	T	G	7	2	9	0	1	10	0	0
11	88927208	.	T	C	12	12	24	0	0	24	0	0
11	88928554	.	C	T	3	3	6	0	2	8	0	0
11	88928557	.	C	T	4	1	5	0	1	6	0	0
11	94431300	.	T	C	12	2	14	0	0	14	0	0
11	94431318	.	T	C	13	5	18	0	0	18	0	0
11	94431842	.	T	C	12	2	14	0	0	14	0	0
11	95962333	.	T	C	5	2	7	0	0	7	0	0
11	96855798	.	A	G	4	3	7	0	0	7	0	0
11	98044632	.	A	C	7	0	7	0	8	15	0	0
11	98044638	.	A	C	10	4	14	0	3	17	0	0
11	98697260	.	G	A	1	4	5	0	0	5	0	0
11	98787088	.	T	C	9	0	9	0	1	10	0	0
11	98787094	.	A	C	5	0	5	0	3	8	0	0
11	100488792	.	T	C	11	6	17	0	0	17	0	0
11	101089107	.	T	C	8	3	11	0	0	11	0	0
11	101089126	.	T	C	4	4	8	0	0	8	0	0
11	101089557	.	T	C	15	5	20	0	0	20	0	0
11	101089729	.	T	C	8	2	10	0	1	11	0	0
11	101089802	.	T	C	7	5	12	0	1	13	0	0
11	101863495	.	T	C	152	24	176	0	3	179	0	0
11	102053496	.	G	A	1	5	6	0	3	9	0	0
11	102053507	.	G	A	1	3	4	0	2	6	0	0
11	109341818	.	A	G	7	3	10	0	0	10	0	0
11	109464346	.	G	T	3	3	6	0	4	10	0	0
11	115297666	.	A	G	2	3	5	0	0	5	0	0
11	116245085	.	T	C	1	2	3	0	0	3	0	0
11	116471963	.	T	C	14	24	38	0	0	38	0	0
11	116694266	.	A	G	3	2	5	0	0	5	0	0
11	117643605	.	G	A	2	2	4	0	1	5	0	0
11	120490379	.	A	G	2	2	4	0	0	4	0	0
11	120519173	.	C	T	9	10	19	0	3	22	0	0
12	3454248	.	A	G	12	38	50	0	4	54	0	0
12	8547666	.	A	T	1	2	3	0	0	3	0	0
12	17479425	.	T	C	7	5	12	0	0	12	0	0
12	17479431	.	G	C	6	3	9	0	2	11	0	0
12	17479809	.	A	G	7	14	21	0	0	21	0	0
12	17479860	.	A	G	13	5	18	0	0	18	0	0
12	33490226	.	G	T	2	2	4	0	0	4	0	0
12	33490227	.	C	T	2	1	3	0	1	4	0	0
12	46747117	.	T	C	26	18	44	0	0	44	0	0
12	54118740	.	A	G	1	1	2	0	1	3	0	0
12	54718540	.	T	C	14	5	19	0	0	19	0	0
12	54719062	.	T	C	15	6	21	0	0	21	0	0
12	54719142	.	T	C	20	5	25	0	1	26	0	0
12	55612364	.	G	A	1	2	3	0	0	3	0	0
12	55612365	.	A	G	1	2	3	0	0	3	0	0
12	65114809	.	T	C	4	2	6	0	0	6	0	0
12	69244102	.	A	G	16	8	24	0	0	24	0	0
12	71041403	.	A	G	3	28	31	0	0	31	0	0
12	71041903	.	A	G	5	14	19	0	1	20	0	0
12	71041954	.	A	G	20	7	27	0	2	29	0	0
12	71041984	.	A	G	15	10	25	0	1	26	0	0
12	71066230	.	A	G	5	0	5	0	0	5	0	0
12	72956113	.	T	C	10	3	13	0	1	14	0	0
12	72956115	.	T	C	12	2	14	0	0	14	0	0
12	72956155	.	T	C	2	2	4	0	0	4	0	0
12	73975614	.	A	G	1	2	3	0	0	3	0	0
12	75677928	.	A	G	1	3	4	1	0	5	0	0
12	83684282	.	A	G	2	2	4	0	0	4	0	0
12	85281423	.	T	C	11	2	13	0	0	13	0	0
12	86726722	.	A	C	2	3	5	0	0	5	0	0
12	86726725	.	T	C	2	3	5	0	0	5	0	0
12	100837974	.	A	G	2	2	4	0	0	4	0	0
12	101887890	.	T	C	14	3	17	0	0	17	0	0
12	107878876	.	C	T	12	5	17	0	3	20	0	0
13	8901801	.	T	C	11	9	20	0	0	20	0	0
13	14225628	.	T	C	28	7	35	0	0	35	0	0
13	14226674	.	T	C	31	10	41	0	0	41	0	0
13	17978741	.	T	C	9	3	12	0	0	12	0	0
13	17978742	.	T	C	8	3	11	0	1	12	0	0
13	17978851	.	T	C	5	2	7	0	1	8	0	0
13	17978950	.	T	C	0	3	3	0	0	3	0	0
13	21574169	.	T	C	4	4	8	0	1	9	0	0
13	21576507	.	T	C	11	2	13	0	0	13	0	0
13	21576650	.	T	C	8	2	10	0	0	10	0	0
13	21685475	.	A	G	0	2	2	0	0	2	0	0
13	24999573	.	A	G	9	3	12	0	0	12	0	0
13	24999598	.	A	G	5	3	8	0	0	8	0	0
13	38157825	.	A	T	11	2	13	0	7	20	0	0
13	49684960	.	A	G	3	2	5	0	0	5	0	0
13	54835995	.	T	C	2	1	3	0	0	3	0	0
13	59757011	.	A	G	3	2	5	0	1	6	0	0
13	64437994	.	T	C	7	2	9	0	0	9	0	0
13	64438124	.	T	C	15	5	20	0	0	20	0	0
13	67621455	.	T	C	5	2	7	0	0	7	0	0
13	67807046	.	T	C	2	5	7	0	0	7	0	0
13	67807053	.	T	C	1	5	6	0	0	6	0	0
13	83981239	.	C	T	1	2	3	1	0	4	0	0
13	92577452	.	G	A	10	4	14	0	4	18	0	0
13	96775449	.	G	A	8	2	10	0	0	10	0	0
13	100267635	.	T	C	7	1	8	0	2	10	0	0
13	100839326	.	T	C	10	5	15	0	2	17	0	0
13	100839340	.	T	C	8	5	13	0	0	13	0	0
13	103901108	.	A	G	8	2	10	0	0	10	0	0
13	111852447	.	C	T	0	2	2	0	3	5	0	0
13	119625401	.	G	T	7	6	13	0	1	14	0	0
14	4187254	.	T	C	7	3	10	0	1	11	0	0
14	10058181	.	A	G	27	9	36	0	0	36	0	0
14	14533725	.	T	C	0	5	5	0	2	7	0	0
14	14533732	.	T	C	3	2	5	0	0	5	0	0
14	21846832	.	A	G	14	26	40	0	1	42	1	0
14	21847779	.	A	G	70	12	82	0	0	82	0	0
14	26382413	.	T	C	1	3	4	0	0	4	0	0
14	28247151	.	C	T	3	2	5	0	0	5	0	0
14	29788078	.	T	C	8	4	12	0	0	12	0	0
14	31095923	.	C	T	21	5	26	0	7	33	0	0
14	31422583	.	T	C	29	15	44	0	3	47	0	0
14	31422619	.	T	C	13	12	25	0	1	26	0	0
14	31422620	.	T	C	20	5	25	0	1	26	0	0
14	31423408	.	T	C	42	7	49	0	1	50	0	0
14	32018582	.	A	G	25	8	33	0	1	34	0	0
14	33953408	.	T	C	5	2	7	0	0	7	0	0
14	47558234	.	A	G	3	2	5	0	0	5	0	0
14	51013458	.	T	C	9	5	14	0	0	14	0	0
14	51014498	.	T	C	6	2	8	0	1	9	0	0
14	51108706	.	A	G	5	2	7	0	0	7	0	0
14	51109987	.	A	G	3	3	6	0	0	6	0	0
14	52531686	.	A	G	10	55	65	0	1	66	0	0
14	54531928	.	T	C	0	2	2	0	0	2	0	0
14	54531935	.	C	T	0	2	2	0	0	2	0	0
14	55749057	.	A	G	8	2	10	0	1	11	0	0
14	58064703	.	G	T	3	2	5	0	0	5	0	0
14	60449394	.	T	C	2	2	4	0	0	4	0	0
14	60451313	.	T	C	1	2	3	0	0	3	0	0
14	65434640	.	T	C	25	9	34	0	0	34	0	0
14	75957159	.	T	C	10	3	13	0	0	13	0	0
14	76678339	.	T	C	10	2	12	0	0	12	0	0
14	78804071	.	A	C	4	2	6	0	0	6	0	0
14	78804077	.	A	C	4	1	5	0	2	7	0	0
14	101714596	.	G	T	2	0	2	0	0	2	0	0
14	103584115	.	T	C	20	10	30	0	1	31	0	0
14	121273016	.	A	G	8	5	13	0	0	13	0	0
14	121490491	.	A	C	19	5	24	0	11	35	0	0
14	123864295	.	C	T	9	5	14	0	0	14	0	0
15	8187674	.	A	G	4	13	17	0	0	17	0	0
15	8188973	.	A	G	5	4	9	0	0	9	0	0
15	9199559	.	A	G	20	9	29	0	1	30	0	0
15	9199586	.	A	G	27	8	35	0	0	35	0	0
15	53322231	.	T	C	7	2	9	0	0	9	0	0
15	55118258	.	A	G	5	2	7	0	0	7	0	0
15	55118692	.	A	G	7	7	14	0	0	14	0	0
15	55119004	.	A	G	5	2	7	0	0	7	0	0
15	55119019	.	A	G	4	4	8	0	0	8	0	0
15	57967857	.	A	G	3	0	3	0	1	4	0	0
15	66158075	.	T	C	12	6	18	0	0	18	0	0
15	73279846	.	T	C	0	2	2	1	0	3	0	0
15	75525421	.	T	C	1	3	4	0	0	4	0	0
15	78900113	.	T	C	5	3	8	0	0	8	0	0
15	78999782	.	C	T	4	1	5	0	0	5	0	0
15	79496070	.	T	C	4	3	7	0	0	7	0	0
15	81338244	.	A	G	10	2	12	0	0	12	0	0
15	81341097	.	A	G	1	1	2	0	0	2	0	0
15	81341105	.	A	G	3	2	5	0	0	5	0	0
15	82693734	.	T	C	2	1	3	0	4	7	0	0
15	82693741	.	T	C	3	2	5	0	3	8	0	0
15	84099440	.	A	G	27	5	32	0	0	32	0	0
15	84101279	.	A	G	1	1	2	0	0	2	0	0
15	84836958	.	T	C	5	4	9	0	0	9	0	0
15	84836962	.	T	C	2	6	8	0	0	8	0	0
15	85591475	.	A	G	3	1	4	0	0	4	0	0
15	93388677	.	C	G	7	3	10	0	5	15	0	0
15	93388679	.	A	G	8	5	13	0	2	15	0	0
15	97143676	.	A	G	4	2	6	0	0	6	0	0
15	97937906	.	C	T	4	2	6	0	1	7	0	0
15	98634993	.	T	C	3	18	21	0	1	22	0	0
15	98634994	.	T	C	16	5	21	0	1	22	0	0
15	99142536	.	T	C	3	3	6	0	0	6	0	0
15	99627261	.	A	G	2	6	8	0	0	8	0	0
15	99627262	.	A	G	2	6	8	0	0	8	0	0
15	100492200	.	T	C	2	2	4	0	1	5	0	0
16	3680985	.	T	C	15	6	21	0	0	21	0	0
16	4604755	.	T	C	2	3	5	0	0	5	0	0
16	4844012	.	T	C	2	2	4	0	0	4	0	0
16	8452432	.	T	C	10	2	12	0	0	12	0	0
16	8674849	.	G	T	11	2	13	0	4	17	0	0
16	8674857	.	G	T	10	2	12	0	3	15	0	0
16	10562715	.	T	C	10	2	12	0	0	12	0	0
16	13520445	.	A	G	19	10	29	0	0	29	0	0
16	13520501	.	A	G	15	3	18	0	0	18	0	0
16	13650452	.	A	G	5	5	10	0	0	10	0	0
16	17080528	.	A	G	2	1	3	0	1	4	0	0
16	17321752	.	A	G	6	8	14	0	0	14	0	0
16	18653678	.	A	G	23	6	29	0	0	29	0	0
16	19942498	.	A	G	28	14	42	0	0	42	0	0
16	30330773	.	T	C	13	5	18	0	1	19	0	0
16	32118709	.	A	G	11	3	14	0	0	14	0	0
16	32118742	.	A	G	7	0	7	0	0	7	0	0
16	32119086	.	A	G	9	5	14	0	2	16	0	0
16	32119106	.	A	G	16	6	22	0	0	22	0	0
16	32119150	.	A	G	17	11	28	0	0	28	0	0
16	32209076	.	C	T	3	4	7	0	0	7	0	0
16	33833835	.	G	A	1	2	3	0	4	9	2	0
16	33833836	.	T	A	1	1	2	0	5	9	2	0
16	37705464	.	C	T	7	5	12	0	4	16	0	0
16	43447381	.	G	T	7	2	9	0	0	9	0	0
16	58500399	.	A	C	5	3	8	0	4	12	0	0
16	58500401	.	T	C	8	1	9	0	3	12	0	0
16	75399130	.	C	T	3	2	5	0	1	6	0	0
16	76087628	.	C	T	7	3	10	0	4	14	0	0
16	76087636	.	G	T	5	0	5	0	6	11	0	0
16	87230813	.	T	C	9	6	15	0	0	15	0	0
16	87230814	.	T	C	10	5	15	0	0	15	0	0
16	87231013	.	T	C	9	4	13	0	1	14	0	0
16	91452503	.	A	G	84	17	101	0	5	106	0	0
16	91452977	.	A	G	83	57	140	0	0	140	0	0
16	91453021	.	A	G	61	18	79	0	1	80	0	0
16	95957876	.	G	T	14	6	20	0	1	21	0	0
16	97832881	.	G	A	4	1	5	0	0	5	0	0
17	6173353	.	A	G	3	4	7	0	0	7	0	0
17	13142776	.	A	G	2	2	4	0	1	5	0	0
17	13236540	.	T	C	6	2	8	0	0	8	0	0
17	15741583	.	A	G	3	3	6	0	0	6	0	0
17	15741586	.	A	G	3	2	5	0	1	6	0	0
17	24395428	.	T	C	28	16	44	0	2	46	0	0
17	24395462	.	T	C	26	10	36	0	0	36	0	0
17	24395463	.	T	C	24	10	34	0	2	36	0	0
17	24397285	.	T	C	14	22	36	0	1	37	0	0
17	24397600	.	T	C	54	9	63	0	1	64	0	0
17	25404690	.	C	T	8	2	10	0	0	10	0	0
17	26502545	.	A	G	32	8	40	2	2	44	0	0
17	27721769	.	T	C	5	2	7	0	0	7	0	0
17	29520959	.	A	G	7	2	9	0	0	9	0	0
17	29521001	.	A	G	7	7	14	0	0	14	0	0
17	29919416	.	A	G	10	2	12	0	0	12	0	0
17	31333483	.	C	T	6	14	20	1	6	27	0	0
17	31875349	.	T	C	3	4	7	0	0	7	0	0
17	33015107	.	T	C	4	7	11	0	0	11	0	0
17	33015115	.	T	C	8	3	11	0	0	11	0	0
17	33015482	.	T	C	8	3	11	0	0	11	0	0
17	33015546	.	T	C	10	2	12	0	0	12	0	0
17	33038207	.	T	C	15	6	21	0	0	21	0	0
17	33522587	.	C	T	13	2	15	0	0	15	0	0
17	33522804	.	G	A	13	2	15	0	2	17	0	0
17	33522805	.	T	A	12	3	15	0	2	17	0	0
17	33550719	.	T	C	11	3	14	0	0	14	0	0
17	33552004	.	T	C	13	4	17	0	0	17	0	0
17	34147531	.	A	G	11	11	22	0	0	22	0	0
17	36168626	.	A	G	7	5	12	0	1	13	0	0
17	36169527	.	A	G	5	3	8	0	0	8	0	0
17	36169789	.	A	G	2	2	4	0	0	4	0	0
17	40158498	.	T	C	2627	3495	6122	0	123	6514	269	0
17	40159543	.	T	C	41	244	285	0	3	288	0	0
17	45973875	.	T	C	5	32	37	0	6	43	0	0
17	46727251	.	A	G	4	3	7	0	1	8	0	0
17	46727252	.	A	G	6	2	8	0	0	8	0	0
17	46810304	.	A	G	4	3	7	0	0	7	0	0
17	63806592	.	T	C	12	2	14	0	0	14	0	0
17	71651495	.	A	G	2	2	4	0	0	4	0	0
17	73548359	.	A	C	4	2	6	0	0	6	0	0
17	90344323	.	C	T	37	8	45	0	10	55	0	0
17	95064364	.	T	C	10	4	14	0	0	14	0	0
17	95067396	.	T	C	10	7	17	0	0	17	0	0
17	95067479	.	T	C	12	20	32	0	1	33	0	0
18	6793746	.	A	G	24	8	32	0	0	32	0	0
18	6793749	.	A	G	23	9	32	0	0	32	0	0
18	6793851	.	A	G	16	5	21	0	0	21	0	0
18	12675378	.	T	C	2	0	2	0	0	2	0	0
18	16722066	.	C	T	10	0	10	0	7	17	0	0
18	24097953	.	A	G	6	2	8	0	0	8	0	0
18	24639050	.	T	C	9	3	12	0	0	12	0	0
18	32235557	.	A	G	5	6	11	0	0	11	0	0
18	32235595	.	A	G	2	9	11	0	0	11	0	0
18	32235643	.	A	G	4	9	13	0	0	13	0	0
18	32235652	.	A	G	3	9	12	0	0	12	0	0
18	32235930	.	A	G	2	5	7	0	0	7	0	0
18	32236019	.	A	G	3	6	9	0	0	9	0	0
18	32236020	.	A	G	7	2	9	0	0	9	0	0
18	32561134	.	A	G	33	7	40	0	0	40	0	0
18	34343091	.	A	G	2	2	4	0	0	4	0	0
18	37454980	.	C	T	1	1	2	0	0	2	0	0
18	38596792	.	A	G	0	3	3	0	0	3	0	0
18	38596801	.	A	G	0	3	3	0	0	3	0	0
18	43664588	.	G	T	16	1	17	1	0	18	0	0
18	47380896	.	T	A	4	2	6	0	0	6	0	0
18	55032082	.	A	G	4	2	6	0	0	6	0	0
18	61328635	.	T	C	6	2	8	0	0	8	0	0
18	61847372	.	C	T	5	2	7	0	0	7	0	0
18	65610148	.	A	G	2	2	4	0	0	4	0	0
18	65859370	.	C	A	1	0	1	0	0	1	0	0
18	68397510	.	A	G	3	2	5	0	0	5	0	0
18	77062550	.	A	G	11	15	26	0	0	26	0	0
18	77062557	.	A	G	18	5	23	0	2	25	0	0
19	3916385	.	A	G	4	5	9	0	0	9	0	0
19	3916452	.	A	G	10	3	13	0	0	13	0	0
19	4368397	.	A	G	2	3	5	0	5	10	0	0
19	4811022	.	T	C	5	2	7	0	0	7	0	0
19	4811133	.	T	C	6	4	10	0	0	10	0	0
19	4816801	.	T	C	6	2	8	0	0	8	0	0
19	5705424	.	A	C	2	0	2	0	0	2	0	0
19	5845967	.	T	C	12	2	14	0	0	14	0	0
19	7176321	.	G	A	7	50	57	1	26	84	0	0
19	7376291	.	T	C	0	2	2	10	0	12	0	0
19	7512615	.	A	G	9	3	12	0	0	12	0	0
19	7515480	.	A	G	24	4	28	0	0	28	0	0
19	8868268	.	A	G	5	4	9	0	0	9	0	0
19	8900203	.	A	G	2	2	4	0	2	6	0	0
19	10223060	.	T	C	24	58	82	0	2	84	0	0
19	10432781	.	C	T	5	2	7	0	1	8	0	0
19	10886159	.	A	G	0	2	2	0	0	2	0	0
19	11889918	.	T	C	1	2	3	0	4	7	0	0
19	12441626	.	A	G	24	3	27	0	1	28	0	0
19	34217616	.	C	T	2	2	4	0	2	6	0	0
19	40729466	.	A	G	2	2	4	0	0	4	0	0
19	42161425	.	A	G	1	2	3	0	0	3	0	0
19	43429365	.	A	G	13	3	16	0	0	16	0	0
19	43429601	.	A	G	15	11	26	0	2	28	0	0
19	43429753	.	A	G	30	9	39	0	1	40	0	0
19	44130371	.	T	C	3	3	6	0	0	6	0	0
19	44993669	.	T	C	35	9	44	0	0	44	0	0
19	46269407	.	A	G	1	3	4	0	0	4	0	0
19	46583646	.	A	G	1	3	4	0	0	4	0	0
2	3461313	.	A	G	2	3	5	0	0	5	0	0
2	3781955	.	C	T	2	2	4	0	0	4	0	0
2	3782875	.	T	C	8	2	10	0	0	10	0	0
2	14152798	.	A	G	7	3	10	0	0	10	0	0
2	14152860	.	A	G	22	7	29	0	1	30	0	0
2	14153492	.	A	G	1	11	12	0	0	12	0	0
2	14153493	.	A	G	1	11	12	0	0	12	0	0
2	14153560	.	A	G	1	4	5	0	0	5	0	0
2	14153568	.	A	G	2	6	8	0	0	8	0	0
2	18219539	.	T	C	9	3	12	0	0	12	0	0
2	18219547	.	T	C	8	4	12	0	0	12	0	0
2	18220174	.	T	C	5	3	8	0	0	8	0	0
2	22477570	.	T	C	0	2	2	2	0	4	0	0
2	22478367	.	T	C	0	2	2	0	0	2	0	0
2	22478451	.	A	G	0	2	2	1	0	3	0	0
2	23398810	.	G	A	6	2	8	5	0	13	0	0
2	24495431	.	G	T	15	3	18	0	1	19	0	0
2	24495436	.	A	T	11	2	13	0	4	17	0	0
2	24950349	.	A	G	6	2	8	0	0	8	0	0
2	26271752	.	A	G	2	2	4	0	0	4	0	0
2	27152654	.	C	T	6	2	8	0	0	8	0	0
2	27152655	.	C	A	6	2	8	0	0	8	0	0
2	29664907	.	T	C	1	3	4	0	0	4	0	0
2	30174243	.	A	T	1	1	2	0	1	3	0	0
2	30848283	.	G	A	9	3	12	0	2	14	0	0
2	32911421	.	T	C	3	2	5	0	0	5	0	0
2	32911428	.	T	C	3	2	5	0	0	5	0	0
2	33301882	.	G	A	8	2	10	0	1	11	0	0
2	53974343	.	T	C	24	1	25	0	11	36	0	0
2	59730019	.	A	G	7	2	9	0	0	9	0	0
2	66028073	.	G	A	8	1	9	0	0	9	0	0
2	68940227	.	A	C	6	2	8	0	5	13	0	0
2	68940233	.	A	C	8	3	11	0	3	14	0	0
2	73105533	.	C	T	3	3	6	0	0	6	0	0
2	73105535	.	A	T	3	3	6	0	0	6	0	0
2	79158590	.	C	T	3	1	4	0	0	4	0	0
2	91043632	.	A	G	38	12	50	0	0	50	0	0
2	92445495	.	C	A	24	8	32	0	13	45	0	0
2	104487747	.	A	G	1	2	3	0	0	3	0	0
2	104511117	.	T	C	23	10	33	0	1	34	0	0
2	113194486	.	T	C	3	2	5	0	0	5	0	0
2	114024370	.	A	G	18	4	22	0	0	22	0	0
2	118577740	.	C	T	27	10	37	0	4	41	0	0
2	118700340	.	A	G	3	2	5	0	0	5	0	0
2	118700712	.	A	G	2	2	4	0	0	4	0	0
2	118700803	.	A	G	5	2	7	0	0	7	0	0
2	120451649	.	A	G	14	7	21	0	1	22	0	0
2	120561518	.	T	C	2	2	4	0	0	4	0	0
2	120564258	.	T	C	21	21	42	0	1	43	0	0
2	120564302	.	T	C	31	19	50	0	1	52	1	0
2	121374875	.	A	G	2	3	5	0	0	5	0	0
2	125100290	.	G	C	2	3	5	0	1	6	0	0
2	126733391	.	T	C	9	3	12	0	0	12	0	0
2	126734785	.	T	C	3	4	7	0	0	7	0	0
2	126734836	.	T	C	17	5	22	0	0	22	0	0
2	126756857	.	T	C	1	7	8	0	0	8	0	0
2	126758102	.	T	C	1	4	5	0	0	5	0	0
2	130397819	.	A	G	9	3	12	0	0	12	0	0
2	130397974	.	A	G	4	4	8	0	0	8	0	0
2	132151800	.	A	G	48	256	304	0	3	307	0	0
2	133403839	.	T	C	4	2	6	0	0	6	0	0
2	152114942	.	A	G	2	8	10	0	0	10	0	0
2	153051040	.	C	A	3	6	9	0	11	27	7	0
2	153108492	.	A	G	9	2	11	0	1	12	0	0
2	153459226	.	T	C	1	3	4	0	0	4	0	0
2	153459246	.	T	C	2	2	4	0	0	4	0	0
2	153460273	.	T	C	6	2	8	0	0	8	0	0
2	153460309	.	T	C	0	2	2	0	0	2	0	0
2	153460310	.	T	C	0	2	2	0	0	2	0	0
2	153463624	.	T	C	3	2	5	0	0	5	0	0
2	153611819	.	A	G	8	3	11	0	0	11	0	0
2	157400030	.	T	C	69	15	84	0	4	88	0	0
2	157400060	.	T	C	67	30	97	0	2	99	0	0
2	157400069	.	T	C	53	30	83	0	1	84	0	0
2	158220838	.	A	G	11	6	17	0	0	17	0	0
2	158220913	.	A	G	3	4	7	0	0	7	0	0
2	158225545	.	A	G	307	53	360	0	2	363	1	0
2	158226873	.	A	G	87	338	425	0	18	443	0	0
2	163309459	.	T	C	10	5	15	0	0	15	0	0
2	163310364	.	T	C	18	3	21	0	0	21	0	0
2	164953669	.	T	C	33	6	39	0	0	39	0	0
2	164953773	.	T	C	27	6	33	0	1	34	0	0
2	168057882	.	T	C	4	2	6	0	0	6	0	0
2	169913373	.	A	G	5	2	7	0	0	7	0	0
2	169913421	.	A	G	6	5	11	0	0	11	0	0
2	174169694	.	A	G	46	14	60	0	1	61	0	0
2	176411921	.	A	T	8	3	11	0	0	11	0	0
2	180226303	.	G	A	6	1	7	0	0	7	0	0
2	180299840	.	A	G	8	2	10	0	0	10	0	0
3	22270401	.	A	T	20	5	25	0	1	26	0	0
3	26385911	.	T	C	11	2	13	0	0	13	0	0
3	32519249	.	G	A	6	6	12	0	6	18	0	0
3	32635577	.	T	C	6	2	8	0	0	8	0	0
3	40748697	.	A	G	33	10	43	0	1	44	0	0
3	63603792	.	A	G	0	2	2	0	0	2	0	0
3	67385195	.	A	G	1	3	4	0	0	4	0	0
3	80599593	.	T	C	6	55	61	0	1	63	1	0
3	80613850	.	T	C	22	4	26	0	1	27	0	0
3	80614159	.	T	C	19	15	34	0	0	34	0	0
3	80614215	.	T	C	109	59	168	0	1	169	0	0
3	85463705	.	T	C	2	3	5	0	0	5	0	0
3	88259498	.	A	G	5	5	10	0	0	10	0	0
3	88259542	.	A	G	5	2	7	0	0	7	0	0
3	88712739	.	T	C	17	6	23	0	0	23	0	0
3	89338392	.	T	C	3	2	5	0	0	5	0	0
3	89967705	.	A	G	1	5	6	0	1	7	0	0
3	89967924	.	A	G	2	3	5	0	0	5	0	0
3	94794244	.	T	A	4	3	7	0	0	7	0	0
3	94794245	.	G	A	4	3	7	0	0	7	0	0
3	95089361	.	G	T	7	1	8	0	0	9	1	0
3	95089363	.	G	T	8	1	9	0	0	9	0	0
3	95090893	.	T	C	1	2	3	0	0	3	0	0
3	95091616	.	T	C	9	3	12	0	1	13	0	0
3	96539776	.	A	G	1	20	21	0	1	22	0	0
3	96540029	.	A	G	25	8	33	0	4	37	0	0
3	101367937	.	C	T	0	2	2	0	0	2	0	0
3	101483703	.	G	C	38	8	46	0	27	73	0	0
3	102973406	.	A	G	42	12	54	0	0	54	0	0
3	104834685	.	A	G	2	4	6	0	0	6	0	0
3	104834690	.	A	G	4	2	6	0	0	6	0	0
3	104835351	.	A	G	5	5	10	0	0	10	0	0
3	104835413	.	A	G	6	2	8	0	0	8	0	0
3	116537746	.	T	C	8	5	13	0	0	13	0	0
3	116537808	.	T	C	14	0	14	0	0	14	0	0
3	116537812	.	T	C	11	3	14	0	0	14	0	0
3	116538330	.	T	C	7	11	18	0	0	18	0	0
3	116538342	.	T	C	12	7	19	0	0	19	0	0
3	122346006	.	G	A	4	3	7	0	4	11	0	0
3	122649913	.	A	G	3	4	7	0	0	7	0	0
3	122649930	.	A	G	4	2	6	0	1	7	0	0
3	127402226	.	T	C	1	0	1	0	0	1	0	0
3	133948757	.	G	A	1	2	3	0	1	4	0	0
3	133965103	.	G	T	7	4	11	0	1	12	0	0
3	133965107	.	C	T	5	2	7	0	5	12	0	0
3	138265030	.	A	G	11	3	14	0	1	15	0	0
3	142254834	.	A	T	2	1	3	0	1	4	0	0
3	152166703	.	T	C	5	3	8	0	0	8	0	0
4	8145182	.	G	T	5	3	8	0	0	8	0	0
4	8145184	.	A	T	5	2	7	0	1	8	0	0
4	9452498	.	A	G	5	2	7	0	0	7	0	0
4	21834548	.	A	G	14	9	23	0	0	23	0	0
4	21834568	.	A	G	16	7	23	0	1	24	0	0
4	21834757	.	A	G	13	2	15	0	2	17	0	0
4	21836550	.	A	G	34	6	40	0	1	41	0	0
4	21911667	.	A	G	7	12	19	0	0	19	0	0
4	21911675	.	A	G	14	7	21	0	1	22	0	0
4	32022582	.	A	G	22	4	26	0	1	27	0	0
4	33019420	.	A	G	57	28	85	0	0	85	0	0
4	33020417	.	A	G	60	60	120	0	2	122	0	0
4	34804021	.	A	G	5	2	7	0	0	7	0	0
4	56811245	.	T	C	13	3	16	0	0	16	0	0
4	56870178	.	T	C	14	4	18	0	2	20	0	0
4	56875732	.	T	C	5	2	7	0	0	7	0	0
4	62370986	.	T	C	3	3	6	0	0	6	0	0
4	62371141	.	T	C	3	3	6	0	0	6	0	0
4	62371673	.	T	C	4	5	9	0	0	9	0	0
4	82212637	.	C	A	6	1	7	0	5	12	0	0
4	86775266	.	T	C	9	2	11	0	1	12	0	0
4	94834227	.	G	A	2	3	5	0	0	5	0	0
4	103021791	.	A	C	4	7	11	0	2	13	0	0
4	103021909	.	A	G	19	5	24	0	3	27	0	0
4	107752985	.	G	T	3	3	6	0	0	6	0	0
4	108198313	.	A	G	3	7	10	0	0	10	0	0
4	118484005	.	A	G	5	16	21	0	1	22	0	0
4	118484020	.	A	G	15	4	19	0	0	19	0	0
4	118484072	.	A	G	18	6	24	0	0	24	0	0
4	118484074	.	A	G	20	4	24	0	0	24	0	0
4	119080668	.	T	C	12	3	15	0	0	15	0	0
4	123368752	.	C	A	9	1	10	0	0	10	0	0
4	123368754	.	G	T	9	1	10	0	0	10	0	0
4	124837078	.	A	G	12	8	20	0	1	21	0	0
4	124837081	.	A	G	14	5	19	0	0	19	0	0
4	124838094	.	A	G	8	2	10	0	0	10	0	0
4	124838169	.	A	G	8	7	15	0	0	15	0	0
4	125982944	.	A	G	8	6	14	0	0	14	0	0
4	125982950	.	A	G	10	2	12	0	0	12	0	0
4	125982989	.	A	G	8	3	11	0	1	12	0	0
4	125985065	.	A	G	3	5	8	0	0	8	0	0
4	125985078	.	A	G	8	2	10	0	0	10	0	0
4	125985458	.	A	G	9	3	12	0	0	12	0	0
4	129074340	.	T	C	2	2	4	0	1	5	0	0
4	131609706	.	C	T	3	2	5	0	0	5	0	0
4	131839510	.	T	C	5	2	7	0	0	7	0	0
4	132221013	.	T	A	7	1	8	0	0	8	0	0
4	132221014	.	G	C	7	1	8	0	0	8	0	0
4	137954192	.	A	G	6	3	9	0	0	9	0	0
4	137987341	.	A	G	50	17	67	0	3	70	0	0
4	137987354	.	A	G	45	28	73	0	1	74	0	0
4	138184300	.	A	G	2	5	7	0	0	7	0	0
4	140678290	.	A	G	10	2	12	0	1	13	0	0
4	140678893	.	A	G	7	3	10	3	0	13	0	0
4	144314687	.	A	G	4	1	5	0	0	5	0	0
4	149203211	.	A	G	16	5	21	0	1	22	0	0
4	154613058	.	T	C	0	1	1	0	0	1	0	0
4	155705483	.	A	G	25	7	32	0	0	32	0	0
4	155705891	.	A	G	4	3	7	0	2	9	0	0
4	155706828	.	A	G	9	8	17	0	0	17	0	0
4	155800341	.	A	G	4	2	6	0	0	6	0	0
4	155800935	.	A	G	5	2	7	0	0	7	0	0
4	155800938	.	A	G	4	3	7	0	0	7	0	0
4	156074537	.	A	G	5	2	7	0	0	7	0	0
4	156095123	.	A	G	59	45	104	0	3	107	0	0
4	156105007	.	T	C	4	2	6	0	0	6	0	0
4	156105664	.	T	C	2	2	4	0	0	4	0	0
4	156105693	.	T	C	6	4	10	0	0	10	0	0
5	3619446	.	T	C	16	4	20	0	1	21	0	0
5	5833142	.	A	G	0	4	4	0	0	4	0	0
5	5833345	.	T	A	4	0	4	0	4	8	0	0
5	5833442	.	T	C	0	1	1	1	0	2	0	0
5	16579501	.	T	C	2	2	4	0	0	4	0	0
5	22733550	.	C	T	0	3	3	1	0	4	0	0
5	22930792	.	C	T	8	2	10	1	0	11	0	0
5	24649635	.	T	C	13	6	19	0	0	19	0	0
5	25430722	.	A	G	9	2	11	0	0	11	0	0
5	29658129	.	A	G	1	6	7	0	0	7	0	0
5	31330824	.	T	C	2	2	4	0	0	4	0	0
5	33149969	.	A	G	5	2	7	0	1	8	0	0
5	33572684	.	A	G	2	2	4	0	0	4	0	0
5	33818885	.	T	A	1	1	2	0	0	2	0	0
5	34333308	.	C	T	8	3	11	0	1	12	0	0
5	34333313	.	C	T	10	2	12	0	3	15	0	0
5	36159635	.	A	G	4	1	5	0	0	5	0	0
5	36159637	.	A	G	4	1	5	0	0	5	0	0
5	44563593	.	G	A	0	1	1	6	1	8	0	0
5	51613169	.	G	A	14	6	20	0	2	22	0	0
5	64066995	.	G	T	1	5	6	0	4	10	0	0
5	64067002	.	G	T	1	0	1	0	4	5	0	0
5	64987809	.	G	T	3	2	5	0	0	5	0	0
5	64987810	.	A	T	3	0	3	0	2	5	0	0
5	65605388	.	T	C	34	25	59	0	0	59	0	0
5	65605389	.	T	C	29	26	55	0	4	59	0	0
5	67500614	.	C	T	2	2	4	0	0	4	0	0
5	67500616	.	C	T	1	2	3	0	1	4	0	0
5	73469787	.	A	G	38	9	47	0	1	48	0	0
5	75358821	.	A	G	8	2	10	0	0	10	0	0
5	77555578	.	T	C	2	13	15	0	0	15	0	0
5	97237587	.	C	T	2	2	4	0	1	5	0	0
5	104652843	.	A	G	21	6	27	0	0	27	0	0
5	115437319	.	T	C	9	6	15	0	0	15	0	0
5	117342751	.	A	G	1	2	3	0	0	3	0	0
5	117412699	.	G	A	6	2	8	0	0	8	0	0
5	121683511	.	T	C	13	6	19	0	0	19	0	0
5	121943604	.	A	G	3	3	6	0	0	6	0	0
5	122872763	.	T	C	13	2	15	0	0	15	0	0
5	122939779	.	T	C	11	2	13	0	0	13	0	0
5	123303207	.	T	C	1	2	3	0	0	3	0	0
5	123386729	.	A	G	22	5	27	0	0	27	0	0
5	123879315	.	T	C	5	10	15	0	0	15	0	0
5	123879362	.	T	C	5	3	8	0	0	8	0	0
5	125533669	.	A	G	20	57	77	0	3	80	0	0
5	125533687	.	A	G	56	19	75	0	1	76	0	0
5	125533970	.	A	G	28	11	39	0	0	39	0	0
5	125533971	.	A	G	31	7	38	0	1	39	0	0
5	125534541	.	A	G	39	28	67	0	3	70	0	0
5	129797823	.	A	G	7	9	16	0	1	17	0	0
5	129798517	.	A	G	16	6	22	0	0	22	0	0
5	131336191	.	A	C	8	3	11	0	5	16	0	0
5	131336196	.	G	C	7	2	9	0	8	17	0	0
5	134173078	.	G	A	6	9	15	0	5	20	0	0
5	135665678	.	A	G	3	4	7	0	0	7	0	0
5	135902582	.	A	C	11	6	17	0	3	20	0	0
5	136941953	.	A	G	57	13	70	0	1	71	0	0
5	137525508	.	A	C	3	3	6	0	5	11	0	0
5	142655047	.	A	G	79	23	102	0	0	102	0	0
5	142855980	.	T	C	2	4	6	0	0	6	0	0
5	143751066	.	A	G	17	5	22	0	0	22	0	0
5	143840226	.	A	G	5	2	7	0	1	8	0	0
5	145041362	.	A	T	4	1	5	0	0	5	0	0
5	145126825	.	T	C	1	2	3	0	0	3	0	0
5	147806831	.	A	G	1	2	3	0	0	3	0	0
5	148120294	.	C	A	0	2	2	1	0	3	0	0
6	29945686	.	A	G	1	2	3	0	0	3	0	0
6	31486641	.	G	C	10	4	14	0	6	20	0	0
6	31492602	.	A	G	9	10	19	0	2	21	0	0
6	31492665	.	A	G	15	7	22	0	0	22	0	0
6	31492682	.	A	G	6	13	19	0	0	19	0	0
6	31492702	.	A	G	9	6	15	0	0	15	0	0
6	35222220	.	T	C	0	3	3	0	0	3	0	0
6	37783131	.	C	T	0	4	4	3	0	7	0	0
6	37847782	.	A	G	11	4	15	0	0	15	0	0
6	39312088	.	T	C	18	9	27	0	1	28	0	0
6	39584626	.	G	A	1	0	1	0	2	3	0	0
6	47846415	.	A	G	11	6	17	0	0	17	0	0
6	47848284	.	A	G	12	2	14	0	0	14	0	0
6	47924470	.	A	G	1	2	3	0	0	3	0	0
6	48375235	.	A	G	2	5	7	0	0	7	0	0
6	49231811	.	T	C	12	2	14	0	1	15	0	0
6	49231812	.	T	C	10	3	13	0	2	15	0	0
6	54462502	.	T	C	3	5	8	0	3	11	0	0
6	57994649	.	G	A	0	2	2	0	0	2	0	0
6	65684167	.	A	G	3	2	5	0	0	5	0	0
6	65684442	.	A	G	1	3	4	0	0	4	0	0
6	65687592	.	A	G	5	2	7	0	0	7	0	0
6	66517110	.	A	G	2	3	5	0	0	5	0	0
6	66517625	.	A	G	5	5	10	0	0	10	0	0
6	66517709	.	A	G	11	2	13	0	0	13	0	0
6	66517724	.	A	G	8	3	11	0	1	12	0	0
6	72584973	.	T	C	8	3	11	0	0	11	0	0
6	85164778	.	G	A	4	2	6	0	0	6	0	0
6	85932353	.	T	C	5	1	6	0	1	7	0	0
6	90576145	.	T	C	2	1	3	0	0	3	0	0
6	90965601	.	T	C	14	3	17	0	0	17	0	0
6	97996092	.	A	T	1	2	3	0	0	3	0	0
6	113266028	.	A	G	3	3	6	0	1	7	0	0
6	113584624	.	A	G	5	2	7	0	0	7	0	0
6	114839044	.	C	T	17	8	25	0	5	30	0	0
6	126619121	.	T	C	42	29	71	0	2	73	0	0
6	134243647	.	G	T	8	2	10	0	0	10	0	0
6	148890858	.	G	A	0	2	2	0	3	5	0	0
6	148890859	.	C	A	0	2	2	0	3	5	0	0
6	149236756	.	A	G	6	2	8	0	1	9	0	0
6	149335673	.	T	C	2	2	4	0	1	5	0	0
6	149461644	.	T	C	6	2	8	0	0	8	0	0
7	4796292	.	A	C	11	5	16	0	7	23	0	0
7	6967217	.	A	G	20	4	24	0	0	24	0	0
7	6967909	.	A	G	7	2	9	0	0	9	0	0
7	6968013	.	A	G	13	7	20	0	0	20	0	0
7	6969259	.	A	G	15	3	18	0	0	18	0	0
7	6969511	.	A	G	13	4	17	0	0	17	0	0
7	6969513	.	A	G	6	11	17	0	0	17	0	0
7	12706114	.	A	G	5	2	7	0	0	7	0	0
7	12706119	.	A	G	4	3	7	0	0	7	0	0
7	12707543	.	A	G	2	2	4	0	0	4	0	0
7	12707548	.	A	G	0	2	2	0	0	2	0	0
7	12717745	.	C	T	8	2	10	0	0	10	0	0
7	15864164	.	G	C	3	6	9	0	8	17	0	0
7	15864170	.	T	C	6	8	14	0	4	18	0	0
7	16605458	.	T	C	3	6	9	0	0	9	0	0
7	16607877	.	T	C	3	2	5	0	0	5	0	0
7	16619450	.	A	G	8	3	11	0	0	11	0	0
7	16619714	.	A	G	53	9	62	0	0	62	0	0
7	18730230	.	A	G	1	2	3	0	0	3	0	0
7	18873733	.	T	C	8	5	13	0	0	13	0	0
7	19446478	.	T	C	1	2	3	0	0	3	0	0
7	23840662	.	G	A	0	9	9	0	0	9	0	0
7	23840986	.	C	A	7	2	9	0	0	9	0	0
7	23927948	.	G	C	6	1	7	0	0	7	0	0
7	23974975	.	A	G	3	3	6	0	0	6	0	0
7	23974988	.	C	T	3	4	7	0	0	7	0	0
7	24710068	.	T	C	50	21	71	0	1	72	0	0
7	24710075	.	T	C	47	18	65	0	2	67	0	0
7	24771992	.	T	C	5	12	17	0	4	21	0	0
7	26904992	.	A	G	5	3	8	0	0	8	0	0
7	26904993	.	A	G	1	7	8	0	0	8	0	0
7	26905060	.	A	G	2	3	5	0	0	5	0	0
7	27520956	.	A	G	5	4	9	0	0	9	0	0
7	27521358	.	A	G	3	3	6	0	1	7	0	0
7	27521368	.	A	G	2	5	7	0	0	7	0	0
7	27610056	.	C	A	5	0	5	0	0	5	0	0
7	28922288	.	T	C	2	2	4	0	0	4	0	0
7	39217075	.	A	G	11	3	14	0	0	14	0	0
7	42261202	.	A	C	5	2	7	0	0	7	0	0
7	43174884	.	T	C	1	3	4	0	0	4	0	0
7	43175443	.	T	C	1	3	4	0	0	4	0	0
7	45120579	.	T	C	3	2	5	0	0	5	0	0
7	45122924	.	T	C	1	2	3	0	0	3	0	0
7	45122926	.	T	C	1	2	3	0	0	3	0	0
7	45532982	.	A	T	3	2	5	0	2	7	0	0
7	49206120	.	A	G	1	2	3	0	0	3	0	0
7	55627368	.	T	C	82	23	105	0	2	107	0	0
7	58875215	.	T	C	1	3	4	0	0	4	0	0
7	58980132	.	T	C	3	3	6	0	0	6	0	0
7	59629969	.	A	G	7	2	9	0	0	9	0	0
7	65822625	.	A	C	1	2	3	0	1	4	0	0
7	73387821	.	T	C	3	2	5	0	0	5	0	0
7	79891696	.	A	G	3	2	5	0	0	5	0	0
7	80679285	.	G	A	11	1	12	0	0	12	0	0
7	81180363	.	A	G	1	2	3	0	0	3	0	0
7	81253540	.	T	C	25	4	29	0	0	29	0	0
7	81521958	.	A	G	6	5	11	0	0	11	0	0
7	81522050	.	A	G	3	6	9	0	2	11	0	0
7	81522943	.	A	G	3	3	6	0	1	7	0	0
7	82283160	.	A	G	1	2	3	0	0	3	0	0
7	82516900	.	C	A	7	2	9	0	1	10	0	0
7	84228007	.	T	G	11	2	13	0	0	13	0	0
7	96974827	.	G	T	3	1	4	0	0	4	0	0
7	101546254	.	G	A	2	2	4	0	0	4	0	0
7	101732264	.	G	A	3	2	5	0	0	5	0	0
7	111070893	.	T	C	7	2	9	0	0	9	0	0
7	119339549	.	G	A	4	0	4	0	0	4	0	0
7	120327603	.	G	A	2	2	4	0	0	4	0	0
7	121586933	.	T	C	1	2	3	0	0	3	0	0
7	121586934	.	T	C	1	2	3	0	0	3	0	0
7	122793209	.	G	A	1	2	3	0	1	4	0	0
7	123582585	.	A	G	7	2	9	0	0	9	0	0
7	126465028	.	G	A	1	2	3	0	1	4	0	0
7	126465030	.	C	A	1	1	2	0	2	4	0	0
7	126853494	.	A	G	30	9	39	0	0	39	0	0
7	127160348	.	G	A	0	1	1	0	3	4	0	0
7	127165579	.	A	G	3	2	5	0	0	5	0	0
7	127178205	.	A	G	1	4	5	0	0	5	0	0
7	127178234	.	A	G	2	3	5	0	1	6	0	0
7	127206456	.	A	G	13	3	16	0	0	16	0	0
7	127503831	.	T	C	1	1	2	0	2	4	0	0
7	128298185	.	C	T	2	2	4	0	1	5	0	0
7	130360893	.	A	T	2	5	7	0	0	7	0	0
7	132440524	.	T	C	2	2	4	0	0	4	0	0
7	135287986	.	T	C	11	3	14	0	0	14	0	0
7	139715640	.	A	G	1	5	6	0	0	6	0	0
7	140390965	.	T	C	8	2	10	0	1	11	0	0
7	140391023	.	T	C	15	10	25	0	0	25	0	0
7	142207010	.	T	C	35	16	51	0	2	53	0	0
7	142207465	.	T	C	29	6	35	0	0	35	0	0
8	3588399	.	A	G	2	5	7	0	0	7	0	0
8	4259600	.	A	G	4	2	6	0	0	6	0	0
8	4579418	.	A	T	6	2	8	0	0	8	0	0
8	13336085	.	T	C	4	2	6	0	0	6	0	0
8	14078025	.	T	C	2	3	5	0	1	6	0	0
8	14140659	.	G	A	16	0	16	0	0	16	0	0
8	14140661	.	A	C	16	0	16	0	0	16	0	0
8	19732474	.	C	A	4	4	8	0	0	8	0	0
8	20030895	.	C	A	2	1	3	0	0	3	0	0
8	20030901	.	C	A	2	1	3	0	0	3	0	0
8	20053692	.	A	C	2	3	5	0	0	5	0	0
8	20053852	.	A	G	1	2	3	0	0	3	0	0
8	20157920	.	G	T	5	3	8	0	0	8	0	0
8	20721217	.	A	G	5	2	7	0	0	7	0	0
8	20727130	.	G	A	30	15	45	0	0	45	0	0
8	20727188	.	A	G	4	5	9	0	0	9	0	0
8	20727193	.	A	G	5	4	9	0	0	9	0	0
8	26305539	.	T	C	1	2	3	0	1	4	0	0
8	26489012	.	A	G	3	1	4	0	0	4	0	0
8	37462043	.	T	C	1	2	3	0	0	3	0	0
8	41307411	.	T	C	2	0	2	0	0	2	0	0
8	41370814	.	A	G	5	4	9	0	0	9	0	0
8	42061914	.	T	C	0	5	5	0	0	5	0	0
8	48005201	.	A	G	14	4	18	0	0	18	0	0
8	65171176	.	A	T	3	2	5	0	0	5	0	0
8	70028770	.	G	A	1	3	4	2	0	6	0	0
8	70846188	.	T	C	3	4	7	0	0	7	0	0
8	71099139	.	A	G	1	2	3	0	0	3	0	0
8	71826333	.	A	G	8	3	11	0	2	13	0	0
8	72977426	.	A	G	14	21	35	0	1	36	0	0
8	84977744	.	T	C	6	2	8	0	0	8	0	0
8	84982543	.	T	C	5	7	12	0	0	12	0	0
8	85812789	.	A	G	4	2	6	0	0	6	0	0
8	88898496	.	A	G	17	5	22	0	0	22	0	0
8	94744391	.	G	T	9	3	12	2	2	16	0	0
8	94744392	.	G	T	9	3	12	2	2	16	0	0
8	96099873	.	G	C	2	3	5	0	4	9	0	0
8	96099877	.	G	C	2	3	5	0	4	9	0	0
8	106041374	.	T	C	1	3	4	0	0	4	0	0
8	107744427	.	A	G	5	3	8	0	0	8	0	0
8	107744848	.	A	G	6	5	11	0	1	12	0	0
8	110817217	.	A	G	26	10	36	0	0	36	0	0
8	124261954	.	A	G	5	2	7	0	0	7	0	0
8	125620613	.	T	C	6	11	17	0	1	18	0	0
8	125620618	.	T	C	3	15	18	0	2	20	0	0
8	125620861	.	T	C	16	5	21	0	1	22	0	0
8	125620923	.	T	C	5	24	29	0	0	29	0	0
8	125620929	.	T	C	10	16	26	0	1	27	0	0
9	3387716	.	A	G	10	3	13	0	0	13	0	0
9	3387771	.	A	G	14	4	18	0	1	19	0	0
9	8022080	.	T	C	7	2	9	0	0	9	0	0
9	14691487	.	G	T	11	3	14	0	2	16	0	0
9	14691493	.	A	T	10	2	12	0	2	14	0	0
9	19839186	.	C	A	0	2	2	0	0	2	0	0
9	20508055	.	A	G	5	4	9	0	0	9	0	0
9	20512443	.	A	G	11	2	13	0	0	13	0	0
9	20513875	.	A	G	1	2	3	0	0	3	0	0
9	20513879	.	A	G	1	2	3	0	0	3	0	0
9	20515715	.	A	G	2	3	5	0	0	5	0	0
9	20515794	.	A	G	2	2	4	0	0	4	0	0
9	20515808	.	A	G	1	3	4	0	0	4	0	0
9	21122912	.	G	A	7	8	15	0	2	17	0	0
9	30377986	.	T	C	5	2	7	0	0	8	1	0
9	30873858	.	C	T	3	1	4	0	1	5	0	0
9	30873860	.	A	T	3	2	5	0	0	5	0	0
9	37056321	.	A	G	7	2	9	0	0	9	0	0
9	42163217	.	T	G	14	5	19	0	4	23	0	0
9	44204076	.	T	C	10	2	12	0	0	12	0	0
9	44419709	.	A	C	3	3	6	0	3	9	0	0
9	44419712	.	A	C	4	1	5	0	4	9	0	0
9	44698677	.	T	C	1	2	3	0	0	3	0	0
9	51534505	.	T	C	0	3	3	0	0	3	0	0
9	52015047	.	A	G	1	2	3	0	0	3	0	0
9	54275803	.	G	T	0	3	3	0	2	5	0	0
9	54275804	.	G	T	1	3	4	0	1	5	0	0
9	54856219	.	C	T	1	1	2	0	1	3	0	0
9	55951503	.	T	G	1	2	3	0	0	3	0	0
9	58125573	.	T	C	5	2	7	0	1	8	0	0
9	64973996	.	A	G	2	2	4	0	0	4	0	0
9	65032061	.	A	G	1	2	3	0	0	3	0	0
9	65253476	.	A	G	2	2	4	0	0	4	0	0
9	65600226	.	A	G	1	2	3	0	0	3	0	0
9	66280460	.	A	G	1	2	3	0	0	3	0	0
9	66425652	.	G	T	16	4	20	0	0	20	0	0
9	66931486	.	C	G	14	8	22	0	5	27	0	0
9	67127311	.	T	C	31	6	37	0	0	37	0	0
9	69923101	.	A	G	3	2	5	0	1	6	0	0
9	72270786	.	C	A	12	4	16	0	4	20	0	0
9	73387872	.	G	T	3	3	6	0	0	6	0	0
9	79351592	.	T	C	2	1	3	0	0	3	0	0
9	88329249	.	T	C	2	2	4	0	0	4	0	0
9	95939293	.	A	G	19	6	25	0	0	25	0	0
9	96826065	.	T	A	3	1	4	0	1	5	0	0
9	106251564	.	C	T	25	13	38	0	1	39	0	0
9	108215047	.	T	G	1	4	5	0	7	12	0	0
9	110086210	.	A	G	2	4	6	0	0	6	0	0
9	121587553	.	A	C	8	2	10	0	0	10	0	0
9	122903332	.	C	T	9	2	11	0	0	11	0	0
9	124034058	.	T	G	9	4	13	0	0	13	0	0
X	37774635	.	A	G	2	3	5	1	0	6	0	0
X	40743129	.	A	G	2	11	13	0	0	13	0	0
X	40743165	.	A	G	2	4	6	0	0	6	0	0
X	60231705	.	A	G	14	9	23	0	0	23	0	0
X	69388256	.	T	C	28	9	37	0	2	39	0	0
X	73270255	.	T	C	6	5	11	0	0	11	0	0
X	73270256	.	T	C	2	9	11	0	0	11	0	0
X	73270468	.	T	C	0	9	9	0	1	10	0	0
X	73328537	.	A	G	1	4	5	0	0	5	0	0
X	73328559	.	A	G	2	3	5	0	0	5	0	0
X	73328787	.	A	G	1	4	5	0	0	5	0	0
X	73413119	.	A	G	5	2	7	0	0	7	0	0
X	77494023	.	A	G	3	2	5	0	0	5	0	0
X	102620090	.	T	C	3	6	9	0	0	9	0	0
X	102620099	.	T	C	3	6	9	0	0	9	0	0
X	102620158	.	T	C	2	10	12	0	0	12	0	0
X	102623385	.	T	C	5	1	6	0	1	7	0	0
X	102623421	.	T	C	6	2	8	0	0	8	0	0
X	102631489	.	T	C	4	2	6	0	0	6	0	0
X	132588784	.	C	T	3	2	5	0	0	5	0	0
X	133489379	.	T	C	6	4	10	0	0	10	0	0
X	133489405	.	T	C	8	5	13	0	0	13	0	0
X	133490096	.	T	C	6	2	8	0	0	8	0	0
X	133490134	.	T	C	4	6	10	0	0	10	0	0
X	149767614	.	T	C	75	56	131	1	4	136	0	0
X	149768450	.	T	C	137	39	176	0	2	178	0	0
X	151078480	.	G	A	13	3	16	0	2	18	0	0
X	160617938	.	A	G	4	2	6	0	0	6	0	0
X	162761028	.	T	C	0	3	3	0	0	3	0	0
X	164972992	.	A	G	3	2	5	0	1	6	0	0
Y	1016394	.	A	G	7	17	24	0	2	26	0	0
Y	1048551	.	A	G	4	3	7	0	0	7	0	0
Y	1048565	.	A	G	5	3	8	0	0	8	0	0
Y	1048604	.	A	G	5	3	8	0	0	8	0	0
Y	1048726	.	A	G	2	2	4	0	0	4	0	0
Y	1049036	.	A	G	1	2	3	0	0	3	0	0
