contig	position	variantID	refAllele	altAllele	refCount	altCount	totalCount	lowMAPQDepth	lowBaseQDepth	rawDepth	otherBases	improperPairs
1	10101774	.	T	C	1	4	5	0	0	5	0	0
1	13636292	.	T	A	2	2	4	0	8	12	0	0
1	13695260	.	T	C	7	8	15	0	0	15	0	0
1	13695965	.	T	C	1	6	7	0	0	7	0	0
1	22031785	.	T	C	3	8	11	0	1	12	0	0
1	22031965	.	T	C	7	3	10	0	0	10	0	0
1	24303068	.	A	T	2	2	4	0	1	5	0	0
1	33835490	.	T	C	9	2	11	0	0	11	0	0
1	36405381	.	T	C	1	2	3	0	0	3	0	0
1	38092381	.	G	T	5	1	6	0	3	9	0	0
1	39695898	.	A	G	3	4	7	0	0	7	0	0
1	39696041	.	A	G	7	4	11	0	1	12	0	0
1	42739790	.	C	T	11	4	15	0	0	15	0	0
1	51507738	.	T	C	1	2	3	0	0	3	0	0
1	52202611	.	G	T	2	2	4	0	0	4	0	0
1	59756998	.	A	G	8	3	11	0	0	11	0	0
1	59913367	.	A	G	51	28	79	0	5	84	0	0
1	60220742	.	G	T	6	1	7	0	1	8	0	0
1	60220746	.	A	T	5	1	6	0	2	8	0	0
1	60374867	.	T	C	10	3	13	0	0	13	0	0
1	60517747	.	A	G	22	24	46	0	4	50	0	0
1	60744104	.	G	A	1	0	1	1	0	2	0	0
1	66711873	.	A	G	43	22	65	0	5	70	0	0
1	74477923	.	G	A	9	2	11	0	0	11	0	0
1	74477929	.	T	A	7	2	9	0	1	10	0	0
1	75398649	.	A	G	13	2	15	0	0	15	0	0
1	75398708	.	A	G	2	14	16	0	0	16	0	0
1	86273633	.	T	C	6	6	12	0	0	12	0	0
1	86273652	.	T	C	11	2	13	0	0	13	0	0
1	86275650	.	T	C	22	5	27	0	1	28	0	0
1	86275689	.	T	C	24	5	29	0	4	33	0	0
1	86276528	.	T	C	9	3	12	0	0	12	0	0
1	88187289	.	A	G	1	4	5	0	1	6	0	0
1	88187311	.	C	T	2	3	5	0	1	6	0	0
1	88187766	.	G	A	1	2	3	0	0	3	0	0
1	88187978	.	T	G	2	2	4	0	1	5	0	0
1	88188121	.	A	C	4	2	6	0	0	6	0	0
1	88188150	.	C	A	3	3	6	0	0	6	0	0
1	88188277	.	C	G	2	3	5	0	0	5	0	0
1	88188846	.	T	G	2	2	4	0	0	4	0	0
1	88189360	.	G	A	2	2	4	0	0	4	0	0
1	88189404	.	C	T	1	2	3	0	0	3	0	0
1	88190661	.	G	C	3	1	4	0	0	4	0	0
1	88190781	.	C	T	3	2	5	0	1	6	0	0
1	88191237	.	A	C	8	28	36	0	2	38	0	0
1	88191320	.	C	T	8	18	26	0	2	28	0	0
1	88191468	.	C	G	3	28	31	0	0	31	0	0
1	88191706	.	G	A	23	8	31	0	0	31	0	0
1	88191710	.	T	C	10	18	28	0	0	28	0	0
1	88191744	.	C	A	9	6	15	0	0	15	0	0
1	88191864	.	G	T	29	6	35	0	2	37	0	0
1	88192037	.	T	A	1	12	13	0	0	13	0	0
1	88192048	.	G	C	9	19	28	0	0	28	0	0
1	88192098	.	G	A	37	7	44	0	0	44	0	0
1	88192180	.	G	T	30	7	37	0	1	38	0	0
1	88192184	.	T	A	33	7	40	0	0	40	0	0
1	88192243	.	A	G	9	19	28	0	0	28	0	0
1	88192700	.	G	A	5	21	26	0	0	26	0	0
1	88192756	.	G	A	3	19	22	0	1	23	0	0
1	88192844	.	G	A	2	19	21	0	0	21	0	0
1	88192980	.	A	G	7	27	34	1	5	40	0	0
1	88193031	.	C	G	6	8	14	0	2	16	0	0
1	88193194	.	C	T	3	5	8	0	1	9	0	0
1	88193568	.	A	C	1	2	3	0	0	3	0	0
1	88193917	.	G	A	4	20	24	0	0	24	0	0
1	88197053	.	T	C	0	3	3	0	0	3	0	0
1	88197991	.	A	G	2	16	18	0	0	18	0	0
1	88200452	.	A	G	1	8	9	0	2	11	0	0
1	88200718	.	C	A	1	10	11	0	0	11	0	0
1	88200832	.	C	T	2	10	12	0	0	12	0	0
1	88202772	.	A	T	2	2	4	0	0	4	0	0
1	88204960	.	T	C	1	2	3	4	0	7	0	0
1	88205197	.	A	G	0	3	3	0	0	3	0	0
1	88205286	.	A	T	3	1	4	0	0	4	0	0
1	93299307	.	A	G	8	7	15	0	0	15	0	0
1	105681669	.	A	T	17	5	22	0	4	26	0	0
1	125796243	.	C	T	5	4	9	0	3	12	0	0
1	125796244	.	A	T	6	3	9	0	3	12	0	0
1	128101125	.	G	T	2	1	3	0	0	3	0	0
1	131953439	.	T	C	11	6	17	0	2	19	0	0
1	132927303	.	T	C	2	2	4	0	0	4	0	0
1	143021806	.	G	A	1	2	3	0	1	4	0	0
1	156255182	.	T	C	3	13	16	0	0	16	0	0
1	156255601	.	T	C	6	2	8	0	0	8	0	0
1	160835343	.	T	C	7	3	10	0	0	10	0	0
1	164118754	.	A	G	3	2	5	0	0	5	0	0
1	169521792	.	C	T	54	9	63	0	0	63	0	0
1	178779812	.	T	C	11	2	13	0	1	14	0	0
1	178780229	.	T	C	4	3	7	0	1	8	0	0
1	180924020	.	T	C	14	8	22	0	0	22	0	0
1	181039468	.	A	T	2	1	3	0	0	3	0	0
1	181644159	.	C	A	5	1	6	0	2	8	0	0
1	181644165	.	G	A	5	1	6	0	3	9	0	0
1	183105229	.	A	G	12	3	15	0	0	15	0	0
1	183105230	.	A	G	12	3	15	0	0	15	0	0
1	183190594	.	A	G	6	4	10	0	0	10	0	0
1	183190682	.	A	G	12	3	15	0	0	15	0	0
1	191642234	.	C	T	11	2	13	0	8	21	0	0
10	18000844	.	T	C	4	2	6	0	1	7	0	0
10	29104091	.	A	G	20	5	25	0	7	32	0	0
10	30709182	.	T	A	3	2	5	0	0	5	0	0
10	33791335	.	A	G	1	2	3	0	0	3	0	0
10	33865251	.	T	C	6	2	8	0	0	8	0	0
10	33869337	.	T	C	14	3	17	0	0	17	0	0
10	49118584	.	T	C	5	4	9	0	0	9	0	0
10	49118640	.	T	C	5	5	10	0	0	10	0	0
10	49120426	.	T	C	0	11	11	0	1	12	0	0
10	49148872	.	T	C	3	16	19	0	0	19	0	0
10	49148885	.	T	C	4	17	21	0	0	21	0	0
10	57383221	.	A	G	6	3	9	0	0	9	0	0
10	57383252	.	A	G	3	2	5	0	0	5	0	0
10	61268996	.	T	G	7	3	10	0	3	13	0	0
10	69860458	.	G	A	14	8	22	0	6	28	0	0
10	75877880	.	A	T	5	0	5	0	3	8	0	0
10	76192095	.	A	G	5	0	5	0	0	5	0	0
10	76391424	.	A	G	6	2	8	0	0	8	0	0
10	80403193	.	T	C	39	8	47	0	0	47	0	0
10	80521584	.	T	C	7	4	11	0	1	12	0	0
10	80521810	.	T	C	11	2	13	0	0	13	0	0
10	80522269	.	T	C	10	2	12	0	1	13	0	0
10	80631199	.	A	T	1	8	9	0	0	9	0	0
10	81366443	.	G	A	6	2	8	0	4	12	0	0
10	82486405	.	T	C	6	3	9	0	0	9	0	0
10	82486613	.	T	C	8	5	13	0	0	13	0	0
10	86672203	.	A	G	14	7	21	0	0	21	0	0
10	86672208	.	A	G	14	8	22	0	0	22	0	0
10	87771072	.	A	T	0	1	1	0	2	3	0	0
10	87771073	.	C	T	1	1	2	0	1	3	0	0
10	93801926	.	T	C	7	2	9	0	0	9	0	0
10	99932788	.	A	C	8	3	11	0	0	11	0	0
10	99932794	.	A	C	5	2	7	0	2	9	0	0
10	117190717	.	C	T	4	0	4	0	4	8	0	0
10	117190723	.	C	T	4	0	4	0	3	7	0	0
10	127038297	.	T	C	1	2	3	0	0	3	0	0
10	127038306	.	T	C	1	2	3	0	0	3	0	0
10	128032764	.	A	G	2	3	5	0	0	5	0	0
10	128228610	.	A	C	18	7	25	0	4	29	0	0
11	3077575	.	C	A	3	2	5	25	0	30	0	0
11	3407590	.	A	G	5	2	7	0	0	7	0	0
11	3902194	.	A	C	0	4	4	0	0	4	0	0
11	4091432	.	T	C	13	3	16	0	0	16	0	0
11	4092108	.	T	C	12	8	20	0	0	20	0	0
11	4092790	.	T	C	11	10	21	0	2	23	0	0
11	4717141	.	T	C	44	9	53	0	0	53	0	0
11	5919668	.	A	T	4	3	7	0	0	7	0	0
11	19670908	.	C	T	0	2	2	1	0	3	0	0
11	20774457	.	T	G	4	5	9	0	4	13	0	0
11	35678531	.	A	T	16	4	20	0	0	20	0	0
11	45821425	.	T	C	8	4	12	0	0	12	0	0
11	46163470	.	T	C	44	196	240	0	5	245	0	0
11	48691187	.	C	T	19	11	30	0	0	30	0	0
11	51487514	.	T	C	2	2	4	0	0	4	0	0
11	59223663	.	T	G	2	3	5	0	1	6	0	0
11	59347027	.	A	G	14	15	29	0	0	29	0	0
11	59347029	.	A	G	18	11	29	0	0	29	0	0
11	59347083	.	A	G	18	5	23	0	0	23	0	0
11	59349201	.	A	G	14	4	18	0	1	19	0	0
11	59401821	.	A	G	7	2	9	0	1	10	0	0
11	59401881	.	A	G	4	5	9	0	0	9	0	0
11	60623531	.	A	G	10	2	12	0	1	13	0	0
11	60749725	.	A	G	1	2	3	0	0	3	0	0
11	69674128	.	A	G	9	3	12	0	0	12	0	0
11	69807381	.	G	A	5	1	6	0	0	6	0	0
11	69922901	.	A	G	4	2	6	0	0	6	0	0
11	69922950	.	A	G	3	1	4	0	1	5	0	0
11	69923921	.	A	G	4	4	8	0	0	8	0	0
11	69926003	.	A	G	3	2	5	0	0	5	0	0
11	69927363	.	A	G	0	4	4	0	0	4	0	0
11	69927869	.	A	G	1	10	11	0	0	11	0	0
11	69937302	.	A	G	3	3	6	0	0	6	0	0
11	69937304	.	A	G	3	3	6	0	0	6	0	0
11	70500705	.	C	T	5	2	7	0	1	8	0	0
11	70500706	.	G	A	6	2	8	0	0	8	0	0
11	74529814	.	A	C	6	3	9	0	1	10	0	0
11	75067166	.	T	C	13	5	18	0	1	19	0	0
11	75067170	.	T	C	12	7	19	0	0	19	0	0
11	75067210	.	T	C	15	4	19	0	0	19	0	0
11	75067258	.	T	C	19	7	26	0	0	26	0	0
11	75068285	.	T	C	15	5	20	0	1	21	0	0
11	75068297	.	T	C	22	7	29	0	1	30	0	0
11	75338790	.	C	A	5	1	6	0	0	6	0	0
11	77426880	.	T	C	31	12	43	0	1	44	0	0
11	77873990	.	T	G	4	2	6	0	0	6	0	0
11	78047512	.	G	A	8	1	9	0	2	11	0	0
11	78187443	.	A	G	1	3	4	0	0	4	0	0
11	78187480	.	A	G	0	3	3	0	0	3	0	0
11	80069675	.	A	G	9	3	12	0	0	12	0	0
11	82854512	.	A	G	6	2	8	0	0	8	0	0
11	83674148	.	C	T	3	3	6	0	0	6	0	0
11	84206641	.	T	C	4	0	4	0	0	4	0	0
11	86521440	.	A	C	1	2	3	10	0	13	0	0
11	86521633	.	T	C	1	4	5	2	0	7	0	0
11	86521703	.	A	G	5	0	5	1	1	7	0	0
11	87014308	.	A	G	7	2	9	0	0	9	0	0
11	88927208	.	T	C	13	7	20	0	0	20	0	0
11	94431300	.	T	C	4	2	6	0	0	6	0	0
11	94431318	.	T	C	2	5	7	0	0	7	0	0
11	94432839	.	T	C	2	6	8	0	0	8	0	0
11	94432859	.	T	C	10	4	14	0	0	14	0	0
11	95659143	.	C	T	8	6	14	0	0	14	0	0
11	95962469	.	T	C	1	2	3	0	1	4	0	0
11	95962488	.	T	C	3	2	5	0	0	5	0	0
11	96855788	.	A	G	2	5	7	0	0	7	0	0
11	97734000	.	A	G	45	10	55	0	2	57	0	0
11	97913798	.	A	G	0	1	1	0	0	1	0	0
11	98787094	.	A	C	5	2	7	0	1	8	0	0
11	98787097	.	A	C	4	1	5	0	3	8	0	0
11	100488792	.	T	C	5	2	7	0	0	7	0	0
11	101080710	.	A	C	10	6	16	0	3	19	0	0
11	101080714	.	G	C	13	5	18	0	8	26	0	0
11	101089557	.	T	C	4	2	6	0	1	7	0	0
11	101089802	.	T	C	5	3	8	0	0	8	0	0
11	101379708	.	C	T	1	2	3	0	0	3	0	0
11	102053496	.	G	A	0	1	1	0	1	2	0	0
11	106048604	.	T	C	10	2	12	0	1	13	0	0
11	106089633	.	T	C	7	3	10	0	0	10	0	0
11	107102525	.	G	T	10	6	16	0	3	19	0	0
11	107102528	.	G	T	12	3	15	0	1	16	0	0
11	109927372	.	C	A	2	1	3	0	0	3	0	0
11	110964753	.	C	T	3	2	5	0	0	5	0	0
11	115052478	.	T	G	7	2	9	0	0	9	0	0
11	115052490	.	C	T	7	2	9	0	0	9	0	0
11	115534972	.	A	T	11	7	18	0	6	24	0	0
11	116013650	.	T	C	1	2	3	0	0	3	0	0
11	116325148	.	C	T	5	1	6	0	0	6	0	0
11	116471963	.	T	C	6	19	25	0	0	25	0	0
11	120519173	.	C	T	10	7	17	0	5	22	0	0
12	3454168	.	A	G	32	6	38	0	0	38	0	0
12	3454248	.	A	G	10	23	33	0	1	34	0	0
12	3454647	.	A	G	21	35	56	0	4	60	0	0
12	3454648	.	A	G	37	23	60	0	0	60	0	0
12	17479599	.	A	G	9	2	11	0	1	12	0	0
12	17479809	.	A	G	4	12	16	0	0	16	0	0
12	17479860	.	A	G	10	5	15	0	0	15	0	0
12	17479885	.	A	G	8	2	10	0	1	11	0	0
12	46747117	.	T	C	26	8	34	0	1	35	0	0
12	52617093	.	G	T	13	3	16	0	1	17	0	0
12	54718540	.	T	C	16	4	20	0	0	20	0	0
12	54719142	.	T	C	21	8	29	0	0	29	0	0
12	65091728	.	A	G	0	2	2	0	0	2	0	0
12	65091735	.	A	G	1	2	3	0	1	4	0	0
12	69244102	.	A	G	20	5	25	0	0	25	0	0
12	71041403	.	A	G	9	20	29	0	0	29	0	0
12	71041903	.	A	G	5	18	23	0	0	23	0	0
12	71041909	.	A	G	13	6	19	0	0	19	0	0
12	71180745	.	T	C	4	2	6	0	1	7	0	0
12	72955837	.	T	C	1	3	4	0	0	4	0	0
12	72955848	.	T	C	1	5	6	0	0	6	0	0
12	73975614	.	A	G	2	4	6	0	0	6	0	0
12	75677928	.	A	G	1	3	4	3	0	7	0	0
12	75678133	.	A	G	2	2	4	3	0	7	0	0
12	76967257	.	T	C	2	1	3	0	4	7	0	0
12	80216557	.	G	T	9	2	11	0	0	11	0	0
12	84197105	.	A	C	3	2	5	0	0	5	0	0
12	84197111	.	A	C	4	2	6	0	0	6	0	0
12	84820971	.	A	G	8	2	10	0	0	10	0	0
12	84969484	.	T	C	1	3	4	0	0	4	0	0
12	101886131	.	T	C	26	5	31	0	1	32	0	0
12	101887890	.	T	C	21	4	25	0	1	26	0	0
12	108641780	.	A	C	23	10	33	0	4	37	0	0
12	109609786	.	A	T	0	2	2	0	0	2	0	0
12	109609789	.	C	T	0	1	1	0	1	2	0	0
12	109681757	.	A	G	1	3	4	0	0	4	0	0
13	3702325	.	A	G	3	3	6	0	0	6	0	0
13	3702360	.	A	G	2	4	6	0	0	6	0	0
13	3702375	.	A	G	2	9	11	0	0	11	0	0
13	8901801	.	T	C	8	2	10	0	0	10	0	0
13	14176103	.	T	C	3	2	5	0	0	5	0	0
13	14225628	.	T	C	20	3	23	0	0	23	0	0
13	15989053	.	T	C	1	2	3	0	0	3	0	0
13	17978732	.	T	C	2	2	4	0	0	4	0	0
13	21574169	.	T	C	6	3	9	0	0	9	0	0
13	21576512	.	T	C	4	2	6	0	0	6	0	0
13	24999535	.	A	G	1	7	8	0	1	9	0	0
13	24999568	.	A	G	4	2	6	0	0	6	0	0
13	42065982	.	A	G	1	2	3	0	0	3	0	0
13	46829818	.	T	C	4	2	6	0	0	6	0	0
13	54260782	.	T	A	10	3	13	0	2	15	0	0
13	54260784	.	C	A	11	4	15	0	0	15	0	0
13	54388404	.	C	T	7	2	9	0	1	10	0	0
13	58151411	.	A	C	7	3	10	0	1	11	0	0
13	63448526	.	A	G	4	3	7	0	0	7	0	0
13	64437994	.	T	C	12	3	15	0	0	15	0	0
13	64438124	.	T	C	11	3	14	0	0	14	0	0
13	67289086	.	T	C	8	2	10	0	0	10	0	0
13	67621265	.	T	C	1	4	5	0	0	5	0	0
13	67621271	.	T	C	5	3	8	0	0	8	0	0
13	67806962	.	T	C	2	3	5	0	0	5	0	0
13	67806988	.	T	C	1	2	3	0	0	3	0	0
13	67807003	.	T	C	2	3	5	0	0	5	0	0
13	67807053	.	T	C	0	2	2	0	0	2	0	0
13	67807068	.	T	C	1	2	3	0	0	3	0	0
13	93567576	.	G	A	3	4	7	0	1	8	0	0
13	110088083	.	A	C	5	3	8	0	2	10	0	0
13	110088088	.	A	C	5	3	8	0	2	10	0	0
13	120227328	.	G	T	15	3	18	0	7	25	0	0
14	4188227	.	T	C	16	3	19	0	0	19	0	0
14	9647289	.	A	G	45	7	52	0	1	53	0	0
14	10058181	.	A	G	23	11	34	0	2	36	0	0
14	14533725	.	T	C	1	5	6	0	1	7	0	0
14	20517408	.	T	C	1	3	4	0	0	4	0	0
14	21846832	.	A	G	19	26	45	0	1	46	0	0
14	29788070	.	T	C	7	3	10	0	0	10	0	0
14	29788078	.	T	C	6	4	10	0	0	10	0	0
14	31422583	.	T	C	26	8	34	0	2	36	0	0
14	31423408	.	T	C	34	7	41	0	0	41	0	0
14	32018582	.	A	G	23	14	37	0	0	37	0	0
14	32300088	.	A	G	3	2	5	0	1	6	0	0
14	32660808	.	T	C	2	2	4	0	1	5	0	0
14	34396123	.	A	C	2	3	5	0	3	8	0	0
14	51109987	.	A	G	5	6	11	0	0	11	0	0
14	52531686	.	A	G	13	50	63	0	0	63	0	0
14	54744923	.	C	T	9	4	13	0	3	16	0	0
14	54744924	.	G	T	9	5	14	0	3	17	0	0
14	60618107	.	C	A	8	3	11	0	2	13	0	0
14	60618210	.	G	A	13	3	16	0	2	18	0	0
14	65291200	.	A	G	10	3	13	0	20	33	0	0
14	65434640	.	T	C	25	12	37	0	0	37	0	0
14	66208572	.	A	C	1	4	5	0	4	9	0	0
14	66208578	.	T	C	1	4	5	0	3	8	0	0
14	75957159	.	T	C	11	6	17	0	0	17	0	0
14	103584115	.	T	C	17	17	34	0	0	34	0	0
14	119114321	.	G	A	10	2	12	0	7	19	0	0
15	8187674	.	A	G	2	9	11	0	0	11	0	0
15	8245655	.	A	G	2	2	4	0	0	4	0	0
15	9199559	.	A	G	27	11	38	0	2	40	0	0
15	9199560	.	A	G	32	6	38	0	2	40	0	0
15	23474502	.	T	C	7	2	9	0	0	9	0	0
15	34142984	.	A	C	20	3	23	0	3	26	0	0
15	55116094	.	A	G	10	2	12	0	0	12	0	0
15	55118692	.	A	G	5	3	8	0	0	8	0	0
15	55119408	.	T	C	5	2	7	0	1	8	0	0
15	58695035	.	T	C	9	2	11	0	0	11	0	0
15	66158075	.	T	C	10	8	18	0	0	18	0	0
15	72976842	.	A	G	4	2	6	0	1	7	0	0
15	77633172	.	T	A	2	1	3	0	0	3	0	0
15	78900113	.	T	C	7	4	11	0	0	11	0	0
15	80135585	.	G	A	7	2	9	0	0	9	0	0
15	80816548	.	A	G	3	3	6	0	0	6	0	0
15	80816550	.	A	G	3	3	6	0	0	6	0	0
15	81339180	.	A	G	3	3	6	0	0	6	0	0
15	81341097	.	A	G	3	3	6	0	0	6	0	0
15	81831458	.	A	G	0	3	3	0	0	3	0	0
15	81831471	.	A	G	1	3	4	0	0	4	0	0
15	82015818	.	A	G	3	2	5	0	0	5	0	0
15	83037701	.	A	G	5	2	7	0	0	8	1	0
15	85591587	.	A	G	4	3	7	0	0	7	0	0
15	88571380	.	A	G	14	4	18	0	0	18	0	0
15	98634993	.	T	C	9	17	26	0	0	26	0	0
15	98731431	.	T	C	23	5	28	0	0	28	0	0
15	99142536	.	T	C	1	1	2	0	0	2	0	0
15	99626049	.	A	G	7	3	10	0	0	10	0	0
15	99626051	.	A	G	3	7	10	0	0	10	0	0
15	99626091	.	A	G	3	4	7	0	0	7	0	0
15	99627261	.	A	G	0	3	3	0	0	3	0	0
15	99627262	.	A	G	1	2	3	0	0	3	0	0
16	4138530	.	T	G	1	2	3	30	0	33	0	0
16	4444211	.	T	C	10	2	12	0	0	12	0	0
16	5002068	.	A	C	8	2	10	0	0	10	0	0
16	13520445	.	A	G	14	8	22	0	1	23	0	0
16	13651947	.	T	C	11	2	13	0	0	13	0	0
16	16866848	.	A	G	1	5	6	0	0	6	0	0
16	17321752	.	A	G	4	3	7	0	0	7	0	0
16	18653678	.	A	G	23	12	35	0	1	36	0	0
16	19917909	.	A	G	4	2	6	0	0	6	0	0
16	19942498	.	A	G	29	17	46	0	1	47	0	0
16	20363153	.	A	G	2	2	4	0	0	4	0	0
16	20363189	.	A	G	2	2	4	0	1	5	0	0
16	30133727	.	T	G	7	2	9	0	1	10	0	0
16	32119106	.	A	G	10	9	19	0	0	19	0	0
16	32119150	.	A	G	16	10	26	0	0	26	0	0
16	33589773	.	A	T	3	2	5	0	2	7	0	0
16	37705464	.	C	T	10	3	13	0	4	17	0	0
16	43460151	.	T	G	1	2	3	0	0	3	0	0
16	43691361	.	T	C	2	3	5	0	0	5	0	0
16	87230813	.	T	C	10	3	13	0	0	13	0	0
16	87231013	.	T	C	10	2	12	0	1	13	0	0
16	91452977	.	A	G	54	35	89	0	0	89	0	0
16	91453021	.	A	G	50	13	63	0	0	63	0	0
16	91880602	.	G	T	5	3	8	0	0	8	0	0
16	97749910	.	C	A	0	5	5	0	1	6	0	0
17	6330948	.	T	C	0	0	0	0	1	1	0	0
17	6358269	.	C	T	2	1	3	0	2	5	0	0
17	6358270	.	A	T	0	2	2	0	3	5	0	0
17	13235817	.	A	G	66	12	78	0	3	81	0	0
17	15696127	.	T	C	56	12	68	0	1	69	0	0
17	15741073	.	A	G	1	3	4	0	0	4	0	0
17	24395428	.	T	C	26	8	34	0	3	37	0	0
17	24395462	.	T	C	19	8	27	0	1	28	0	0
17	24395463	.	T	C	14	13	27	0	1	28	0	0
17	24396788	.	T	C	52	9	61	0	3	64	0	0
17	24397327	.	T	C	4	12	16	0	1	17	0	0
17	24425548	.	C	T	6	3	9	0	0	9	0	0
17	24857152	.	A	G	1	2	3	0	0	3	0	0
17	26411511	.	G	A	2	1	3	0	0	3	0	0
17	27181434	.	G	A	0	2	2	0	0	2	0	0
17	27181436	.	A	C	0	1	1	0	1	2	0	0
17	29521001	.	A	G	5	3	8	0	0	8	0	0
17	31867981	.	A	G	4	1	5	0	1	6	0	0
17	32063514	.	C	A	0	3	3	0	0	3	0	0
17	33015107	.	T	C	2	8	10	0	0	10	0	0
17	33015115	.	T	C	6	3	9	0	0	9	0	0
17	33015482	.	T	C	4	2	6	0	0	6	0	0
17	33038156	.	T	C	16	4	20	0	1	21	0	0
17	33038160	.	T	C	13	7	20	0	2	22	0	0
17	33038192	.	T	C	15	4	19	0	0	19	0	0
17	33550719	.	T	C	8	4	12	0	0	12	0	0
17	33550725	.	T	C	8	3	11	0	0	11	0	0
17	33552004	.	T	C	13	4	17	0	0	17	0	0
17	33906273	.	T	C	3	3	6	0	1	7	0	0
17	34954412	.	A	G	6	2	8	0	0	8	0	0
17	36168626	.	A	G	1	5	6	0	0	6	0	0
17	36169789	.	A	G	4	2	6	0	0	6	0	0
17	36580955	.	T	C	4	2	6	0	0	6	0	0
17	40158498	.	T	C	3235	4347	7582	0	175	8092	335	0
17	40159543	.	T	C	47	245	292	0	6	298	0	0
17	45973875	.	T	C	12	14	26	0	9	35	0	0
17	47085856	.	T	C	14	5	19	0	1	20	0	0
17	47085857	.	T	C	14	6	20	0	0	20	0	0
17	49780646	.	T	A	10	2	12	0	0	12	0	0
17	62088129	.	T	C	0	2	2	0	0	2	0	0
17	74731129	.	A	G	1	3	4	0	0	4	0	0
17	85932222	.	A	T	7	2	9	0	0	9	0	0
17	90763322	.	G	A	31	10	41	0	4	45	0	0
17	95064364	.	T	C	3	2	5	0	0	5	0	0
17	95067396	.	T	C	10	3	13	0	0	13	0	0
17	95067479	.	T	C	16	14	30	0	0	30	0	0
17	95183804	.	G	A	1	2	3	0	0	3	0	0
18	6792650	.	A	G	15	2	17	0	0	17	0	0
18	6792762	.	A	G	14	10	24	0	1	25	0	0
18	6792802	.	A	G	15	3	18	0	0	18	0	0
18	6792857	.	A	G	9	9	18	0	0	18	0	0
18	10813843	.	A	G	76	15	91	0	2	93	0	0
18	24097917	.	A	G	3	4	7	0	0	7	0	0
18	24098372	.	A	G	6	2	8	0	0	8	0	0
18	32235557	.	A	G	5	7	12	0	0	12	0	0
18	32235595	.	A	G	3	5	8	0	0	8	0	0
18	32235620	.	A	G	5	3	8	0	1	9	0	0
18	32235643	.	A	G	4	5	9	0	1	10	0	0
18	32235928	.	A	G	2	4	6	0	0	6	0	0
18	35743341	.	A	G	8	4	12	0	0	12	0	0
18	35807413	.	T	C	56	11	67	0	2	69	0	0
18	35933341	.	A	G	2	3	5	0	0	5	0	0
18	35933343	.	A	G	2	3	5	0	0	5	0	0
18	38321747	.	A	C	0	1	1	0	1	2	0	0
18	38321753	.	A	C	0	2	2	0	0	2	0	0
18	38596792	.	A	G	2	1	3	0	0	3	0	0
18	38596801	.	A	G	2	2	4	0	0	4	0	0
18	43664588	.	G	T	12	0	12	0	0	12	0	0
18	57090012	.	T	C	1	8	9	0	0	9	0	0
18	57090061	.	T	C	4	7	11	0	0	11	0	0
18	57090140	.	T	C	5	2	7	0	0	7	0	0
18	69821985	.	A	C	23	5	28	0	3	31	0	0
18	69821991	.	A	C	23	4	27	0	3	31	1	0
18	77061697	.	A	G	8	2	10	0	0	10	0	0
18	77062550	.	A	G	6	8	14	0	0	14	0	0
18	84226126	.	A	G	4	2	6	0	0	6	0	0
19	3916385	.	A	G	10	5	15	0	0	15	0	0
19	3917362	.	A	G	1	3	4	0	0	4	0	0
19	4811022	.	T	C	4	2	6	0	0	6	0	0
19	4811133	.	T	C	9	4	13	0	0	13	0	0
19	4813117	.	T	C	3	3	6	0	0	6	0	0
19	4813159	.	T	C	0	2	2	0	1	3	0	0
19	4937709	.	T	C	12	6	18	0	0	18	0	0
19	4937728	.	T	C	12	7	19	0	2	21	0	0
19	5015429	.	A	G	2	2	4	0	0	4	0	0
19	5015477	.	A	G	4	1	5	0	1	6	0	0
19	7254111	.	C	T	9	8	17	0	3	20	0	0
19	7515480	.	A	G	13	3	16	0	0	16	0	0
19	10223060	.	T	C	29	36	65	0	0	65	0	0
19	10886122	.	A	G	1	2	3	0	0	3	0	0
19	12441626	.	A	G	18	5	23	0	0	23	0	0
19	23950167	.	A	G	6	2	8	0	0	8	0	0
19	27194820	.	G	T	7	2	9	0	0	9	0	0
19	28840153	.	T	C	1	3	4	0	0	4	0	0
19	34789525	.	A	T	9	3	12	0	0	12	0	0
19	43429601	.	A	G	12	6	18	0	1	19	0	0
19	43429686	.	A	G	17	6	23	0	0	23	0	0
19	43429753	.	A	G	25	5	30	0	0	30	0	0
19	44130371	.	T	C	6	1	7	0	0	7	0	0
19	45747621	.	T	C	1	2	3	0	0	3	0	0
19	46584763	.	A	G	5	2	7	0	0	7	0	0
19	46662722	.	A	G	0	2	2	0	0	2	0	0
19	59891374	.	A	G	5	2	7	0	0	7	0	0
19	60515729	.	A	G	8	1	9	0	2	11	0	0
2	6549647	.	G	T	9	4	13	0	3	16	0	0
2	14152459	.	G	A	9	2	11	0	0	11	0	0
2	14153492	.	A	G	0	8	8	0	0	8	0	0
2	14153493	.	A	G	0	8	8	0	0	8	0	0
2	14153560	.	A	G	2	4	6	0	0	6	0	0
2	14153568	.	A	G	1	8	9	0	0	9	0	0
2	18219466	.	T	C	6	3	9	0	0	9	0	0
2	18219472	.	T	C	5	3	8	0	0	8	0	0
2	18677251	.	T	C	5	2	7	0	0	7	0	0
2	23398810	.	G	A	3	2	5	2	0	7	0	0
2	24850409	.	G	T	9	2	11	0	0	11	0	0
2	25181200	.	A	G	30	9	39	0	2	41	0	0
2	25408708	.	A	C	3	2	5	0	0	5	0	0
2	25819195	.	C	T	24	7	31	0	4	35	0	0
2	26271752	.	A	G	0	1	1	0	1	2	0	0
2	26271758	.	A	G	1	2	3	0	0	3	0	0
2	27153718	.	T	C	7	2	9	0	0	9	0	0
2	29707389	.	G	A	1	2	3	0	1	4	0	0
2	30848283	.	G	A	14	4	18	0	2	20	0	0
2	30920955	.	T	C	16	4	20	0	0	20	0	0
2	30921679	.	G	A	5	3	8	0	0	8	0	0
2	33048012	.	A	G	2	1	3	0	1	4	0	0
2	34588064	.	A	G	2	2	4	0	0	4	0	0
2	35204517	.	T	C	8	3	11	0	0	11	0	0
2	55005781	.	C	T	8	4	12	0	4	16	0	0
2	55005783	.	G	T	9	4	13	0	3	16	0	0
2	60078304	.	G	A	18	3	21	0	3	24	0	0
2	66314260	.	G	C	1	2	3	0	0	3	0	0
2	69543154	.	C	G	2	1	3	0	2	5	0	0
2	73265342	.	T	G	1	3	4	0	1	5	0	0
2	77012350	.	A	C	9	4	13	0	2	15	0	0
2	77012356	.	A	C	9	6	15	0	0	15	0	0
2	91064732	.	T	C	8	4	12	0	0	12	0	0
2	91064743	.	T	C	8	4	12	0	2	14	0	0
2	92445495	.	C	A	15	5	20	0	14	34	0	0
2	104511072	.	T	C	21	4	25	0	0	25	0	0
2	104511101	.	T	C	17	2	19	0	0	19	0	0
2	104511117	.	T	C	21	7	28	0	0	28	0	0
2	104511430	.	T	C	12	2	14	0	1	15	0	0
2	117012499	.	A	C	12	5	17	0	1	18	0	0
2	117012505	.	A	C	10	5	15	0	3	18	0	0
2	118577740	.	C	T	21	7	28	0	0	28	0	0
2	118700340	.	A	G	8	2	10	0	0	10	0	0
2	118700351	.	A	G	6	2	8	0	0	8	0	0
2	118702703	.	A	G	9	3	12	0	0	12	0	0
2	120451649	.	A	G	13	2	15	0	0	15	0	0
2	120564258	.	T	C	21	27	48	0	0	48	0	0
2	121015462	.	A	G	2	2	4	0	0	4	0	0
2	121322620	.	C	T	7	2	9	0	0	9	0	0
2	121323384	.	T	C	7	3	10	0	0	10	0	0
2	121374875	.	A	G	2	2	4	0	0	4	0	0
2	121766276	.	A	T	5	2	7	0	1	8	0	0
2	126733408	.	T	C	11	6	17	0	1	18	0	0
2	126734766	.	T	C	3	5	8	0	0	8	0	0
2	126734836	.	T	C	7	7	14	0	1	15	0	0
2	126734839	.	T	C	12	4	16	0	2	18	0	0
2	130396840	.	A	G	2	6	8	0	0	8	0	0
2	132151800	.	A	G	44	243	287	0	3	290	0	0
2	136723086	.	A	G	12	3	15	0	0	15	0	0
2	144381849	.	A	G	7	4	11	0	1	12	0	0
2	152114942	.	A	G	2	4	6	0	0	6	0	0
2	153108492	.	A	G	8	2	10	0	0	10	0	0
2	153459226	.	T	C	1	3	4	0	0	4	0	0
2	153460309	.	T	C	2	6	8	0	0	8	0	0
2	153610283	.	G	A	10	4	14	0	5	19	0	0
2	155472488	.	G	A	2	2	4	0	0	4	0	0
2	157313041	.	A	C	4	4	8	0	4	12	0	0
2	157400030	.	T	C	51	14	65	0	2	67	0	0
2	157400060	.	T	C	32	29	61	0	4	65	0	0
2	157400069	.	T	C	30	33	63	0	1	64	0	0
2	158219426	.	A	G	4	2	6	0	0	6	0	0
2	158219451	.	A	G	4	2	6	0	0	6	0	0
2	158220838	.	A	G	3	6	9	0	0	9	0	0
2	158220844	.	A	G	8	2	10	0	0	10	0	0
2	158226873	.	A	G	55	282	337	0	12	349	0	0
2	163309459	.	T	C	4	4	8	0	0	8	0	0
2	163310364	.	T	C	20	4	24	0	0	24	0	0
2	164953773	.	T	C	30	6	36	0	1	37	0	0
2	168057882	.	T	C	3	2	5	0	0	5	0	0
2	169913255	.	A	G	5	5	10	0	0	10	0	0
2	169913263	.	A	G	4	7	11	0	0	11	0	0
2	174169694	.	A	G	41	10	51	0	0	51	0	0
2	174549533	.	G	C	1	1	2	0	1	3	0	0
2	176411921	.	A	T	5	2	7	0	0	7	0	0
2	180738527	.	T	C	10	2	12	0	0	12	0	0
2	181159604	.	A	G	2	2	4	0	0	4	0	0
2	181195536	.	A	G	48	11	59	0	2	61	0	0
3	9494242	.	T	C	10	3	13	0	2	15	0	0
3	10483997	.	C	T	5	5	10	0	1	11	0	0
3	10484001	.	G	T	6	0	6	0	6	12	0	0
3	28729539	.	G	A	21	5	26	0	3	29	0	0
3	32615624	.	C	T	11	7	18	0	0	18	0	0
3	32636549	.	T	C	5	5	10	0	0	10	0	0
3	40748697	.	A	G	30	9	39	0	3	42	0	0
3	53600084	.	C	T	0	2	2	0	0	2	0	0
3	53600085	.	A	G	0	2	2	0	0	2	0	0
3	54706896	.	A	G	7	4	11	0	2	13	0	0
3	57551908	.	T	C	3	3	6	0	0	6	0	0
3	58498121	.	A	G	4	2	6	0	0	6	0	0
3	60525028	.	A	C	2	2	4	0	1	5	0	0
3	60525034	.	A	C	1	1	2	0	3	5	0	0
3	68898411	.	T	C	1	2	3	0	0	3	0	0
3	80599593	.	T	C	9	38	47	0	0	47	0	0
3	80614159	.	T	C	4	5	9	0	0	9	0	0
3	80614215	.	T	C	95	55	150	0	2	152	0	0
3	88259488	.	A	G	2	2	4	0	2	6	0	0
3	88259498	.	A	G	0	6	6	0	1	7	0	0
3	88618709	.	C	T	3	1	4	0	1	5	0	0
3	88618716	.	C	T	3	2	5	0	0	5	0	0
3	88712739	.	T	C	13	4	17	0	2	19	0	0
3	89308434	.	T	C	1	3	4	0	0	4	0	0
3	89342403	.	T	C	9	2	11	0	0	11	0	0
3	89675221	.	T	C	10	2	12	0	0	12	0	0
3	89967705	.	A	G	3	2	5	0	0	5	0	0
3	90268884	.	G	A	7	7	14	0	3	17	0	0
3	94966904	.	C	T	8	5	13	0	4	17	0	0
3	94966905	.	C	T	9	4	13	0	4	17	0	0
3	95090872	.	T	C	7	3	10	0	0	10	0	0
3	96539776	.	A	G	3	14	17	0	3	20	0	0
3	96540029	.	A	G	28	5	33	0	0	33	0	0
3	98057171	.	A	T	7	2	9	0	1	10	0	0
3	98057172	.	A	T	7	1	8	0	2	10	0	0
3	101483703	.	G	C	28	12	40	0	16	56	0	0
3	102972342	.	C	T	0	2	2	0	4	6	0	0
3	102973406	.	A	G	32	7	39	0	2	41	0	0
3	104745052	.	T	C	2	2	4	0	0	4	0	0
3	104835351	.	A	G	2	4	6	0	0	6	0	0
3	104835352	.	A	G	3	3	6	0	0	6	0	0
3	104835398	.	A	G	3	2	5	0	0	5	0	0
3	116537733	.	T	C	9	5	14	0	1	15	0	0
3	116537746	.	T	C	7	4	11	0	0	11	0	0
3	116537808	.	T	C	8	2	10	0	0	10	0	0
3	138265030	.	A	G	9	4	13	0	0	13	0	0
4	21834548	.	A	G	15	10	25	0	0	25	0	0
4	21834568	.	A	G	16	5	21	0	0	21	0	0
4	21834782	.	A	G	5	6	11	0	1	12	0	0
4	21834791	.	A	G	4	7	11	0	0	11	0	0
4	21836550	.	A	G	21	7	28	0	1	29	0	0
4	21911667	.	A	G	3	7	10	0	0	10	0	0
4	32022582	.	A	G	26	5	31	0	1	32	0	0
4	32641233	.	G	A	6	2	8	0	0	8	0	0
4	33019420	.	A	G	72	32	104	0	0	104	0	0
4	33020417	.	A	G	42	53	95	0	0	95	0	0
4	41518514	.	T	C	126	22	148	0	4	152	0	0
4	41773366	.	A	G	5	2	7	0	0	7	0	0
4	56870218	.	T	C	13	3	16	0	0	16	0	0
4	56875812	.	T	C	3	6	9	0	0	9	0	0
4	62342224	.	A	G	13	3	16	0	0	16	0	0
4	86743578	.	T	C	6	2	8	0	0	8	0	0
4	94830780	.	C	T	4	4	8	0	0	8	0	0
4	94834227	.	G	A	0	3	3	0	1	4	0	0
4	94834234	.	G	A	1	2	3	0	0	3	0	0
4	99844391	.	T	A	10	2	12	0	0	12	0	0
4	103021909	.	A	G	16	8	24	0	2	26	0	0
4	103022599	.	A	G	23	4	27	0	0	27	0	0
4	108198313	.	A	G	2	7	9	0	0	9	0	0
4	114844401	.	G	A	2	1	3	0	0	3	0	0
4	115990164	.	A	G	2	2	4	0	2	6	0	0
4	116450640	.	G	T	3	1	4	0	0	4	0	0
4	116450680	.	C	T	6	4	10	0	1	11	0	0
4	118233893	.	C	T	1	0	1	0	0	1	0	0
4	118484005	.	A	G	7	19	26	0	0	26	0	0
4	118484072	.	A	G	11	7	18	0	2	20	0	0
4	119080668	.	T	C	5	5	10	0	1	11	0	0
4	124838094	.	A	G	8	11	19	0	0	19	0	0
4	124838169	.	A	G	8	4	12	0	0	12	0	0
4	125982944	.	A	G	7	9	16	0	0	16	0	0
4	125982989	.	A	G	9	3	12	0	0	12	0	0
4	125985065	.	A	G	5	4	9	0	2	11	0	0
4	125985112	.	A	G	9	3	12	0	1	13	0	0
4	126929461	.	G	T	5	4	9	0	1	10	0	0
4	129062418	.	T	C	1	3	4	0	0	4	0	0
4	129074340	.	T	C	2	2	4	0	0	4	0	0
4	131679966	.	T	C	29	5	34	0	2	36	0	0
4	132788859	.	A	C	3	2	5	0	3	8	0	0
4	133389520	.	T	C	7	4	11	0	0	11	0	0
4	137987341	.	A	G	52	16	68	0	0	68	0	0
4	137987354	.	A	G	48	18	66	0	0	66	0	0
4	140678472	.	A	G	10	2	12	0	0	12	0	0
4	140678893	.	A	G	3	3	6	0	0	6	0	0
4	148005890	.	C	A	5	1	6	0	0	6	0	0
4	148140339	.	G	A	8	2	10	0	0	10	0	0
4	149202605	.	A	G	11	2	13	0	0	13	0	0
4	149203211	.	A	G	9	3	12	0	0	12	0	0
4	149734519	.	C	A	10	2	12	0	0	12	0	0
4	155705982	.	A	G	11	2	13	0	0	13	0	0
4	155800935	.	A	G	2	2	4	0	0	4	0	0
4	155800977	.	A	G	2	1	3	0	1	4	0	0
4	156095123	.	A	G	56	46	102	0	1	103	0	0
4	156105693	.	T	C	4	3	7	0	0	7	0	0
5	3680495	.	T	C	0	2	2	0	0	2	0	0
5	3680498	.	T	C	1	2	3	0	0	3	0	0
5	5833442	.	T	C	0	3	3	1	0	4	0	0
5	24649635	.	T	C	13	4	17	0	0	17	0	0
5	24649804	.	T	C	4	12	16	0	0	16	0	0
5	24649822	.	T	C	10	4	14	0	1	15	0	0
5	25430722	.	A	G	5	2	7	0	1	8	0	0
5	25477416	.	C	T	7	4	11	0	0	11	0	0
5	30780828	.	G	A	4	3	7	0	1	8	0	0
5	31330824	.	T	C	6	4	10	0	0	10	0	0
5	33149567	.	A	G	9	2	11	0	1	12	0	0
5	33149943	.	A	G	5	4	9	0	1	10	0	0
5	33573900	.	A	G	2	2	4	0	0	4	0	0
5	36642453	.	A	G	1	2	3	0	0	3	0	0
5	41786041	.	T	C	4	2	6	0	0	6	0	0
5	65553477	.	A	G	1	2	3	0	0	3	0	0
5	65605388	.	T	C	38	17	55	0	0	55	0	0
5	65605389	.	T	C	36	16	52	0	3	55	0	0
5	67501077	.	T	C	4	1	5	0	0	5	0	0
5	67555462	.	A	G	5	2	7	0	0	7	0	0
5	73469787	.	A	G	39	10	49	0	2	51	0	0
5	77555578	.	T	C	1	16	17	0	2	19	0	0
5	77555630	.	T	C	2	13	15	0	1	16	0	0
5	88798606	.	G	T	5	2	7	0	0	7	0	0
5	88798607	.	G	T	5	0	5	0	2	7	0	0
5	91771853	.	C	A	9	4	13	0	2	15	0	0
5	104666209	.	C	T	3	2	5	0	0	5	0	0
5	112567513	.	T	G	9	6	15	0	4	19	0	0
5	114079623	.	T	A	3	0	3	0	5	8	0	0
5	115437319	.	T	C	5	2	7	0	0	7	0	0
5	118903244	.	C	T	11	3	14	0	2	16	0	0
5	121683511	.	T	C	8	2	10	0	1	11	0	0
5	121941595	.	A	G	1	3	4	0	0	4	0	0
5	123272127	.	A	G	1	2	3	0	3	6	0	0
5	123272130	.	A	G	1	2	3	0	3	6	0	0
5	123386729	.	A	G	8	3	11	0	1	12	0	0
5	123879315	.	T	C	5	7	12	0	0	12	0	0
5	125533669	.	A	G	14	52	66	0	2	68	0	0
5	125533687	.	A	G	44	12	56	0	0	56	0	0
5	125533970	.	A	G	32	9	41	0	1	42	0	0
5	125534541	.	A	G	36	25	61	0	2	63	0	0
5	129797823	.	A	G	3	8	11	0	1	12	0	0
5	129798517	.	A	G	12	4	16	0	1	17	0	0
5	130013839	.	A	G	30	6	36	0	2	38	0	0
5	132570854	.	T	A	2	2	4	0	1	5	0	0
5	134250342	.	T	C	9	2	11	0	0	11	0	0
5	135665678	.	A	G	3	2	5	0	0	5	0	0
5	136771939	.	A	T	4	1	5	0	0	5	0	0
5	136941953	.	A	G	39	13	52	0	1	53	0	0
5	140510846	.	A	C	4	3	7	0	4	11	0	0
5	140510852	.	G	C	10	3	13	0	0	13	0	0
5	140606797	.	C	G	11	6	17	0	8	26	1	0
5	142655047	.	A	G	57	21	78	0	2	80	0	0
5	142888875	.	G	T	3	2	5	0	1	6	0	0
5	143751066	.	A	G	7	4	11	0	1	12	0	0
5	150560689	.	A	G	3	2	5	0	1	6	0	0
5	150562299	.	T	C	10	2	12	0	0	12	0	0
5	150573387	.	T	C	1	2	3	0	0	3	0	0
6	31486635	.	A	C	4	2	6	0	1	7	0	0
6	31486641	.	G	C	4	2	6	0	3	9	0	0
6	31489086	.	A	G	1	7	8	0	0	8	0	0
6	31492602	.	A	G	10	8	18	0	1	19	0	0
6	31492682	.	A	G	2	14	16	0	0	16	0	0
6	31492702	.	A	G	18	3	21	0	0	21	0	0
6	37847782	.	A	G	4	2	6	0	0	6	0	0
6	38266051	.	T	C	4	2	6	0	1	7	0	0
6	39312088	.	T	C	6	7	13	0	0	13	0	0
6	39584626	.	G	A	0	2	2	0	5	7	0	0
6	47279242	.	A	T	4	3	7	0	5	12	0	0
6	47279245	.	C	T	3	1	4	0	4	8	0	0
6	47773202	.	G	A	1	2	3	0	2	5	0	0
6	47846393	.	A	G	3	4	7	0	1	8	0	0
6	47846396	.	A	G	5	3	8	0	0	8	0	0
6	47848349	.	A	G	6	7	13	0	0	13	0	0
6	47848373	.	A	G	3	5	8	0	0	8	0	0
6	47848659	.	A	G	4	7	11	0	0	11	0	0
6	47848942	.	A	G	10	5	15	0	1	16	0	0
6	50179729	.	A	G	7	2	9	0	0	9	0	0
6	50573557	.	T	C	2	1	3	0	0	3	0	0
6	51459952	.	G	T	10	46	56	1	21	78	0	0
6	65684310	.	A	G	2	2	4	0	0	4	0	0
6	65684369	.	A	G	5	1	6	0	0	6	0	0
6	65684467	.	A	G	7	2	9	0	1	10	0	0
6	65687589	.	A	G	3	3	6	0	0	6	0	0
6	65687631	.	A	G	5	1	6	0	1	7	0	0
6	66517110	.	A	G	7	2	9	0	0	9	0	0
6	66517128	.	A	G	5	4	9	0	1	10	0	0
6	66517625	.	A	G	3	9	12	0	1	13	0	0
6	66517635	.	A	G	8	5	13	0	0	13	0	0
6	66517724	.	A	G	8	3	11	0	0	11	0	0
6	66517775	.	A	G	9	7	16	0	0	16	0	0
6	67273548	.	A	G	5	2	7	0	1	8	0	0
6	72407528	.	A	G	6	2	8	0	0	8	0	0
6	72584973	.	T	C	3	2	5	0	1	6	0	0
6	84790053	.	T	G	1	2	3	0	0	3	0	0
6	87793165	.	A	C	5	2	7	0	0	7	0	0
6	87793174	.	T	C	4	2	6	0	1	7	0	0
6	89293489	.	T	G	17	6	23	0	2	25	0	0
6	89293495	.	T	G	15	4	19	0	6	25	0	0
6	97996971	.	T	C	7	3	10	0	0	10	0	0
6	113266028	.	A	G	3	2	5	0	0	5	0	0
6	115818036	.	T	C	5	2	7	0	0	7	0	0
6	115822278	.	A	G	0	1	1	0	0	1	0	0
6	122715556	.	T	C	1	2	3	0	0	3	0	0
6	122715558	.	T	C	1	2	3	0	0	3	0	0
6	124407724	.	C	T	0	1	1	0	0	1	0	0
6	124717238	.	T	C	2	2	4	0	0	4	0	0
6	124717252	.	T	C	3	2	5	0	0	5	0	0
6	124787022	.	T	G	1	8	9	0	1	10	0	0
6	125171627	.	A	G	8	3	11	0	0	11	0	0
6	126619121	.	T	C	41	28	69	0	1	70	0	0
6	141447252	.	T	G	2	2	4	0	0	4	0	0
6	141447269	.	C	A	0	2	2	0	0	2	0	0
6	149058950	.	T	C	1	3	4	0	0	4	0	0
7	3463600	.	A	G	61	16	77	0	1	78	0	0
7	4468074	.	T	C	6	2	8	0	0	8	0	0
7	4718816	.	A	C	23	14	37	0	1	38	0	0
7	4718817	.	G	C	23	10	33	0	5	38	0	0
7	4848248	.	A	G	6	2	8	0	0	8	0	0
7	6357880	.	A	G	1	4	5	0	0	5	0	0
7	6967217	.	A	G	19	4	23	0	0	23	0	0
7	6968013	.	A	G	5	6	11	0	0	12	1	0
7	6969440	.	A	G	10	3	13	0	1	14	0	0
7	6969451	.	A	G	8	4	12	0	0	12	0	0
7	6969513	.	A	G	5	11	16	0	0	16	0	0
7	12706119	.	A	G	6	2	8	0	0	8	0	0
7	12707543	.	A	G	7	3	10	0	1	11	0	0
7	12707548	.	A	G	3	8	11	0	0	11	0	0
7	16605458	.	T	C	4	2	6	0	0	6	0	0
7	16619714	.	A	G	42	10	52	0	2	54	0	0
7	18131056	.	A	G	1	2	3	0	0	3	0	0
7	18692907	.	C	T	8	3	11	0	1	12	0	0
7	18873733	.	T	C	7	4	11	0	0	11	0	0
7	18874314	.	T	C	10	5	15	0	0	15	0	0
7	19090877	.	T	C	0	12	12	0	0	12	0	0
7	19112143	.	A	G	1	4	5	0	0	5	0	0
7	19240036	.	T	C	1	2	3	0	1	4	0	0
7	23840662	.	G	A	2	9	11	0	0	11	0	0
7	23841792	.	T	C	3	2	5	0	0	5	0	0
7	23841964	.	T	C	1	6	7	0	0	7	0	0
7	23895396	.	A	C	0	2	2	0	0	2	0	0
7	23974988	.	C	T	1	4	5	0	0	5	0	0
7	23975294	.	A	G	0	2	2	4	0	6	0	0
7	24710068	.	T	C	35	14	49	0	0	49	0	0
7	24710075	.	T	C	43	11	54	0	1	55	0	0
7	26904992	.	A	G	6	2	8	0	0	8	0	0
7	26904993	.	A	G	1	5	6	0	2	8	0	0
7	26905060	.	A	G	1	6	7	0	0	7	0	0
7	27227593	.	T	C	42	10	52	0	2	54	0	0
7	27281313	.	A	G	17	6	23	0	0	23	0	0
7	27520956	.	A	G	4	2	6	0	0	6	0	0
7	27521358	.	A	G	7	4	11	0	0	11	0	0
7	27521368	.	A	G	7	4	11	0	0	11	0	0
7	28005047	.	G	A	11	2	13	0	0	13	0	0
7	34745985	.	A	C	3	2	5	0	0	5	0	0
7	35090723	.	A	G	6	3	9	0	0	9	0	0
7	35090726	.	A	G	8	3	11	0	0	11	0	0
7	43174884	.	T	C	2	2	4	0	0	4	0	0
7	43175439	.	T	C	7	2	9	0	0	9	0	0
7	45032973	.	T	C	4	9	13	0	1	14	0	0
7	45140852	.	T	C	1	2	3	0	0	3	0	0
7	45450372	.	T	C	10	1	11	0	4	15	0	0
7	45532982	.	A	G	3	2	5	0	1	6	0	0
7	55627368	.	T	C	52	20	72	0	2	74	0	0
7	58875215	.	T	C	2	3	5	0	0	5	0	0
7	58972333	.	T	C	2	2	4	0	0	4	0	0
7	73068209	.	G	C	9	5	14	0	3	17	0	0
7	73387821	.	T	C	3	3	6	0	0	6	0	0
7	73388713	.	T	C	2	2	4	0	0	4	0	0
7	81548744	.	C	T	2	2	4	0	0	4	0	0
7	97062502	.	C	G	27	10	37	0	1	38	0	0
7	98239189	.	T	G	11	3	14	0	7	21	0	0
7	105402706	.	A	G	6	2	8	0	0	8	0	0
7	121604928	.	T	C	1	2	3	0	0	3	0	0
7	126853494	.	A	G	23	4	27	0	0	27	0	0
7	126853784	.	A	G	30	6	36	0	1	37	0	0
7	127178178	.	A	G	2	5	7	0	0	7	0	0
7	127264953	.	T	C	3	2	5	0	0	5	0	0
7	127519013	.	A	G	3	3	6	0	0	6	0	0
7	127519115	.	A	G	2	3	5	0	0	5	0	0
7	130360893	.	A	T	4	3	7	0	0	7	0	0
7	130974808	.	C	T	2	1	3	0	1	4	0	0
7	139715640	.	A	G	1	6	7	0	0	7	0	0
7	139715688	.	A	G	2	2	4	0	0	4	0	0
7	141503659	.	T	C	9	3	12	1	0	13	0	0
7	141503671	.	G	C	8	0	8	1	0	9	0	0
7	142207010	.	T	C	15	12	27	0	1	28	0	0
8	14140659	.	G	A	9	0	9	0	0	9	0	0
8	14140661	.	A	C	8	0	8	0	1	9	0	0
8	19732474	.	C	A	0	3	3	0	0	3	0	0
8	19737779	.	A	G	7	2	9	0	0	9	0	0
8	19737782	.	C	G	7	2	9	0	0	9	0	0
8	19741629	.	C	T	0	1	1	0	0	1	0	0
8	19834807	.	A	T	8	2	10	0	0	10	0	0
8	19834818	.	G	A	7	2	9	0	0	9	0	0
8	20030704	.	C	T	11	3	14	0	0	14	0	0
8	20030726	.	C	A	9	2	11	0	0	11	0	0
8	20157920	.	G	T	2	2	4	0	0	4	0	0
8	20157964	.	A	G	6	2	8	0	0	8	0	0
8	20584257	.	A	G	1	2	3	0	0	3	0	0
8	20721217	.	A	G	4	1	5	0	0	5	0	0
8	20727130	.	G	A	16	8	24	0	0	24	0	0
8	21122735	.	A	G	1	2	3	0	0	3	0	0
8	21122740	.	A	G	1	2	3	0	0	3	0	0
8	41370800	.	A	G	7	3	10	0	0	10	0	0
8	41370836	.	A	G	7	3	10	0	0	10	0	0
8	54976203	.	G	A	22	6	28	0	9	37	0	0
8	57003722	.	C	T	6	2	8	0	0	8	0	0
8	69766592	.	A	G	8	7	15	0	0	15	0	0
8	70846205	.	T	C	1	2	3	0	0	3	0	0
8	70847832	.	T	C	1	3	4	0	0	4	0	0
8	71826333	.	A	G	1	2	3	0	0	3	0	0
8	71826392	.	A	G	4	2	6	0	0	6	0	0
8	72039243	.	A	G	10	2	12	0	0	12	0	0
8	72935941	.	A	G	1	2	3	0	0	3	0	0
8	72935942	.	A	G	1	2	3	0	0	3	0	0
8	72977426	.	A	G	13	23	36	0	0	36	0	0
8	73269626	.	T	C	0	5	5	0	0	5	0	0
8	84041048	.	A	G	5	2	7	0	0	7	0	0
8	84977744	.	T	C	3	4	7	0	0	7	0	0
8	85591856	.	A	G	4	2	6	0	0	6	0	0
8	94743331	.	T	C	8	3	11	0	2	13	0	0
8	94743939	.	T	C	0	2	2	0	1	3	0	0
8	94879775	.	A	C	2	2	4	0	0	4	0	0
8	94879781	.	A	C	3	2	5	0	0	5	0	0
8	106442756	.	A	G	2	2	4	0	0	4	0	0
8	107744841	.	A	G	10	3	13	0	0	13	0	0
8	107744848	.	A	G	7	6	13	0	0	13	0	0
8	107786846	.	G	T	4	0	4	0	3	7	0	0
8	107786852	.	G	T	4	0	4	0	4	8	0	0
8	110817217	.	A	G	17	4	21	0	2	23	0	0
8	121819672	.	A	C	4	2	6	0	1	7	0	0
8	125620613	.	T	C	10	4	14	0	2	16	0	0
8	125620618	.	T	C	6	9	15	0	2	17	0	0
8	125620861	.	T	C	15	7	22	0	0	22	0	0
8	125620923	.	T	C	8	18	26	0	0	26	0	0
8	125620929	.	T	C	7	11	18	0	0	18	0	0
8	127316202	.	G	A	7	2	9	0	6	15	0	0
8	129459346	.	C	T	17	4	21	0	2	23	0	0
9	3387716	.	A	G	5	7	12	0	1	13	0	0
9	4456006	.	T	C	0	3	3	0	0	3	0	0
9	14240147	.	T	G	3	3	6	0	1	7	0	0
9	20513879	.	A	G	1	4	5	0	0	5	0	0
9	20515715	.	A	G	3	2	5	0	0	5	0	0
9	21122912	.	G	A	13	7	20	0	4	24	0	0
9	21935563	.	T	C	4	3	7	0	0	7	0	0
9	43957544	.	A	G	1	3	4	0	0	4	0	0
9	44204075	.	T	C	5	2	7	0	0	7	0	0
9	44206135	.	T	C	5	2	7	0	0	7	0	0
9	44206144	.	T	C	9	1	10	0	0	10	0	0
9	49415392	.	G	A	1	3	4	0	3	7	0	0
9	49415404	.	G	A	2	2	4	0	2	6	0	0
9	52588130	.	T	A	0	6	6	0	13	19	0	0
9	54275803	.	G	T	0	3	3	0	0	3	0	0
9	54275804	.	G	T	0	3	3	0	0	3	0	0
9	66280460	.	A	G	3	3	6	0	0	6	0	0
9	69923101	.	A	G	4	2	6	0	0	6	0	0
9	69923122	.	A	G	3	2	5	0	0	5	0	0
9	72117128	.	T	C	1	4	5	0	0	5	0	0
9	72117135	.	A	G	1	3	4	0	0	4	0	0
9	72857136	.	A	G	14	3	17	0	0	17	0	0
9	72922977	.	T	G	9	5	14	0	25	39	0	0
9	89794102	.	T	C	11	1	12	0	6	18	0	0
9	89794108	.	G	C	11	3	14	0	3	17	0	0
9	95448061	.	C	T	4	5	9	0	0	9	0	0
9	95938168	.	A	G	12	3	15	0	1	16	0	0
9	96777818	.	T	C	2	0	2	0	0	2	0	0
9	103062470	.	C	A	0	2	2	0	0	2	0	0
9	103062472	.	C	A	0	2	2	0	0	2	0	0
9	106251564	.	C	T	40	14	54	0	2	56	0	0
9	107640487	.	T	C	5	2	7	0	1	8	0	0
9	108341808	.	A	T	3	2	5	0	0	5	0	0
9	108729266	.	T	G	8	2	10	0	11	21	0	0
9	108729269	.	A	G	10	3	13	0	8	21	0	0
9	110065947	.	G	C	1	1	2	0	0	2	0	0
9	110086199	.	A	G	11	2	13	0	0	13	0	0
9	110086210	.	A	G	8	6	14	0	0	14	0	0
9	118753640	.	A	G	2	1	3	0	3	6	0	0
9	121540649	.	A	C	1	2	3	0	0	3	0	0
9	121584335	.	A	C	7	2	9	0	4	13	0	0
9	121584341	.	A	C	5	3	8	0	2	10	0	0
9	122759301	.	T	C	5	2	7	0	0	7	0	0
9	123525510	.	G	A	3	2	5	0	0	5	0	0
9	124034058	.	T	G	9	2	11	0	2	13	0	0
X	7774376	.	A	G	2	5	7	0	0	7	0	0
X	11946418	.	A	G	1	2	3	0	0	3	0	0
X	11946559	.	A	T	5	2	7	0	0	7	0	0
X	37697716	.	A	G	1	3	4	0	1	5	0	0
X	40743165	.	A	G	6	3	9	0	1	10	0	0
X	56429832	.	C	A	4	3	7	0	3	10	0	0
X	60230328	.	A	G	11	2	13	0	0	13	0	0
X	60231705	.	A	G	11	15	26	0	0	26	0	0
X	65696822	.	A	C	3	1	4	0	3	7	0	0
X	69388256	.	T	C	25	10	35	0	1	36	0	0
X	71476411	.	A	C	2	1	3	0	5	8	0	0
X	73270255	.	T	C	2	3	5	0	0	5	0	0
X	73270468	.	T	C	1	7	8	0	1	9	0	0
X	93410962	.	A	T	3	1	4	0	0	4	0	0
X	97360666	.	C	T	11	1	12	0	4	16	0	0
X	97360669	.	C	T	11	1	12	0	3	15	0	0
X	102620090	.	T	C	1	2	3	0	0	3	0	0
X	102620099	.	T	C	1	3	4	0	0	4	0	0
X	102620158	.	T	C	1	8	9	0	0	9	0	0
X	102620159	.	T	C	2	7	9	0	0	9	0	0
X	106830700	.	T	C	36	6	42	0	0	42	0	0
X	133489300	.	T	C	2	3	5	0	0	5	0	0
X	133489379	.	T	C	3	3	6	0	0	6	0	0
X	133489405	.	T	C	7	3	10	0	0	10	0	0
X	133490041	.	T	C	6	2	8	0	0	8	0	0
X	133490062	.	T	C	3	1	4	0	0	4	0	0
X	133490101	.	T	C	6	3	9	0	0	9	0	0
X	133490134	.	T	C	2	4	6	0	0	6	0	0
X	138844303	.	T	C	4	2	6	0	0	6	0	0
X	149766871	.	T	C	11	8	19	0	8	27	0	0
X	149767614	.	T	C	56	51	107	1	8	116	0	0
X	149768450	.	T	C	108	24	132	0	3	135	0	0
X	151006730	.	T	C	10	4	14	0	8	22	0	0
X	151056492	.	T	C	6	4	10	0	0	10	0	0
X	161561848	.	C	T	4	2	6	0	0	6	0	0
X	162761028	.	T	C	1	2	3	0	0	3	0	0
Y	1016394	.	A	G	7	13	20	0	1	21	0	0
