contig	position	variantID	refAllele	altAllele	refCount	altCount	totalCount	lowMAPQDepth	lowBaseQDepth	rawDepth	otherBases	improperPairs
1	9790061	.	T	C	9	2	11	0	0	11	0	0
1	9790067	.	T	C	9	2	11	0	0	11	0	0
1	9790109	.	T	C	7	2	9	0	1	10	0	0
1	10101774	.	T	C	1	2	3	0	0	3	0	0
1	16717060	.	T	C	3	1	4	0	0	4	0	0
1	22031785	.	T	C	2	6	8	0	0	8	0	0
1	36405381	.	T	C	1	3	4	0	1	5	0	0
1	37448671	.	G	T	0	4	4	0	0	4	0	0
1	39695898	.	A	G	4	3	7	0	0	7	0	0
1	43609634	.	T	C	8	2	10	0	0	10	0	0
1	53348825	.	T	C	6	2	8	0	1	9	0	0
1	58566410	.	C	T	13	9	22	0	1	23	0	0
1	58566415	.	C	T	14	2	16	0	3	19	0	0
1	59756998	.	A	G	7	3	10	0	0	10	0	0
1	59913367	.	A	G	75	21	96	0	2	98	0	0
1	60376506	.	C	A	5	7	12	0	1	13	0	0
1	60517747	.	A	G	31	34	65	0	12	77	0	0
1	60522632	.	A	T	10	4	14	0	0	14	0	0
1	66711873	.	A	G	53	26	79	0	1	80	0	0
1	74631584	.	A	G	1	3	4	0	0	4	0	0
1	75163777	.	T	C	3	2	5	0	0	5	0	0
1	75398649	.	A	G	23	4	27	0	0	27	0	0
1	75398708	.	A	G	4	18	22	0	1	23	0	0
1	82214733	.	T	C	4	2	6	0	0	6	0	0
1	84347567	.	A	G	13	3	16	0	2	18	0	0
1	86273633	.	T	C	11	13	24	0	1	25	0	0
1	86273638	.	T	C	17	4	21	0	0	21	0	0
1	86275459	.	T	C	25	5	30	0	0	30	0	0
1	86276528	.	T	C	6	3	9	0	0	9	0	0
1	88187695	.	C	T	3	1	4	0	1	5	0	0
1	88187725	.	G	T	3	2	5	0	0	5	0	0
1	88187766	.	G	A	4	2	6	0	0	6	0	0
1	88188017	.	T	C	4	3	7	0	0	7	0	0
1	88188121	.	A	C	1	2	3	0	0	3	0	0
1	88188150	.	C	A	1	3	4	0	0	4	0	0
1	88188846	.	T	G	1	2	3	0	0	3	0	0
1	88189360	.	G	A	1	2	3	0	1	4	0	0
1	88189404	.	C	T	3	2	5	0	0	5	0	0
1	88189641	.	G	C	3	2	5	0	0	5	0	0
1	88189938	.	C	A	5	2	7	0	0	7	0	0
1	88190006	.	T	A	1	2	3	0	0	3	0	0
1	88190679	.	A	G	1	2	3	0	0	3	0	0
1	88190717	.	G	C	2	2	4	0	1	5	0	0
1	88190781	.	C	T	4	2	6	0	0	6	0	0
1	88190815	.	G	A	1	5	6	0	0	6	0	0
1	88190921	.	C	T	2	13	15	0	0	15	0	0
1	88191018	.	A	T	9	18	27	0	1	28	0	0
1	88191035	.	T	A	2	16	18	0	1	19	0	0
1	88191237	.	A	C	18	28	46	0	6	52	0	0
1	88191320	.	C	T	11	28	39	0	1	40	0	0
1	88191706	.	G	A	33	6	39	0	0	39	0	0
1	88191710	.	T	C	10	30	40	0	0	40	0	0
1	88192037	.	T	A	5	19	24	0	3	27	0	0
1	88192048	.	G	C	14	39	53	0	1	54	0	0
1	88192180	.	G	T	65	11	76	0	3	79	0	0
1	88192184	.	T	A	69	11	80	0	1	81	0	0
1	88192243	.	A	G	6	44	50	0	1	51	0	0
1	88192700	.	G	A	14	29	43	0	2	45	0	0
1	88192756	.	G	A	8	42	50	0	0	50	0	0
1	88193031	.	C	G	4	22	26	1	0	27	0	0
1	88193194	.	C	T	4	12	16	0	2	18	0	0
1	88193292	.	T	A	0	3	3	4	0	7	0	0
1	88193568	.	A	C	4	7	11	0	0	11	0	0
1	88193917	.	G	A	11	34	45	0	1	46	0	0
1	88197053	.	T	C	3	5	8	0	1	9	0	0
1	88197991	.	A	G	7	27	34	0	0	34	0	0
1	88197996	.	C	T	2	25	27	0	1	28	0	0
1	88200603	.	A	T	11	3	14	0	0	14	0	0
1	88200670	.	G	A	2	18	20	0	0	20	0	0
1	88200832	.	C	T	3	7	10	0	0	10	0	0
1	88203782	.	G	A	0	2	2	0	0	2	0	0
1	88204960	.	T	C	1	6	7	6	0	13	0	0
1	88205197	.	A	G	0	0	0	1	0	1	0	0
1	88205286	.	A	T	3	1	4	0	0	4	0	0
1	93299307	.	A	G	11	5	16	0	1	17	0	0
1	93435602	.	C	T	8	8	16	0	3	19	0	0
1	95426538	.	A	G	0	4	4	0	1	5	0	0
1	116509839	.	T	C	5	2	7	0	0	7	0	0
1	119580262	.	C	T	11	3	14	0	6	20	0	0
1	119580263	.	G	T	8	1	9	0	11	20	0	0
1	120535075	.	G	T	1	1	2	0	0	2	0	0
1	131104455	.	C	T	8	5	13	0	2	15	0	0
1	131953439	.	T	C	15	10	25	0	0	25	0	0
1	133307735	.	A	G	9	2	11	0	0	11	0	0
1	134559838	.	A	C	4	2	6	0	1	7	0	0
1	134559844	.	A	C	1	3	4	0	1	5	0	0
1	143478466	.	A	G	6	2	8	0	1	9	0	0
1	143631121	.	T	C	14	15	29	0	1	30	0	0
1	156255182	.	T	C	11	16	27	0	1	28	0	0
1	156255601	.	T	C	4	3	7	0	0	7	0	0
1	159173011	.	G	A	4	2	6	0	0	6	0	0
1	166221182	.	T	C	5	2	7	0	1	8	0	0
1	180055017	.	C	T	5	4	9	0	2	11	0	0
1	180155087	.	T	C	0	0	0	0	1	1	0	0
1	180924020	.	T	C	16	12	28	0	0	28	0	0
1	183190594	.	A	G	26	6	32	0	1	33	0	0
1	183190682	.	A	G	19	5	24	0	0	24	0	0
1	183806843	.	C	T	4	2	6	0	0	6	0	0
1	191834355	.	T	C	8	3	11	0	0	11	0	0
10	5752387	.	A	C	2	3	5	0	0	5	0	0
10	5752424	.	G	C	2	2	4	0	0	4	0	0
10	5752430	.	A	C	2	2	4	0	0	4	0	0
10	11172312	.	G	T	3	2	5	0	0	5	0	0
10	11172320	.	C	T	5	0	5	0	2	7	0	0
10	11333810	.	C	T	12	2	14	0	2	16	0	0
10	11333814	.	C	T	10	1	11	0	5	16	0	0
10	14621525	.	C	T	3	0	3	0	0	3	0	0
10	20194416	.	A	G	1	2	3	0	0	3	0	0
10	25366838	.	A	G	12	3	15	0	0	15	0	0
10	29104018	.	G	T	3	2	5	0	1	6	0	0
10	29104019	.	G	T	3	2	5	0	1	6	0	0
10	33864897	.	T	C	8	2	10	0	0	10	0	0
10	33868473	.	T	C	10	6	16	0	0	16	0	0
10	40177990	.	G	T	6	5	11	3	3	17	0	0
10	40177991	.	C	T	6	1	7	3	7	17	0	0
10	45334464	.	T	C	3	2	5	0	0	5	0	0
10	49118584	.	T	C	6	8	14	0	0	14	0	0
10	49118640	.	T	C	14	4	18	0	0	18	0	0
10	49120426	.	T	C	1	14	15	0	0	15	0	0
10	49148872	.	T	C	4	34	38	0	1	39	0	0
10	49148885	.	T	C	7	34	41	0	0	41	0	0
10	52217533	.	A	G	1	2	3	0	0	3	0	0
10	57391874	.	C	T	11	9	20	0	2	22	0	0
10	59785651	.	A	C	2	1	3	0	2	5	0	0
10	76043063	.	G	T	0	2	2	0	0	2	0	0
10	76391424	.	A	G	12	2	14	0	0	14	0	0
10	77451030	.	A	G	4	2	6	0	0	6	0	0
10	79763085	.	G	A	3	2	5	0	0	5	0	0
10	80177756	.	T	C	1	1	2	0	0	2	0	0
10	80403193	.	T	C	49	10	59	0	0	59	0	0
10	80986108	.	A	C	9	5	14	0	2	16	0	0
10	80986109	.	G	C	9	1	10	0	6	16	0	0
10	81182083	.	T	C	13	8	21	0	1	22	0	0
10	81366434	.	G	T	3	4	7	0	1	8	0	0
10	81476211	.	T	C	7	2	9	0	0	9	0	0
10	82000432	.	G	A	2	1	3	0	1	4	0	0
10	82062115	.	T	C	11	10	21	0	1	22	0	0
10	86672203	.	A	G	20	5	25	0	0	25	0	0
10	86672208	.	A	G	17	8	25	0	5	30	0	0
10	88306024	.	T	C	22	5	27	0	0	27	0	0
10	88306343	.	T	C	19	7	26	0	1	27	0	0
10	89654262	.	C	A	7	11	18	0	3	21	0	0
10	90915874	.	C	T	4	2	6	0	0	6	0	0
10	93800468	.	T	C	6	3	9	0	0	9	0	0
10	93800484	.	T	C	12	2	14	0	0	14	0	0
10	93801926	.	T	C	7	2	9	0	1	10	0	0
10	94057224	.	A	G	14	9	23	0	0	23	0	0
10	94057234	.	A	G	18	4	22	0	0	22	0	0
10	95221642	.	A	G	5	2	7	0	0	7	0	0
10	127582953	.	A	C	1	3	4	0	0	4	0	0
10	127582957	.	A	C	1	2	3	0	0	3	0	0
10	128032463	.	A	G	1	2	3	0	0	3	0	0
10	128467177	.	T	C	1	4	5	0	3	8	0	0
11	3079862	.	C	T	9	4	13	0	0	13	0	0
11	3079868	.	C	A	10	5	15	0	0	15	0	0
11	3407565	.	A	G	2	1	3	0	0	3	0	0
11	3407590	.	A	G	1	3	4	0	0	4	0	0
11	4092046	.	T	C	23	14	37	0	1	38	0	0
11	4092790	.	T	C	21	17	38	0	1	39	0	0
11	20774457	.	T	G	8	3	11	0	6	17	0	0
11	41390781	.	T	A	0	0	0	0	1	1	0	0
11	43572939	.	A	G	5	2	7	0	1	8	0	0
11	43574977	.	A	G	1	2	3	0	0	3	0	0
11	43608523	.	A	G	4	2	6	0	0	6	0	0
11	45838047	.	A	C	4	2	6	0	0	6	0	0
11	46163470	.	T	C	48	214	262	0	2	264	0	0
11	48625698	.	C	T	0	3	3	0	0	3	0	0
11	48691187	.	C	T	32	11	43	0	0	43	0	0
11	48716183	.	T	G	1	2	3	0	1	4	0	0
11	49104901	.	G	A	1	2	3	0	0	3	0	0
11	49562362	.	A	G	6	2	8	0	0	8	0	0
11	50765055	.	A	G	2	0	2	0	0	2	0	0
11	53354959	.	G	C	7	2	9	0	0	9	0	0
11	53440228	.	A	G	131	132	263	0	10	273	0	0
11	55009371	.	A	T	1	2	3	1	0	4	0	0
11	58218297	.	T	C	1	2	3	0	0	3	0	0
11	59347027	.	A	G	10	18	28	0	1	29	0	0
11	59347029	.	A	G	19	10	29	0	0	29	0	0
11	59347083	.	A	G	18	7	25	0	0	25	0	0
11	59349204	.	A	G	11	4	15	0	0	15	0	0
11	59401881	.	A	G	2	4	6	0	0	6	0	0
11	60749709	.	A	G	7	3	10	0	0	10	0	0
11	60749725	.	A	G	2	4	6	0	0	6	0	0
11	66956050	.	A	G	3	3	6	0	0	6	0	0
11	69445678	.	A	C	17	6	23	0	2	25	0	0
11	69445684	.	A	C	19	9	28	0	2	30	0	0
11	69674128	.	A	G	10	2	12	0	1	13	0	0
11	69674129	.	A	G	10	2	12	0	1	13	0	0
11	69836908	.	A	T	0	1	1	0	0	1	0	0
11	69922901	.	A	G	4	4	8	0	0	8	0	0
11	69922950	.	A	G	7	4	11	0	1	12	0	0
11	69926872	.	A	G	4	2	6	0	0	6	0	0
11	69927374	.	A	G	0	4	4	0	0	4	0	0
11	69927869	.	A	G	1	3	4	0	1	5	0	0
11	69927946	.	A	G	6	3	9	0	1	10	0	0
11	69927953	.	A	G	9	4	13	0	0	13	0	0
11	69927999	.	A	G	7	1	8	0	0	8	0	0
11	69928014	.	A	G	2	1	3	0	0	3	0	0
11	72570452	.	A	G	1	3	4	0	0	4	0	0
11	74565209	.	A	C	16	9	25	0	2	27	0	0
11	75067166	.	T	C	21	7	28	0	3	31	0	0
11	75067170	.	T	C	20	10	30	0	1	31	0	0
11	75067258	.	T	C	23	7	30	0	0	30	0	0
11	77426880	.	T	C	46	12	58	0	0	58	0	0
11	78186044	.	A	G	4	3	7	0	0	7	0	0
11	78459018	.	A	T	14	3	17	1	7	25	0	0
11	78459020	.	G	T	16	1	17	1	7	25	0	0
11	78736383	.	G	T	0	3	3	0	0	3	0	0
11	78736387	.	G	T	0	2	2	0	1	3	0	0
11	78736472	.	A	G	1	5	6	0	0	6	0	0
11	85082181	.	C	T	12	9	21	0	10	31	0	0
11	85082185	.	C	T	12	3	15	0	9	24	0	0
11	86521517	.	A	G	0	5	5	5	4	14	0	0
11	87014114	.	A	G	9	6	15	0	1	16	0	0
11	88083921	.	T	C	11	4	15	0	2	17	0	0
11	88927208	.	T	C	17	9	26	0	0	26	0	0
11	94431318	.	T	C	12	4	16	0	0	16	0	0
11	94432839	.	T	C	9	4	13	0	0	13	0	0
11	94432859	.	T	C	10	5	15	0	0	15	0	0
11	95401202	.	A	G	6	5	11	0	1	12	0	0
11	95938019	.	A	G	4	1	5	0	0	5	0	0
11	95962333	.	T	C	7	2	9	0	1	10	0	0
11	96855788	.	A	G	3	4	7	0	0	7	0	0
11	96855798	.	A	G	3	5	8	0	0	8	0	0
11	97535690	.	T	C	15	6	21	0	0	21	0	0
11	97974112	.	T	C	46	8	54	0	2	56	0	0
11	98787088	.	T	C	4	1	5	0	0	5	0	0
11	100488792	.	T	C	5	2	7	0	1	8	0	0
11	101080710	.	A	C	7	2	9	0	1	10	0	0
11	101080714	.	G	C	7	2	9	0	6	15	0	0
11	101089107	.	T	C	9	6	15	0	0	15	0	0
11	101089126	.	T	C	9	6	15	0	0	15	0	0
11	101089636	.	T	C	13	4	17	0	0	17	0	0
11	101089729	.	T	C	9	7	16	0	1	17	0	0
11	101089734	.	T	C	9	4	13	0	0	13	0	0
11	101089802	.	T	C	13	6	19	0	0	19	0	0
11	102368042	.	C	T	7	2	9	0	2	11	0	0
11	102497908	.	C	T	8	2	10	0	0	10	0	0
11	104220906	.	G	A	12	7	19	0	1	20	0	0
11	107578191	.	G	A	4	3	7	0	4	11	0	0
11	107578199	.	G	A	4	3	7	0	2	9	0	0
11	116013166	.	T	C	4	2	6	0	0	6	0	0
11	116014054	.	T	C	5	2	7	0	0	7	0	0
11	116471963	.	T	C	8	15	23	0	0	23	0	0
11	118339678	.	G	A	6	2	8	0	0	8	0	0
12	3454168	.	A	G	33	10	43	0	0	43	0	0
12	3454248	.	A	G	17	34	51	0	8	59	0	0
12	3454647	.	A	G	29	34	63	0	2	65	0	0
12	3454648	.	A	G	49	16	65	0	0	65	0	0
12	4819701	.	G	T	5	3	8	0	2	10	0	0
12	13269249	.	G	A	1	1	2	0	0	2	0	0
12	15778234	.	G	T	2	0	2	0	0	2	0	0
12	17479613	.	A	G	7	3	10	0	0	10	0	0
12	17479686	.	A	G	9	2	11	0	2	13	0	0
12	17479809	.	A	G	13	21	34	0	1	35	0	0
12	17479860	.	A	G	27	10	37	0	1	38	0	0
12	25009850	.	G	A	9	2	11	0	2	13	0	0
12	25009853	.	C	A	9	3	12	0	1	13	0	0
12	25014144	.	A	T	5	1	6	0	1	7	0	0
12	25014145	.	A	T	4	1	5	0	2	7	0	0
12	31979615	.	A	G	5	1	6	0	1	7	0	0
12	40365554	.	A	G	7	2	9	0	0	9	0	0
12	46747117	.	T	C	33	12	45	0	2	47	0	0
12	54718540	.	T	C	18	6	24	0	0	24	0	0
12	54719070	.	T	C	25	6	31	0	0	31	0	0
12	54719142	.	T	C	25	5	30	0	0	30	0	0
12	65091799	.	A	G	1	2	3	0	0	3	0	0
12	65091803	.	A	G	1	2	3	0	0	3	0	0
12	69244102	.	A	G	12	6	18	0	0	18	0	0
12	70208905	.	A	G	2	2	4	0	0	4	0	0
12	71041403	.	A	G	6	38	44	0	2	46	0	0
12	71041903	.	A	G	6	29	35	0	1	36	0	0
12	71041909	.	A	G	26	6	32	0	2	34	0	0
12	71041954	.	A	G	20	15	35	0	7	42	0	0
12	71041984	.	A	G	22	15	37	0	0	37	0	0
12	72955837	.	T	C	6	7	13	0	0	13	0	0
12	72956113	.	T	C	11	2	13	0	0	13	0	0
12	72956148	.	T	C	1	5	6	0	0	6	0	0
12	76366551	.	T	C	5	4	9	0	0	11	2	0
12	80769472	.	A	G	1	3	4	0	1	5	0	0
12	80769477	.	A	G	2	4	6	0	0	6	0	0
12	80770571	.	A	G	6	2	8	0	0	8	0	0
12	80770594	.	A	G	5	2	7	0	0	7	0	0
12	81245339	.	G	A	13	17	30	0	1	31	0	0
12	84092120	.	A	G	2	2	4	0	0	4	0	0
12	84092140	.	A	G	2	2	4	0	0	4	0	0
12	85281423	.	T	C	7	2	9	0	0	9	0	0
12	86726722	.	A	C	13	6	19	0	1	20	0	0
12	86726725	.	T	C	13	6	19	0	1	20	0	0
12	86748966	.	G	T	9	2	11	0	0	11	0	0
12	91525336	.	A	G	14	3	17	0	1	19	1	0
12	91605436	.	T	C	10	2	12	0	0	12	0	0
12	91605793	.	C	T	2	3	5	0	1	6	0	0
12	98761274	.	T	C	8	2	10	0	0	10	0	0
12	104734993	.	T	A	7	4	11	0	0	11	0	0
12	108171831	.	C	G	5	4	9	0	0	9	0	0
12	108240885	.	C	T	5	2	7	0	2	9	0	0
12	108993691	.	A	G	20	4	24	0	0	24	0	0
12	111507727	.	A	G	16	3	19	0	0	19	0	0
12	111638015	.	T	C	12	5	17	0	2	19	0	0
13	3702404	.	A	G	5	2	7	0	0	7	0	0
13	5918220	.	T	C	11	7	18	0	9	27	0	0
13	8901801	.	T	C	13	6	19	0	0	19	0	0
13	14225628	.	T	C	33	6	39	0	3	42	0	0
13	17978741	.	T	C	3	5	8	0	0	8	0	0
13	17978887	.	T	C	7	4	11	0	0	11	0	0
13	17978929	.	T	C	1	4	5	0	0	5	0	0
13	21574092	.	T	C	9	3	12	0	0	12	0	0
13	21574169	.	T	C	5	8	13	0	0	13	0	0
13	21574188	.	T	C	9	3	12	0	0	12	0	0
13	21576493	.	T	C	10	1	11	0	0	11	0	0
13	21576576	.	T	C	9	3	12	0	0	12	0	0
13	21576591	.	T	C	5	2	7	0	0	7	0	0
13	21576615	.	T	C	7	2	9	0	0	9	0	0
13	24999598	.	A	G	3	3	6	0	0	6	0	0
13	43349316	.	T	A	3	1	4	0	5	9	0	0
13	58151149	.	A	G	4	1	5	0	3	8	0	0
13	58151150	.	T	A	1	1	2	0	6	8	0	0
13	59757011	.	A	G	1	3	4	0	0	4	0	0
13	63448369	.	A	G	10	2	12	0	0	12	0	0
13	63448526	.	A	G	7	2	9	0	0	9	0	0
13	63690911	.	C	T	6	2	8	0	0	8	0	0
13	64437994	.	T	C	20	4	24	0	0	24	0	0
13	64438124	.	T	C	11	8	19	0	0	19	0	0
13	64438165	.	T	C	10	3	13	0	0	13	0	0
13	64438172	.	T	C	10	2	12	0	0	12	0	0
13	67554738	.	T	C	1	2	3	0	0	3	0	0
13	67621265	.	T	C	2	4	6	0	1	7	0	0
13	67621271	.	T	C	5	1	6	0	2	8	0	0
13	67806932	.	T	C	5	3	8	0	0	8	0	0
13	67807053	.	T	C	2	3	5	0	0	5	0	0
13	67967727	.	T	C	1	2	3	0	0	3	0	0
13	73954548	.	G	A	0	1	1	0	0	1	0	0
13	75793212	.	C	T	0	5	5	6	0	11	0	0
13	76337193	.	C	T	6	2	8	0	2	10	0	0
13	81213779	.	A	G	1	0	1	0	1	2	0	0
13	92577452	.	G	A	11	4	15	0	4	19	0	0
13	97266649	.	C	T	6	2	8	0	0	8	0	0
13	100839303	.	T	C	16	5	21	0	1	22	0	0
13	100839326	.	T	C	6	7	13	0	0	13	0	0
13	100839340	.	T	C	8	5	13	0	0	13	0	0
13	100839361	.	T	C	18	4	22	0	0	22	0	0
13	107550677	.	C	G	6	0	6	38	0	44	0	0
13	107861323	.	C	T	9	4	13	0	6	19	0	0
13	119625401	.	G	T	18	3	21	0	0	21	0	0
13	120071828	.	C	T	14	3	17	0	2	19	0	0
13	120227323	.	G	T	14	10	24	0	1	25	0	0
13	120227328	.	G	T	11	5	16	0	5	21	0	0
14	3576019	.	C	T	0	1	1	0	0	1	0	0
14	3576299	.	T	C	0	2	2	0	0	2	0	0
14	10058181	.	A	G	43	13	56	0	0	56	0	0
14	14533725	.	T	C	0	6	6	0	0	6	0	0
14	14533732	.	T	C	9	2	11	0	0	11	0	0
14	20517408	.	T	C	2	4	6	0	0	6	0	0
14	21846832	.	A	G	14	32	46	0	3	49	0	0
14	21847779	.	A	G	83	25	108	0	0	108	0	0
14	25979864	.	T	G	0	2	2	0	1	3	0	0
14	26381874	.	T	C	3	2	5	0	0	5	0	0
14	26381875	.	T	C	3	2	5	0	0	5	0	0
14	26382413	.	T	C	1	2	3	0	1	4	0	0
14	26643098	.	T	C	6	2	8	0	1	9	0	0
14	29788078	.	T	C	5	5	10	0	0	10	0	0
14	30598939	.	T	C	3	2	5	0	1	6	0	0
14	30698016	.	A	G	1	2	3	0	0	3	0	0
14	31095923	.	C	T	19	3	22	0	9	31	0	0
14	31422583	.	T	C	45	7	52	0	0	52	0	0
14	31422619	.	T	C	30	12	42	0	1	43	0	0
14	32018582	.	A	G	40	11	51	0	1	52	0	0
14	32300088	.	A	G	1	6	7	0	1	8	0	0
14	47558234	.	A	G	4	2	6	0	0	6	0	0
14	51013458	.	T	C	11	4	15	0	0	15	0	0
14	51109987	.	A	G	4	3	7	0	0	7	0	0
14	52531686	.	A	G	8	70	78	0	3	81	0	0
14	55120895	.	T	C	1	2	3	0	3	6	0	0
14	55873478	.	A	G	6	3	9	0	0	9	0	0
14	60618107	.	C	A	12	7	19	0	3	22	0	0
14	60618210	.	G	A	10	1	11	0	1	12	0	0
14	62930650	.	C	T	1	2	3	0	5	8	0	0
14	66208578	.	T	C	3	5	8	0	7	15	0	0
14	66208583	.	A	C	3	2	5	0	7	12	0	0
14	69486696	.	G	A	7	3	10	0	0	10	0	0
14	70838843	.	T	C	5	2	7	0	0	7	0	0
14	75957159	.	T	C	12	5	17	0	0	17	0	0
14	78804071	.	A	C	1	2	3	0	2	5	0	0
14	78804077	.	A	C	2	2	4	0	2	6	0	0
14	103584115	.	T	C	20	10	30	0	0	30	0	0
14	105546600	.	T	A	36	6	42	0	15	57	0	0
14	105919495	.	A	G	0	3	3	0	0	3	0	0
14	121273016	.	A	G	2	2	4	0	0	4	0	0
15	3995007	.	A	G	4	2	6	0	1	7	0	0
15	4915038	.	A	G	0	1	1	0	0	1	0	0
15	5150392	.	C	T	3	0	3	0	0	3	0	0
15	8187674	.	A	G	5	5	10	0	0	10	0	0
15	8188973	.	A	G	9	5	14	0	0	14	0	0
15	9199559	.	A	G	26	16	42	0	1	43	0	0
15	9199560	.	A	G	32	11	43	0	0	43	0	0
15	31622599	.	T	G	3	2	5	0	0	5	0	0
15	37927121	.	C	A	17	0	17	0	7	24	0	0
15	52931171	.	C	T	5	2	7	0	1	8	0	0
15	55118692	.	A	G	9	5	14	0	0	14	0	0
15	55118968	.	A	G	3	2	5	0	2	7	0	0
15	55119019	.	A	G	3	6	9	0	0	9	0	0
15	66158075	.	T	C	4	3	7	0	0	7	0	0
15	75798169	.	T	C	3	1	4	0	0	4	0	0
15	76248221	.	A	G	2	2	4	0	0	4	0	0
15	76248226	.	A	G	1	3	4	0	0	4	0	0
15	76543283	.	A	G	1	2	3	0	0	3	0	0
15	77878919	.	G	T	8	8	16	0	1	17	0	0
15	78900113	.	T	C	5	3	8	0	0	8	0	0
15	80816548	.	A	G	8	1	9	0	0	9	0	0
15	80816550	.	A	G	5	4	9	0	0	9	0	0
15	81339166	.	A	G	7	11	18	0	0	18	0	0
15	81341105	.	A	G	2	3	5	0	0	5	0	0
15	81558470	.	A	G	1	2	3	2	0	5	0	0
15	81734515	.	T	G	7	6	13	0	1	14	0	0
15	81856599	.	T	A	1	4	5	1	1	7	0	0
15	81856852	.	C	T	1	2	3	1	0	4	0	0
15	89070817	.	G	C	1	4	5	0	4	9	0	0
15	93283997	.	A	G	5	1	6	0	0	6	0	0
15	98441085	.	C	T	4	4	8	0	3	11	0	0
15	98533031	.	A	C	3	0	3	0	1	4	0	0
15	98533035	.	A	C	3	1	4	0	1	5	0	0
15	98634993	.	T	C	21	28	49	0	2	51	0	0
15	98761570	.	T	G	1	2	3	0	1	4	0	0
15	98934966	.	T	C	0	1	1	1	0	2	0	0
15	98935332	.	C	T	0	1	1	0	0	1	0	0
15	99142536	.	T	C	4	1	5	0	0	5	0	0
15	99626049	.	A	G	10	4	14	0	0	14	0	0
15	99626051	.	A	G	8	6	14	0	0	14	0	0
15	99626091	.	A	G	6	9	15	0	0	15	0	0
15	99627261	.	A	G	2	5	7	0	0	7	0	0
15	101043043	.	T	G	1	1	2	0	4	6	0	0
15	102543569	.	C	T	0	2	2	3	0	5	0	0
16	3680985	.	T	C	24	13	37	0	0	37	0	0
16	9389864	.	G	A	4	2	6	0	2	8	0	0
16	13520445	.	A	G	22	10	32	0	1	33	0	0
16	13650452	.	A	G	2	5	7	0	0	7	0	0
16	13651794	.	G	T	4	7	11	0	0	11	0	0
16	13651795	.	G	T	3	5	8	0	3	11	0	0
16	16844849	.	A	G	1	2	3	0	0	3	0	0
16	17321752	.	A	G	5	3	8	0	1	9	0	0
16	18653678	.	A	G	30	14	44	0	0	44	0	0
16	19942498	.	A	G	38	21	59	0	1	60	0	0
16	19943076	.	A	G	61	11	72	0	1	73	0	0
16	20363153	.	A	G	5	5	10	0	0	10	0	0
16	20363189	.	A	G	5	8	13	0	0	13	0	0
16	20465062	.	A	G	1	2	3	0	0	3	0	0
16	24810527	.	C	T	2	1	3	0	3	6	0	0
16	29884387	.	G	A	1	6	7	0	2	9	0	0
16	30330773	.	T	C	10	4	14	0	0	14	0	0
16	32119064	.	A	G	16	3	19	0	1	20	0	0
16	32119106	.	A	G	23	8	31	0	0	31	0	0
16	32119150	.	A	G	23	18	41	0	0	41	0	0
16	32209076	.	C	T	7	3	10	0	0	10	0	0
16	32247780	.	T	C	6	1	7	0	0	7	0	0
16	33790130	.	T	C	7	4	11	0	1	12	0	0
16	38319163	.	G	A	1	2	3	0	0	3	0	0
16	38319167	.	G	A	0	2	2	0	1	3	0	0
16	43447381	.	G	T	4	2	6	0	0	6	0	0
16	43691361	.	T	C	1	2	3	0	1	4	0	0
16	51183796	.	A	G	0	3	3	0	0	3	0	0
16	64585863	.	G	A	4	1	5	0	1	6	0	0
16	75398743	.	A	G	6	2	8	0	0	8	0	0
16	75552081	.	G	T	3	2	5	0	1	6	0	0
16	81420648	.	G	T	21	5	26	0	3	29	0	0
16	87737431	.	T	C	0	1	1	0	0	1	0	0
16	91287583	.	A	G	1	1	2	0	0	2	0	0
16	91287590	.	A	G	1	2	3	0	0	3	0	0
16	91453021	.	A	G	89	17	106	0	2	108	0	0
16	97658408	.	T	C	2	3	5	0	0	5	0	0
17	15741073	.	A	G	10	3	13	0	0	13	0	0
17	15741573	.	A	G	2	3	5	0	0	5	0	0
17	15741583	.	A	G	1	4	5	0	0	5	0	0
17	15742534	.	A	G	2	2	4	0	0	4	0	0
17	15742539	.	A	G	2	2	4	0	0	4	0	0
17	23972976	.	T	C	0	2	2	0	0	2	0	0
17	24395428	.	T	C	55	14	69	0	0	69	0	0
17	24635698	.	A	G	5	5	10	0	0	10	0	0
17	24635786	.	A	G	9	2	11	0	0	11	0	0
17	25404688	.	C	T	12	4	16	0	1	17	0	0
17	25404690	.	C	T	12	4	16	0	1	17	0	0
17	26488707	.	T	C	0	1	1	0	1	2	0	0
17	27422717	.	T	C	4	2	6	0	0	6	0	0
17	27721769	.	T	C	9	3	12	0	1	13	0	0
17	29521001	.	A	G	8	7	15	0	0	15	0	0
17	33015107	.	T	C	3	12	15	0	0	15	0	0
17	33328500	.	G	C	6	4	10	0	2	12	0	0
17	33328508	.	A	C	8	3	11	0	2	13	0	0
17	33552004	.	T	C	10	6	16	0	0	16	0	0
17	33906234	.	T	C	6	2	8	0	0	8	0	0
17	33906273	.	T	C	1	2	3	0	0	3	0	0
17	34147531	.	A	G	9	6	15	0	0	15	0	0
17	34147703	.	A	G	43	7	50	0	2	52	0	0
17	34218573	.	C	T	1	2	3	0	0	3	0	0
17	36168626	.	A	G	3	3	6	0	0	6	0	0
17	36168632	.	A	G	4	2	6	0	0	6	0	0
17	36177681	.	T	C	1	2	3	0	0	3	0	0
17	40158498	.	T	C	3600	5217	8817	0	200	9423	406	0
17	40159543	.	T	C	16	157	173	0	2	175	0	0
17	45973875	.	T	C	18	33	51	0	7	58	0	0
17	46722429	.	A	C	5	0	5	0	3	8	0	0
17	46722435	.	A	C	4	2	6	0	2	8	0	0
17	46810304	.	A	G	3	2	5	0	0	5	0	0
17	47085857	.	T	C	15	10	25	0	1	26	0	0
17	52166231	.	A	G	1	4	5	0	0	5	0	0
17	52166256	.	A	G	3	2	5	0	0	5	0	0
17	62912033	.	C	T	14	2	16	0	4	20	0	0
17	66272904	.	A	G	4	2	6	0	0	6	0	0
17	74732917	.	G	A	0	0	0	0	1	1	0	0
17	78682975	.	G	T	11	2	13	0	0	13	0	0
17	78682979	.	G	T	10	3	13	0	0	13	0	0
17	79158788	.	T	C	1	1	2	1	0	3	0	0
17	95064364	.	T	C	7	7	14	0	0	14	0	0
17	95067396	.	T	C	9	18	27	0	0	27	0	0
17	95067479	.	T	C	19	8	27	0	0	27	0	0
17	95123331	.	T	C	7	3	10	0	0	10	0	0
18	4198498	.	C	T	3	1	4	1	0	5	0	0
18	6792757	.	A	G	21	8	29	0	0	29	0	0
18	6792802	.	A	G	21	4	25	0	0	25	0	0
18	10813843	.	A	G	74	15	89	0	3	92	0	0
18	13124563	.	A	T	26	16	42	0	34	76	0	0
18	21261539	.	C	T	5	2	7	0	2	9	0	0
18	24098007	.	A	G	10	2	12	0	1	13	0	0
18	24098457	.	A	G	7	3	10	0	0	10	0	0
18	32235557	.	A	G	2	2	4	0	0	4	0	0
18	32235582	.	A	G	6	1	7	0	0	7	0	0
18	32235595	.	A	G	2	6	8	0	0	8	0	0
18	32235930	.	A	G	6	5	11	0	0	11	0	0
18	32236019	.	A	G	9	4	13	0	0	13	0	0
18	35933340	.	A	G	3	2	5	0	0	5	0	0
18	37153352	.	T	C	5	2	7	0	0	7	0	0
18	46719019	.	C	T	1	2	3	0	0	3	0	0
18	53040085	.	C	T	3	3	6	0	0	6	0	0
18	54117962	.	T	C	1	2	3	0	0	3	0	0
18	56866328	.	C	T	10	3	13	0	1	14	0	0
18	56866329	.	A	G	11	3	14	0	0	14	0	0
18	57089552	.	T	C	8	3	11	0	0	11	0	0
18	57089556	.	T	C	1	11	12	0	0	12	0	0
18	61328635	.	T	C	5	2	7	0	0	7	0	0
18	61431253	.	C	T	5	2	7	0	0	7	0	0
18	62794785	.	A	G	3	5	8	0	0	8	0	0
18	65610148	.	A	G	4	3	7	0	0	7	0	0
18	65610162	.	A	G	8	3	11	0	0	11	0	0
18	77062550	.	A	G	12	15	27	0	1	28	0	0
18	77062557	.	A	G	21	5	26	0	0	26	0	0
19	3916379	.	A	G	15	4	19	0	0	19	0	0
19	3916385	.	A	G	11	5	16	0	0	16	0	0
19	3916452	.	A	G	14	3	17	0	0	17	0	0
19	3928013	.	A	G	2	2	4	0	0	4	0	0
19	3928014	.	A	G	2	2	4	0	0	4	0	0
19	3940459	.	A	G	3	2	5	0	0	5	0	0
19	3940464	.	A	G	3	3	6	0	0	6	0	0
19	4368397	.	A	G	6	5	11	0	10	21	0	0
19	4811133	.	T	C	7	3	10	0	0	10	0	0
19	4813117	.	T	C	5	2	7	0	0	7	0	0
19	4816801	.	T	C	2	2	4	0	0	4	0	0
19	5845967	.	T	C	10	2	12	0	0	12	0	0
19	6895783	.	T	C	5	3	8	0	0	8	0	0
19	7254111	.	C	T	15	11	26	0	3	29	0	0
19	7318811	.	G	C	13	4	17	0	1	18	0	0
19	7318812	.	A	C	12	1	13	0	5	18	0	0
19	7515480	.	A	G	24	7	31	0	2	33	0	0
19	8868268	.	A	G	5	4	9	0	0	9	0	0
19	8868627	.	A	G	7	2	9	0	0	9	0	0
19	8900203	.	A	G	2	2	4	0	0	4	0	0
19	9087267	.	G	T	2	2	4	0	3	7	0	0
19	10223060	.	T	C	31	73	104	0	1	105	0	0
19	10566002	.	A	G	12	2	14	0	1	15	0	0
19	10886122	.	A	G	2	2	4	0	0	4	0	0
19	10886159	.	A	G	3	2	5	0	0	5	0	0
19	22967822	.	C	G	7	4	11	0	0	11	0	0
19	28997203	.	A	G	27	7	34	0	1	35	0	0
19	29248791	.	T	G	7	7	14	0	0	14	0	0
19	43429601	.	A	G	13	14	27	0	1	28	0	0
19	43429686	.	A	G	23	8	31	0	1	32	0	0
19	43720265	.	T	C	4	3	7	0	1	8	0	0
19	44993669	.	T	C	48	9	57	0	3	60	0	0
19	46583614	.	A	G	1	3	4	0	0	4	0	0
19	46584123	.	A	G	3	2	5	0	0	5	0	0
19	56586354	.	G	C	9	2	11	0	0	11	0	0
2	3461293	.	A	G	1	1	2	0	1	3	0	0
2	6549647	.	G	T	9	4	13	0	4	17	0	0
2	13016231	.	C	T	12	4	16	0	6	22	0	0
2	13016235	.	C	T	9	4	13	0	6	19	0	0
2	14152459	.	G	A	6	3	9	0	0	9	0	0
2	14152860	.	A	G	25	10	35	0	0	35	0	0
2	14153560	.	A	G	1	4	5	0	0	5	0	0
2	18220113	.	T	C	8	2	10	0	1	11	0	0
2	18220174	.	T	C	7	5	12	0	2	14	0	0
2	18220185	.	T	C	9	5	14	0	1	15	0	0
2	22479348	.	G	A	15	9	24	8	82	114	0	0
2	25597684	.	T	A	11	2	13	0	0	13	0	0
2	25597686	.	C	A	9	3	12	0	1	13	0	0
2	26278314	.	A	G	3	2	5	0	0	5	0	0
2	26800818	.	C	T	3	0	3	0	0	3	0	0
2	26846568	.	T	C	11	3	14	0	0	14	0	0
2	29876646	.	A	G	2	2	4	0	0	4	0	0
2	30174243	.	A	T	4	2	6	0	1	7	0	0
2	30920944	.	T	C	26	6	32	0	1	33	0	0
2	30920955	.	T	C	26	6	32	0	2	34	0	0
2	31506608	.	C	T	1	2	3	0	9	12	0	0
2	31506610	.	G	T	8	2	10	0	2	12	0	0
2	31937444	.	A	G	4	2	6	0	0	6	0	0
2	32196762	.	A	G	57	10	67	0	3	70	0	0
2	33300007	.	T	A	10	1	11	0	0	11	0	0
2	33300009	.	C	T	10	1	11	0	0	11	0	0
2	35230429	.	A	G	0	2	2	3	0	5	0	0
2	37464625	.	G	A	1	2	3	1	0	4	0	0
2	37464626	.	G	A	1	2	3	1	0	4	0	0
2	39086599	.	G	A	2	2	4	0	0	4	0	0
2	40445910	.	G	T	0	1	1	3	1	5	0	0
2	41877807	.	T	C	0	1	1	3	1	5	0	0
2	49199137	.	T	C	5	0	5	1	1	7	0	0
2	50082797	.	G	A	13	8	21	0	3	24	0	0
2	55005781	.	C	T	8	2	10	0	1	11	0	0
2	55005783	.	G	T	8	1	9	0	2	11	0	0
2	55327067	.	A	C	31	6	37	0	2	39	0	0
2	60581723	.	A	T	5	2	7	0	2	9	0	0
2	60581724	.	A	T	5	1	6	0	3	9	0	0
2	61642440	.	C	T	6	2	8	0	1	9	0	0
2	66066692	.	A	G	4	0	4	0	0	4	0	0
2	66314260	.	G	C	0	3	3	0	0	3	0	0
2	66314290	.	A	C	0	3	3	0	0	3	0	0
2	66363514	.	A	G	2	0	2	0	0	2	0	0
2	67952998	.	A	T	3	24	27	0	0	27	0	0
2	69542837	.	T	A	4	2	6	0	3	9	0	0
2	76428783	.	A	C	9	3	12	0	5	17	0	0
2	76428789	.	A	C	10	1	11	0	3	14	0	0
2	77014837	.	G	A	15	4	19	0	3	22	0	0
2	90263321	.	G	A	2	1	3	0	9	12	0	0
2	91064732	.	T	C	7	3	10	0	0	10	0	0
2	91064743	.	T	C	4	6	10	0	0	10	0	0
2	91551767	.	A	G	5	2	7	0	0	7	0	0
2	91551768	.	A	G	4	2	6	0	1	7	0	0
2	91775838	.	T	C	8	2	10	0	1	11	0	0
2	92445495	.	C	A	19	13	32	0	16	48	0	0
2	102612558	.	T	A	13	58	71	0	6	78	1	0
2	104511430	.	T	C	19	5	24	0	0	24	0	0
2	112185846	.	A	G	2	3	5	0	0	5	0	0
2	117173318	.	C	A	72	55	127	0	4	131	0	0
2	118700712	.	A	G	3	3	6	0	0	6	0	0
2	118700801	.	A	G	7	2	9	0	0	9	0	0
2	119274976	.	G	A	1	1	2	0	0	2	0	0
2	119348439	.	T	C	1	2	3	0	0	3	0	0
2	120974766	.	A	G	2	2	4	0	0	4	0	0
2	120974773	.	A	G	1	3	4	0	0	4	0	0
2	121015462	.	A	G	4	2	6	0	0	6	0	0
2	124930620	.	C	A	5	4	9	0	4	13	0	0
2	126733408	.	T	C	9	8	17	0	1	18	0	0
2	126734836	.	T	C	18	7	25	0	1	26	0	0
2	126734839	.	T	C	15	12	27	0	1	28	0	0
2	126756857	.	T	C	1	3	4	0	0	4	0	0
2	127132091	.	A	G	3	2	5	0	0	5	0	0
2	130396876	.	A	G	5	7	12	0	0	12	0	0
2	130397804	.	A	G	12	3	15	0	0	15	0	0
2	130397973	.	A	G	1	3	4	0	0	4	0	0
2	130397974	.	A	G	1	3	4	0	0	4	0	0
2	130620092	.	A	G	4	0	4	0	1	5	0	0
2	131141887	.	A	C	2	5	7	0	2	9	0	0
2	131141893	.	A	C	5	5	10	0	2	12	0	0
2	132151800	.	A	G	71	327	398	0	5	403	0	0
2	132636996	.	C	A	3	4	7	0	0	7	0	0
2	135911813	.	G	A	3	3	6	0	0	6	0	0
2	144382358	.	A	G	17	4	21	0	1	22	0	0
2	150674416	.	G	T	2	1	3	0	1	4	0	0
2	151216606	.	T	C	0	2	2	0	0	2	0	0
2	152114942	.	A	G	2	3	5	0	0	5	0	0
2	153051040	.	C	T	1	7	8	0	20	32	4	0
2	153108264	.	A	G	9	2	11	0	1	12	0	0
2	153460135	.	T	C	8	3	11	0	0	11	0	0
2	153461879	.	T	C	2	2	4	0	0	4	0	0
2	153610283	.	G	A	12	14	26	0	4	30	0	0
2	154379850	.	A	G	42	10	52	0	0	52	0	0
2	154402150	.	A	C	7	3	10	0	8	18	0	0
2	154402156	.	A	C	9	4	13	0	5	18	0	0
2	154428964	.	G	T	1	2	3	0	1	4	0	0
2	154428965	.	G	T	1	1	2	0	2	4	0	0
2	157400030	.	T	C	106	19	125	0	4	129	0	0
2	157400060	.	T	C	70	32	102	0	6	108	0	0
2	157400069	.	T	C	61	35	96	0	0	96	0	0
2	158220838	.	A	G	7	7	14	0	2	16	0	0
2	158220913	.	A	G	4	2	6	0	0	6	0	0
2	158225545	.	A	G	299	79	378	0	2	380	0	0
2	158226873	.	A	G	98	406	504	0	20	524	0	0
2	158599795	.	A	G	2	3	5	0	0	5	0	0
2	163309459	.	T	C	17	8	25	0	1	26	0	0
2	164306821	.	G	A	19	15	34	0	8	42	0	0
2	164953669	.	T	C	36	11	47	0	3	50	0	0
2	164953773	.	T	C	25	9	34	0	2	36	0	0
2	167318459	.	A	G	21	6	27	0	0	27	0	0
2	169913263	.	A	G	6	2	8	0	0	8	0	0
2	169913325	.	A	G	4	3	7	0	0	7	0	0
2	169913421	.	A	G	7	4	11	0	0	11	0	0
2	174169694	.	A	G	63	23	86	0	3	89	0	0
2	179741263	.	A	C	2	2	4	0	0	4	0	0
2	181510684	.	C	T	0	23	23	0	0	23	0	0
3	9494242	.	T	C	9	4	13	0	6	19	0	0
3	26385911	.	T	C	18	5	23	0	0	23	0	0
3	32615620	.	A	G	27	7	34	0	2	36	0	0
3	32615624	.	C	T	24	20	44	0	1	45	0	0
3	32636549	.	T	C	11	5	16	0	1	17	0	0
3	40747629	.	A	G	34	13	47	0	1	48	0	0
3	40748697	.	A	G	40	11	51	0	2	53	0	0
3	51594802	.	C	T	1	2	3	0	0	3	0	0
3	51594803	.	C	T	1	1	2	0	1	3	0	0
3	54705538	.	G	A	2	3	5	0	0	5	0	0
3	57551908	.	T	C	4	4	8	0	0	8	0	0
3	59224386	.	C	T	9	3	12	0	2	14	0	0
3	65866428	.	A	G	3	2	5	0	0	5	0	0
3	65868019	.	A	G	9	2	11	0	0	11	0	0
3	80599593	.	T	C	10	43	53	0	0	53	0	0
3	80613850	.	T	C	20	6	26	0	0	26	0	0
3	80613955	.	T	C	17	8	25	0	0	25	0	0
3	80614159	.	T	C	8	6	14	0	0	14	0	0
3	80614215	.	T	C	115	31	146	0	2	148	0	0
3	87828989	.	A	G	0	3	3	0	3	6	0	0
3	88259488	.	A	G	2	4	6	0	0	6	0	0
3	88259549	.	A	G	5	2	7	0	0	7	0	0
3	88712709	.	T	C	10	1	11	0	0	11	0	0
3	88712710	.	T	C	10	1	11	0	0	11	0	0
3	89967705	.	A	G	3	1	4	0	0	4	0	0
3	89967924	.	A	G	3	6	9	0	0	9	0	0
3	89968768	.	T	A	4	3	7	0	0	7	0	0
3	95090872	.	T	C	4	3	7	0	0	7	0	0
3	95090893	.	T	C	1	3	4	0	0	4	0	0
3	96485407	.	T	G	7	3	10	0	0	10	0	0
3	96539776	.	A	G	7	23	30	0	2	32	0	0
3	101365126	.	G	A	10	2	12	0	0	12	0	0
3	102972333	.	C	T	14	0	14	0	6	20	0	0
3	102972342	.	C	T	5	2	7	0	3	10	0	0
3	102973406	.	A	G	38	10	48	0	1	49	0	0
3	104835351	.	A	G	5	6	11	0	0	11	0	0
3	104835352	.	A	G	8	3	11	0	0	11	0	0
3	116537746	.	T	C	11	8	19	0	1	20	0	0
3	116537812	.	T	C	16	6	22	0	0	22	0	0
3	129430345	.	T	C	9	4	13	0	5	18	0	0
3	133945344	.	T	C	5	3	8	0	3	11	0	0
3	135112631	.	T	C	65	18	83	0	2	85	0	0
3	142252570	.	C	T	3	2	5	0	0	5	0	0
3	146435333	.	A	T	1	3	4	0	1	5	0	0
3	151935613	.	A	G	1	2	3	0	0	3	0	0
3	152166703	.	T	C	8	5	13	0	4	17	0	0
3	157249916	.	A	G	12	3	15	0	0	15	0	0
4	4763464	.	C	T	35	21	56	0	8	64	0	0
4	13892199	.	C	T	3	3	6	0	0	6	0	0
4	13892206	.	C	T	2	2	4	0	1	5	0	0
4	21834548	.	A	G	20	11	31	0	0	31	0	0
4	21834757	.	A	G	25	4	29	0	0	29	0	0
4	21834791	.	A	G	0	15	15	0	0	15	0	0
4	21836550	.	A	G	33	6	39	0	1	40	0	0
4	21911667	.	A	G	13	12	25	0	0	25	0	0
4	21911675	.	A	G	17	8	25	0	1	26	0	0
4	33019420	.	A	G	93	35	128	0	3	131	0	0
4	33020417	.	A	G	46	75	121	0	2	123	0	0
4	41507657	.	T	G	6	3	9	0	2	11	0	0
4	41518514	.	T	C	224	45	269	0	3	272	0	0
4	41755720	.	A	G	5	2	7	0	0	7	0	0
4	42980014	.	C	T	30	4	34	1	9	44	0	0
4	43664414	.	A	C	1	1	2	0	1	3	0	0
4	56870174	.	T	C	3	4	7	0	0	7	0	0
4	56875732	.	T	C	4	4	8	0	0	8	0	0
4	59472245	.	C	T	11	7	18	0	5	23	0	0
4	62371673	.	T	C	2	2	4	0	0	4	0	0
4	62440929	.	A	C	3	2	5	0	1	6	0	0
4	69844043	.	C	T	0	4	4	7	0	11	0	0
4	83404650	.	G	A	15	4	19	0	0	19	0	0
4	86495344	.	G	T	55	24	79	0	3	84	2	0
4	94830780	.	C	T	3	3	6	0	0	6	0	0
4	94834227	.	G	A	1	3	4	0	1	5	0	0
4	94834234	.	G	A	2	2	4	0	0	4	0	0
4	99669024	.	C	T	2	1	3	0	0	3	0	0
4	106298400	.	A	C	15	3	18	0	1	19	0	0
4	108198313	.	A	G	8	5	13	0	1	14	0	0
4	108493720	.	T	C	2	2	4	0	0	4	0	0
4	115991567	.	T	C	12	4	16	0	0	16	0	0
4	116450680	.	C	T	6	4	10	0	2	12	0	0
4	116450685	.	G	T	6	0	6	0	3	9	0	0
4	118483276	.	A	G	30	6	36	0	0	36	0	0
4	118483277	.	A	G	31	5	36	0	0	36	0	0
4	118484005	.	A	G	13	29	42	0	1	43	0	0
4	118484020	.	A	G	33	14	47	0	3	50	0	0
4	118484072	.	A	G	26	8	34	0	2	36	0	0
4	119080724	.	T	C	17	4	21	0	2	23	0	0
4	119135361	.	C	T	23	31	54	0	29	83	0	0
4	124837154	.	A	G	18	4	22	0	1	23	0	0
4	124838094	.	A	G	8	18	26	0	0	26	0	0
4	124838169	.	A	G	18	7	25	0	0	25	0	0
4	125982775	.	A	G	14	4	18	0	2	20	0	0
4	125982944	.	A	G	11	11	22	0	1	23	0	0
4	125982989	.	A	G	10	2	12	0	1	13	0	0
4	125984999	.	A	G	7	2	9	0	4	13	0	0
4	125985270	.	A	G	18	3	21	0	0	21	0	0
4	125985458	.	A	G	19	4	23	0	0	23	0	0
4	126929461	.	G	T	9	3	12	0	2	14	0	0
4	129107038	.	A	G	2	2	4	0	0	4	0	0
4	129407514	.	T	C	21	2	23	0	11	34	0	0
4	131839525	.	T	C	9	4	13	0	0	13	0	0
4	131839575	.	T	C	13	4	17	0	1	18	0	0
4	131913925	.	C	A	3	5	8	1	1	10	0	0
4	131947599	.	G	A	1	2	3	2	0	5	0	0
4	133389520	.	T	C	4	3	7	0	0	7	0	0
4	134080811	.	A	G	7	2	9	0	0	9	0	0
4	134154186	.	C	A	8	2	10	0	1	11	0	0
4	134154193	.	C	A	8	1	9	0	1	10	0	0
4	137987341	.	A	G	56	12	68	0	1	69	0	0
4	137987354	.	A	G	45	20	65	0	1	66	0	0
4	138184300	.	A	G	2	5	7	0	0	7	0	0
4	139344300	.	C	T	6	0	6	0	2	8	0	0
4	139344303	.	C	T	6	2	8	0	0	8	0	0
4	140677381	.	A	C	9	6	15	0	9	24	0	0
4	140678893	.	A	G	11	4	15	1	0	16	0	0
4	144314687	.	A	G	1	2	3	0	0	3	0	0
4	147907770	.	T	C	4	4	8	0	1	9	0	0
4	149202586	.	A	G	28	12	40	0	1	41	0	0
4	149202654	.	A	G	45	9	54	0	0	54	0	0
4	149203211	.	A	G	13	9	22	0	1	23	0	0
4	149552635	.	T	C	4	5	9	0	1	10	0	0
4	149552691	.	T	C	1	5	6	0	0	6	0	0
4	149553046	.	A	G	8	2	10	0	0	10	0	0
4	155705483	.	A	G	18	8	26	0	0	26	0	0
4	155705927	.	A	G	5	2	7	0	0	7	0	0
4	155706828	.	A	G	7	9	16	1	1	18	0	0
4	156095123	.	A	G	94	60	154	0	2	156	0	0
4	156105693	.	T	C	3	4	7	0	1	8	0	0
4	156294259	.	A	G	3	2	5	0	0	5	0	0
5	3680498	.	T	C	5	4	9	0	0	9	0	0
5	5832034	.	C	T	2	0	2	1	0	3	0	0
5	5833142	.	A	G	0	6	6	2	1	9	0	0
5	5833442	.	T	C	0	3	3	3	0	6	0	0
5	22733550	.	C	T	2	2	4	2	0	6	0	0
5	24643431	.	C	T	5	3	8	0	3	11	0	0
5	24649635	.	T	C	19	7	26	0	1	27	0	0
5	25430722	.	A	G	8	2	10	0	0	10	0	0
5	25477416	.	C	T	13	3	16	0	6	22	0	0
5	31211963	.	G	A	4	2	6	0	0	6	0	0
5	31211965	.	G	A	3	3	6	0	0	6	0	0
5	31330824	.	T	C	7	6	13	0	0	13	0	0
5	33149755	.	A	G	10	3	13	0	0	13	0	0
5	33149943	.	A	G	10	5	15	0	0	15	0	0
5	33575654	.	A	G	7	1	8	0	0	8	0	0
5	33575667	.	A	G	4	3	7	0	0	7	0	0
5	33575740	.	A	G	5	4	9	0	1	10	0	0
5	33575750	.	A	G	5	4	9	0	0	9	0	0
5	34716709	.	C	T	3	1	4	0	0	4	0	0
5	35255237	.	A	G	5	2	7	0	0	7	0	0
5	36157689	.	C	T	6	3	9	0	0	9	0	0
5	36157699	.	C	T	6	2	8	0	0	8	0	0
5	64066995	.	G	T	5	4	9	0	1	10	0	0
5	65605388	.	T	C	48	14	62	0	1	63	0	0
5	65605389	.	T	C	43	19	62	0	1	63	0	0
5	73469787	.	A	G	62	12	74	0	0	74	0	0
5	77555578	.	T	C	4	14	18	0	0	18	0	0
5	100181440	.	A	T	3	2	5	0	1	6	0	0
5	105634235	.	A	C	21	6	27	0	9	36	0	0
5	110081429	.	C	T	6	2	8	0	0	8	0	0
5	110081431	.	C	T	6	1	7	0	1	8	0	0
5	110226481	.	T	C	1	4	5	0	0	5	0	0
5	110226520	.	A	G	3	9	12	0	0	12	0	0
5	115437319	.	T	C	7	5	12	0	0	12	0	0
5	118326781	.	A	C	15	4	19	0	10	29	0	0
5	121941617	.	A	G	1	3	4	0	1	5	0	0
5	121996798	.	T	G	6	3	9	0	4	13	0	0
5	122547245	.	A	G	7	3	10	0	1	11	0	0
5	122937780	.	A	C	4	2	6	0	4	10	0	0
5	122937783	.	T	C	4	3	7	0	3	10	0	0
5	123386729	.	A	G	26	13	39	0	0	39	0	0
5	123879315	.	T	C	5	15	20	0	0	20	0	0
5	123879325	.	T	C	10	4	14	0	1	15	0	0
5	124417071	.	T	C	2	2	4	0	0	4	0	0
5	125533669	.	A	G	25	51	76	0	1	77	0	0
5	125534541	.	A	G	68	33	101	0	1	102	0	0
5	129795803	.	A	G	6	2	8	0	1	9	0	0
5	129795821	.	A	G	3	6	9	0	0	9	0	0
5	129797823	.	A	G	11	14	25	0	1	26	0	0
5	130014307	.	A	G	80	14	94	0	1	95	0	0
5	135192160	.	A	G	6	2	8	0	0	8	0	0
5	135193588	.	A	G	1	2	3	0	0	3	0	0
5	135193689	.	G	A	3	2	5	0	0	5	0	0
5	135437709	.	T	C	21	9	30	0	0	30	0	0
5	135437715	.	T	C	22	7	29	0	0	29	0	0
5	136941953	.	A	G	87	34	121	0	4	125	0	0
5	139959983	.	T	G	2	1	3	0	1	4	0	0
5	140606797	.	C	G	11	13	24	0	3	27	0	0
5	140606802	.	T	G	10	7	17	0	12	29	0	0
5	142655047	.	A	G	82	22	104	0	3	107	0	0
5	142873223	.	T	C	2	2	4	0	0	4	0	0
5	142888875	.	G	T	16	9	25	0	0	25	0	0
5	143381321	.	A	G	3	5	8	0	1	9	0	0
5	143381709	.	A	G	5	4	9	0	0	9	0	0
5	143382050	.	A	G	2	3	5	0	0	5	0	0
5	143382388	.	A	G	3	3	6	0	0	6	0	0
5	143382450	.	A	G	2	2	4	0	1	5	0	0
5	143382825	.	A	G	5	4	9	0	0	9	0	0
5	143382826	.	A	G	7	2	9	0	0	9	0	0
5	143382879	.	A	G	4	2	6	0	0	6	0	0
5	143696125	.	A	G	3	2	5	0	0	5	0	0
5	143840226	.	A	G	10	2	12	0	0	12	0	0
5	147806831	.	A	G	2	2	4	0	0	4	0	0
5	148269115	.	G	C	10	15	25	0	0	25	0	0
5	148985213	.	G	A	1	0	1	0	1	2	0	0
5	148985229	.	C	A	6	0	6	0	0	6	0	0
5	150562476	.	T	A	5	2	7	0	1	8	0	0
5	150571797	.	T	C	1	3	4	0	0	4	0	0
5	150573404	.	T	C	1	2	3	0	0	3	0	0
6	5431093	.	C	T	2	1	3	0	0	3	0	0
6	6822137	.	C	T	8	2	10	0	0	10	0	0
6	6877971	.	A	G	0	3	3	0	0	3	0	0
6	8582612	.	G	A	0	3	3	0	0	3	0	0
6	8582615	.	C	G	0	2	2	0	0	2	0	0
6	8593048	.	C	T	0	1	1	1	0	2	0	0
6	22307067	.	T	A	7	6	13	0	8	22	1	0
6	24953649	.	G	A	22	6	28	0	3	31	0	0
6	25689644	.	G	A	24	18	42	0	2	44	0	0
6	29945616	.	A	G	2	2	4	0	0	4	0	0
6	31119105	.	C	T	3	0	3	0	4	7	0	0
6	31486635	.	A	C	5	4	9	0	5	14	0	0
6	31486641	.	G	C	7	3	10	0	1	11	0	0
6	31489086	.	A	G	9	11	20	0	0	20	0	0
6	31492600	.	A	G	8	4	12	0	2	14	0	0
6	31492602	.	A	G	6	5	11	0	3	14	0	0
6	32121496	.	C	T	3	4	7	0	0	7	0	0
6	34751192	.	A	C	7	4	11	0	5	16	0	0
6	34751198	.	A	C	10	5	15	0	0	15	0	0
6	37847782	.	A	G	8	4	12	0	0	12	0	0
6	38265837	.	T	C	3	2	5	0	0	5	0	0
6	38267444	.	A	G	1	2	3	0	1	4	0	0
6	38585935	.	T	C	12	1	13	0	5	19	1	0
6	39312088	.	T	C	29	7	36	0	2	38	0	0
6	47848366	.	A	G	6	2	8	0	0	8	0	0
6	47848373	.	A	G	2	5	7	0	0	7	0	0
6	47849226	.	A	G	1	4	5	0	0	5	0	0
6	48375231	.	A	G	7	2	9	0	0	9	0	0
6	48375235	.	A	G	6	3	9	0	1	10	0	0
6	50166658	.	T	C	1	2	3	0	0	3	0	0
6	54621157	.	C	T	4	2	6	0	1	7	0	0
6	54621158	.	C	T	3	1	4	0	3	7	0	0
6	65687724	.	A	G	2	2	4	0	0	4	0	0
6	66517065	.	A	G	4	4	8	0	0	8	0	0
6	66517196	.	A	G	4	5	9	0	0	9	0	0
6	66517197	.	A	G	5	4	9	0	0	9	0	0
6	66517625	.	A	G	5	7	12	0	0	12	0	0
6	66517635	.	A	G	7	4	11	0	2	13	0	0
6	66517724	.	A	G	9	1	10	0	0	10	0	0
6	66852630	.	C	A	3	0	3	1	0	4	0	0
6	85679641	.	A	G	1	0	1	0	1	2	0	0
6	85905986	.	G	A	0	13	13	0	0	13	0	0
6	86390989	.	A	G	1	5	6	0	0	6	0	0
6	86391922	.	A	G	1	4	5	0	0	5	0	0
6	87067469	.	A	T	1	10	11	0	1	12	0	0
6	87112110	.	G	A	1	23	24	0	0	24	0	0
6	87791783	.	T	C	5	3	8	0	0	8	0	0
6	89293489	.	T	G	12	6	18	0	2	20	0	0
6	94581369	.	G	A	20	3	23	0	2	25	0	0
6	113301671	.	G	A	1	1	2	0	0	2	0	0
6	113301677	.	G	A	1	0	1	0	2	3	0	0
6	115229054	.	G	A	0	2	2	0	0	2	0	0
6	115229055	.	C	A	0	1	1	0	1	2	0	0
6	118102200	.	T	C	2	2	4	0	0	4	0	0
6	118567527	.	T	C	1	13	14	1	1	16	0	0
6	119458902	.	A	C	0	16	16	0	1	17	0	0
6	119458903	.	C	A	3	8	11	0	6	17	0	0
6	119939864	.	T	G	1	10	11	0	0	11	0	0
6	120977360	.	T	A	1	9	10	0	0	10	0	0
6	124410378	.	G	A	5	2	7	0	0	7	0	0
6	124716628	.	T	C	4	5	9	0	0	9	0	0
6	124787015	.	A	G	2	10	12	0	0	12	0	0
6	124787022	.	T	G	3	9	12	0	0	12	0	0
6	126619121	.	T	C	52	24	76	0	1	77	0	0
6	127160483	.	T	C	0	1	1	1	0	2	0	0
6	134247008	.	G	A	3	1	4	0	4	8	0	0
6	145908827	.	G	A	6	3	9	0	3	12	0	0
6	146365044	.	C	T	0	7	7	0	0	7	0	0
7	3463600	.	A	G	70	19	89	0	2	91	0	0
7	4718816	.	A	C	17	29	46	0	4	50	0	0
7	4718817	.	G	C	17	18	35	0	14	50	1	0
7	6176879	.	A	G	2	2	4	0	0	4	0	0
7	6967217	.	A	G	18	4	22	0	0	22	0	0
7	6967909	.	A	G	9	5	14	0	2	16	0	0
7	6968013	.	A	G	8	5	13	0	0	13	0	0
7	6968063	.	T	G	5	4	9	0	1	10	0	0
7	6969513	.	A	G	7	10	17	0	0	17	0	0
7	6969543	.	A	G	28	5	33	0	1	34	0	0
7	12706119	.	A	G	1	2	3	0	0	3	0	0
7	12706157	.	A	G	7	3	10	0	1	11	0	0
7	12707548	.	A	G	2	3	5	0	0	5	0	0
7	15864164	.	G	C	1	5	6	0	6	12	0	0
7	15864170	.	T	C	5	7	12	0	1	13	0	0
7	16011428	.	G	A	1	2	3	0	0	3	0	0
7	16544242	.	C	T	0	49	49	1	0	50	0	0
7	16619272	.	A	G	3	25	28	0	1	29	0	0
7	16619450	.	A	G	6	2	8	0	0	8	0	0
7	16619714	.	A	G	27	8	35	0	0	35	0	0
7	18698426	.	T	C	6	11	17	1	0	18	0	0
7	18698430	.	C	T	7	9	16	1	0	17	0	0
7	18785632	.	G	C	0	3	3	0	0	3	0	0
7	18873679	.	T	C	8	3	11	0	0	11	0	0
7	18873686	.	T	C	7	4	11	0	0	11	0	0
7	18873733	.	T	C	8	3	11	0	0	11	0	0
7	19240036	.	T	C	5	2	7	0	0	7	0	0
7	19314405	.	G	A	3	2	5	0	0	5	0	0
7	23840839	.	A	G	10	2	12	3	0	15	0	0
7	23840986	.	C	A	8	2	10	0	0	10	0	0
7	23880580	.	G	C	0	2	2	0	0	2	0	0
7	24008557	.	A	G	1	8	9	0	0	9	0	0
7	24710068	.	T	C	21	6	27	0	0	27	0	0
7	24710075	.	T	C	18	10	28	0	1	29	0	0
7	26904993	.	A	G	3	5	8	0	0	8	0	0
7	26905060	.	A	G	4	7	11	0	0	11	0	0
7	26905123	.	A	G	9	2	11	0	0	11	0	0
7	27226585	.	T	C	37	9	46	0	0	46	0	0
7	27226586	.	T	C	37	8	45	0	1	46	0	0
7	27281313	.	A	G	18	6	24	0	0	24	0	0
7	27520956	.	A	G	8	7	15	0	0	15	0	0
7	27521358	.	A	G	6	3	9	0	0	9	0	0
7	27582883	.	T	C	0	2	2	4	0	6	0	0
7	27583027	.	T	C	0	1	1	0	0	1	0	0
7	27583033	.	C	T	0	1	1	0	0	1	0	0
7	27663471	.	G	A	1	1	2	0	0	2	0	0
7	27663582	.	A	G	2	2	4	0	0	4	0	0
7	28868929	.	T	C	1	1	2	0	2	4	0	0
7	28922548	.	T	C	1	2	3	0	0	3	0	0
7	31579247	.	C	G	0	1	1	0	0	1	0	0
7	35091052	.	A	G	15	3	18	0	0	18	0	0
7	44616774	.	T	C	3	4	7	0	1	8	0	0
7	44957307	.	T	C	2	2	4	0	0	4	0	0
7	45032973	.	T	C	6	3	9	0	0	9	0	0
7	45036981	.	A	C	3	1	4	0	2	6	0	0
7	45036987	.	A	C	4	2	6	0	1	7	0	0
7	45140801	.	T	C	1	4	5	0	0	5	0	0
7	45294735	.	A	C	4	1	5	0	1	6	0	0
7	45450372	.	T	C	16	3	19	0	8	27	0	0
7	55575496	.	T	C	1	2	3	0	0	3	0	0
7	55627368	.	T	C	79	33	112	0	3	115	0	0
7	58875213	.	T	C	3	1	4	0	1	5	0	0
7	58875215	.	T	C	4	1	5	0	0	5	0	0
7	59037439	.	C	T	0	1	1	0	0	1	0	0
7	62029137	.	G	A	5	2	7	0	0	7	0	0
7	70009894	.	C	G	3	1	4	0	0	4	0	0
7	73387821	.	T	C	6	3	9	0	0	9	0	0
7	79525637	.	T	C	36	6	42	0	1	43	0	0
7	79891696	.	A	G	1	5	6	0	0	6	0	0
7	81180352	.	A	G	0	6	6	0	1	7	0	0
7	81180363	.	A	G	2	5	7	0	0	7	0	0
7	81522050	.	A	G	1	2	3	0	1	4	0	0
7	81522943	.	A	G	5	3	8	0	0	8	0	0
7	81533652	.	C	T	20	21	41	0	1	42	0	0
7	82805104	.	C	A	1	1	2	0	0	2	0	0
7	83274886	.	T	C	4	3	7	0	0	7	0	0
7	89843546	.	G	T	4	2	6	0	1	7	0	0
7	89843547	.	C	T	4	1	5	0	2	7	0	0
7	90092297	.	G	A	4	2	6	0	0	6	0	0
7	98969425	.	C	A	8	0	8	0	4	12	0	0
7	99127829	.	G	A	1	1	2	1	2	5	0	0
7	110655309	.	T	C	22	9	31	0	0	31	0	0
7	121692142	.	A	G	6	2	8	0	0	8	0	0
7	122878705	.	A	G	6	2	8	0	1	9	0	0
7	126853494	.	A	G	26	5	31	0	0	31	0	0
7	127178167	.	A	G	3	3	6	0	0	6	0	0
7	127178341	.	A	G	1	3	4	0	0	4	0	0
7	127385241	.	A	C	0	3	3	0	1	4	0	0
7	127385246	.	G	C	0	4	4	0	1	5	0	0
7	127519115	.	A	G	1	3	4	0	0	4	0	0
7	128043073	.	C	A	16	3	19	0	4	23	0	0
7	128290881	.	G	T	7	4	11	2	1	14	0	0
7	128290890	.	G	T	11	5	16	1	0	17	0	0
7	130360893	.	A	T	4	11	15	0	0	15	0	0
7	139685712	.	T	C	18	6	24	0	0	24	0	0
7	139715688	.	A	G	1	3	4	0	0	4	0	0
7	140391023	.	T	C	11	11	22	0	0	22	0	0
7	140471558	.	G	A	0	0	0	1	1	2	0	0
7	140522293	.	C	T	1	1	2	0	0	2	0	0
7	140916604	.	A	G	27	10	37	0	1	38	0	0
7	142207010	.	T	C	52	22	74	0	1	75	0	0
8	4679828	.	T	G	3	2	5	0	0	5	0	0
8	5690594	.	A	G	0	3	3	3	0	6	0	0
8	14078025	.	T	C	8	3	11	0	0	11	0	0
8	14948080	.	G	T	2	1	3	0	2	5	0	0
8	19732474	.	C	A	8	4	12	0	0	12	0	0
8	19741629	.	C	T	2	1	3	0	0	3	0	0
8	19747709	.	C	T	1	7	8	0	0	8	0	0
8	19747710	.	G	A	7	1	8	0	0	8	0	0
8	19747748	.	C	A	2	0	2	0	0	2	0	0
8	20030726	.	C	A	14	4	18	0	0	18	0	0
8	20030855	.	G	A	6	1	7	0	1	8	0	0
8	20157920	.	G	T	5	7	12	0	0	12	0	0
8	20157964	.	A	G	7	2	9	0	0	9	0	0
8	20158080	.	G	C	3	3	6	0	0	6	0	0
8	20158082	.	G	A	3	3	6	0	0	6	0	0
8	20698008	.	A	T	6	4	10	5	0	15	0	0
8	20727130	.	G	A	35	6	41	0	1	42	0	0
8	22558439	.	C	T	0	1	1	0	1	2	0	0
8	26064665	.	G	A	14	1	15	0	5	20	0	0
8	26164128	.	G	T	5	2	7	0	1	8	0	0
8	26164129	.	A	T	5	1	6	0	2	8	0	0
8	26306143	.	T	C	10	2	12	0	0	12	0	0
8	36684098	.	T	C	2	3	5	0	1	6	0	0
8	39618334	.	C	A	26	6	32	0	0	32	0	0
8	41370848	.	A	G	8	4	12	0	0	12	0	0
8	42061914	.	T	C	0	3	3	0	0	3	0	0
8	48564795	.	A	G	0	6	6	0	0	6	0	0
8	48788530	.	C	T	1	4	5	1	0	6	0	0
8	58229046	.	T	C	10	2	12	0	0	12	0	0
8	69766592	.	A	G	6	4	10	0	1	11	0	0
8	70017218	.	C	G	1	5	6	0	0	6	0	0
8	70017232	.	G	A	1	5	6	0	0	6	0	0
8	70017315	.	G	T	0	1	1	0	0	1	0	0
8	70037749	.	C	T	0	3	3	1	0	4	0	0
8	70784661	.	G	A	4	0	4	0	8	12	0	0
8	70847832	.	T	C	1	3	4	0	0	4	0	0
8	71826316	.	A	G	8	2	10	0	0	10	0	0
8	71826333	.	A	G	5	3	8	0	0	8	0	0
8	71826392	.	A	G	6	3	9	0	1	10	0	0
8	72977426	.	A	G	12	26	38	0	0	38	0	0
8	72977438	.	A	G	40	6	46	0	0	46	0	0
8	73484500	.	A	T	5	4	9	0	10	19	0	0
8	83590231	.	A	C	3	1	4	0	2	6	0	0
8	83590237	.	G	C	4	2	6	0	0	6	0	0
8	84723069	.	T	A	1	3	4	0	0	4	0	0
8	84977744	.	T	C	4	4	8	0	0	8	0	0
8	88898496	.	A	G	21	8	29	0	1	30	0	0
8	89058376	.	T	C	5	2	7	0	0	7	0	0
8	94743943	.	T	C	5	4	9	0	0	9	0	0
8	94744483	.	T	C	7	2	9	0	0	9	0	0
8	96177365	.	G	T	10	3	13	0	0	13	0	0
8	96177366	.	C	T	10	2	12	0	1	13	0	0
8	104987504	.	A	G	2	3	5	0	0	5	0	0
8	107148852	.	A	G	1	3	4	0	0	4	0	0
8	107395355	.	A	G	2	2	4	0	0	4	0	0
8	107740566	.	C	T	1	2	3	0	1	4	0	0
8	107744427	.	A	G	5	7	12	0	0	12	0	0
8	108144504	.	T	C	2	2	4	0	0	4	0	0
8	110817217	.	A	G	34	9	43	0	0	43	0	0
8	111731758	.	T	C	18	3	21	0	0	21	0	0
8	112697713	.	T	C	1	2	3	0	0	3	0	0
8	117350851	.	A	G	7	2	9	0	0	9	0	0
8	123983976	.	A	G	2	2	4	0	0	4	0	0
8	124147389	.	G	A	258	228	486	0	14	500	0	0
8	124261954	.	A	G	4	2	6	0	0	6	0	0
8	125620613	.	T	C	16	9	25	0	0	25	0	0
8	125620618	.	T	C	9	15	24	0	0	24	0	0
8	125620861	.	T	C	22	11	33	0	2	35	0	0
8	125620923	.	T	C	15	20	35	0	2	37	0	0
8	125620929	.	T	C	18	14	32	0	0	32	0	0
9	3387716	.	A	G	15	4	19	0	1	20	0	0
9	3387771	.	A	G	15	6	21	0	0	21	0	0
9	4456006	.	T	C	0	2	2	0	0	2	0	0
9	7836792	.	T	C	2	2	4	0	0	4	0	0
9	8021805	.	T	C	20	4	24	0	0	24	0	0
9	15821586	.	T	C	4	2	6	0	1	7	0	0
9	20507083	.	A	G	5	2	7	0	0	7	0	0
9	20512920	.	A	G	7	1	8	0	1	9	0	0
9	20515715	.	A	G	1	5	6	0	0	6	0	0
9	20515757	.	A	G	4	2	6	0	3	9	0	0
9	20515808	.	A	G	4	4	8	0	0	8	0	0
9	20781697	.	A	G	10	5	15	0	0	15	0	0
9	27260291	.	G	T	1	3	4	0	1	5	0	0
9	35120844	.	A	G	4	2	6	0	0	6	0	0
9	42163217	.	T	G	12	7	19	0	4	23	0	0
9	42430422	.	A	C	3	1	4	0	2	6	0	0
9	44204075	.	T	C	9	5	14	0	0	14	0	0
9	44204076	.	T	C	10	4	14	0	0	14	0	0
9	44206126	.	T	C	7	2	9	0	0	9	0	0
9	44206135	.	T	C	2	2	4	0	1	5	0	0
9	44827798	.	T	C	4	3	7	0	0	7	0	0
9	44829738	.	T	C	1	2	3	0	0	3	0	0
9	45747294	.	C	T	0	3	3	0	0	3	0	0
9	45747428	.	A	T	0	1	1	0	0	1	0	0
9	45895239	.	T	C	1	1	2	0	0	2	0	0
9	47764621	.	G	A	15	11	26	0	8	34	0	0
9	49415404	.	G	A	1	3	4	0	5	9	0	0
9	49415411	.	G	A	3	3	6	0	3	9	0	0
9	55056705	.	A	G	9	3	12	0	0	12	0	0
9	59879332	.	A	G	2	1	3	0	0	3	0	0
9	64142586	.	A	G	1	5	6	0	0	6	0	0
9	65273907	.	A	G	1	3	4	0	0	4	0	0
9	72270786	.	C	A	21	5	26	0	6	32	0	0
9	72382412	.	T	C	1	2	3	0	0	3	0	0
9	78076674	.	A	G	8	4	12	0	1	13	0	0
9	95939206	.	A	G	11	3	14	0	0	14	0	0
9	103062470	.	C	A	4	6	10	0	0	10	0	0
9	103062472	.	C	A	3	7	10	0	0	10	0	0
9	107416515	.	C	T	6	2	8	0	0	8	0	0
9	107664954	.	C	A	4	2	6	0	0	6	0	0
9	108263012	.	A	G	2	2	4	0	0	4	0	0
9	109659963	.	T	C	5	1	6	0	0	6	0	0
9	110067953	.	G	A	24	3	27	0	2	29	0	0
9	118754231	.	C	G	9	4	13	0	0	13	0	0
9	121584335	.	A	C	7	5	12	0	4	16	0	0
9	121584341	.	A	C	7	6	13	0	6	19	0	0
9	122660884	.	A	C	6	5	11	0	2	13	0	0
9	122906045	.	A	C	16	5	21	0	20	41	0	0
9	124033039	.	T	G	6	2	8	0	0	8	0	0
9	124033057	.	G	T	3	2	5	0	0	5	0	0
9	124034058	.	T	G	21	3	24	1	1	26	0	0
X	7774376	.	A	G	6	2	8	0	0	8	0	0
X	37697716	.	A	G	5	3	8	0	0	8	0	0
X	37698807	.	A	G	9	2	11	0	1	12	0	0
X	40743165	.	A	G	3	3	6	0	0	6	0	0
X	55633003	.	T	C	31	6	37	0	0	37	0	0
X	55695926	.	A	G	0	2	2	0	0	2	0	0
X	59366832	.	C	T	3	2	5	0	0	5	0	0
X	60230328	.	A	G	12	3	15	0	0	15	0	0
X	60231705	.	A	G	21	14	35	0	1	36	0	0
X	70868107	.	T	G	2	3	5	0	4	10	1	0
X	73270255	.	T	C	11	5	16	0	0	16	0	0
X	73270468	.	T	C	1	16	17	0	2	19	0	0
X	73329113	.	A	G	2	3	5	0	0	5	0	0
X	73329324	.	A	G	1	3	4	0	0	4	0	0
X	73329333	.	A	G	3	2	5	0	0	5	0	0
X	80866141	.	T	C	0	4	4	11	0	15	0	0
X	95617763	.	C	T	7	2	9	0	0	9	0	0
X	98192186	.	A	C	5	2	7	0	2	9	0	0
X	98192191	.	A	C	4	2	6	0	3	9	0	0
X	102620158	.	T	C	8	11	19	0	0	19	0	0
X	102620159	.	T	C	2	17	19	0	0	19	0	0
X	102623385	.	T	C	5	5	10	0	0	10	0	0
X	133489391	.	T	C	10	5	15	0	0	15	0	0
X	133489405	.	T	C	11	5	16	0	0	16	0	0
X	133490101	.	T	C	3	4	7	0	1	8	0	0
X	133490134	.	T	C	3	2	5	0	0	5	0	0
X	133490145	.	T	C	6	3	9	0	1	10	0	0
X	135950573	.	A	G	7	2	9	0	0	9	0	0
X	140507620	.	T	C	1	4	5	0	0	5	0	0
X	149766871	.	T	C	14	15	29	0	11	40	0	0
X	149767614	.	T	C	81	74	155	0	7	162	0	0
X	149768450	.	T	C	186	55	241	0	3	244	0	0
X	149768451	.	T	C	196	41	237	0	7	244	0	0
X	149768519	.	T	C	233	41	274	0	6	280	0	0
X	149768525	.	T	C	152	74	226	0	7	233	0	0
X	151079791	.	C	T	17	7	24	0	3	27	0	0
X	161561788	.	T	A	4	1	5	0	1	6	0	0
X	166906187	.	T	C	10	3	13	0	0	13	0	0
Y	1016394	.	A	G	17	11	28	0	2	30	0	0
Y	1048551	.	A	G	7	6	13	0	1	14	0	0
Y	1048565	.	A	G	6	6	12	0	1	13	0	0
Y	1048704	.	A	G	3	4	7	0	0	7	0	0
Y	1048726	.	A	G	5	4	9	0	0	9	0	0
Y	1048869	.	A	G	1	5	6	0	0	6	0	0
