contig	position	variantID	refAllele	altAllele	refCount	altCount	totalCount	lowMAPQDepth	lowBaseQDepth	rawDepth	otherBases	improperPairs
1	16717060	.	T	C	3	3	6	0	1	7	0	0
1	22031785	.	T	C	3	5	8	0	0	8	0	0
1	33835733	.	T	C	7	2	9	0	0	9	0	0
1	59755980	.	A	G	10	2	12	0	0	12	0	0
1	59756998	.	A	G	9	5	14	0	0	14	0	0
1	59913367	.	A	G	37	14	51	0	3	54	0	0
1	59917881	.	A	G	5	2	7	0	0	7	0	0
1	60082038	.	T	C	2	2	4	0	0	4	0	0
1	60517747	.	A	G	26	24	50	1	6	57	0	0
1	63156443	.	A	G	5	3	8	0	0	8	0	0
1	66711873	.	A	G	70	34	104	1	3	108	0	0
1	74631555	.	A	G	3	3	6	0	0	6	0	0
1	75398649	.	A	G	14	4	18	0	0	18	0	0
1	86204624	.	A	G	5	2	7	0	0	7	0	0
1	86275689	.	T	C	25	5	30	0	5	35	0	0
1	86276528	.	T	C	10	5	15	0	0	15	0	0
1	88187259	.	T	C	0	2	2	0	0	2	0	0
1	88187289	.	A	G	0	4	4	0	0	4	0	0
1	88187311	.	C	T	4	2	6	0	0	6	0	0
1	88188916	.	C	A	2	2	4	0	0	4	0	0
1	88189435	.	G	C	2	2	4	0	0	4	0	0
1	88189910	.	T	C	2	3	5	0	0	5	0	0
1	88189938	.	C	A	1	2	3	1	0	4	0	0
1	88190661	.	G	C	1	3	4	0	0	4	0	0
1	88190717	.	G	C	7	2	9	0	0	9	0	0
1	88191237	.	A	C	7	37	44	0	2	46	0	0
1	88191281	.	A	G	56	8	64	0	2	66	0	0
1	88191320	.	C	T	8	38	46	0	0	46	0	0
1	88191706	.	G	A	32	7	39	0	1	40	0	0
1	88191710	.	T	C	10	26	36	0	0	36	0	0
1	88191744	.	C	A	19	5	24	0	0	24	0	0
1	88191864	.	G	T	37	8	45	0	0	45	0	0
1	88192008	.	C	T	35	14	49	0	2	51	0	0
1	88192037	.	T	A	2	21	23	0	0	23	0	0
1	88192048	.	G	C	21	28	49	0	0	49	0	0
1	88192098	.	G	A	43	13	56	0	1	57	0	0
1	88192180	.	G	T	50	6	56	0	2	58	0	0
1	88192184	.	T	A	54	5	59	0	1	60	0	0
1	88192243	.	A	G	10	32	42	0	0	42	0	0
1	88192700	.	G	A	9	23	32	0	1	33	0	0
1	88192756	.	G	A	14	36	50	0	1	51	0	0
1	88193031	.	C	G	6	16	22	2	1	25	0	0
1	88193194	.	C	T	2	5	7	4	0	11	0	0
1	88193568	.	A	C	3	6	9	35	0	44	0	0
1	88193702	.	T	G	2	12	14	29	0	43	0	0
1	88193917	.	G	A	6	17	23	20	0	43	0	0
1	88194314	.	C	A	24	7	31	3	0	34	0	0
1	88197053	.	T	C	1	7	8	0	0	8	0	0
1	88197991	.	A	G	10	22	32	0	1	33	0	0
1	88200605	.	C	A	1	10	11	0	0	11	0	0
1	88200771	.	G	A	11	2	13	0	1	14	0	0
1	88200832	.	C	T	6	11	17	0	0	17	0	0
1	88202772	.	A	T	3	0	3	2	0	5	0	0
1	93299890	.	A	G	14	2	16	0	0	16	0	0
1	133065748	.	A	G	27	10	37	0	1	38	0	0
1	133628927	.	T	C	2	2	4	0	0	4	0	0
1	156255182	.	T	C	5	9	14	0	0	14	0	0
1	156255601	.	T	C	10	3	13	0	0	13	0	0
1	160839934	.	T	C	2	2	4	0	0	4	0	0
1	165058785	.	T	C	2	2	4	0	0	4	0	0
1	171151897	.	T	C	3	3	6	0	0	6	0	0
1	171151907	.	T	C	5	2	7	0	0	7	0	0
1	180923652	.	T	C	13	2	15	0	2	17	0	0
1	180924020	.	T	C	18	4	22	0	0	22	0	0
1	182311465	.	C	T	2	2	4	0	0	4	0	0
1	183105229	.	A	G	14	2	16	0	1	17	0	0
1	183105230	.	A	G	15	2	17	0	1	18	0	0
1	183190594	.	A	G	13	5	18	0	0	18	0	0
1	183190595	.	A	G	16	2	18	0	0	18	0	0
1	183190682	.	A	G	10	4	14	0	0	14	0	0
1	190505415	.	C	T	27	9	36	0	0	36	0	0
10	7524278	.	T	C	3	3	6	0	0	6	0	0
10	41792443	.	G	A	4	2	6	0	0	6	0	0
10	49118557	.	T	C	1	10	11	0	0	11	0	0
10	49118584	.	T	C	8	13	21	0	0	21	0	0
10	49118640	.	T	C	9	6	15	0	0	15	0	0
10	57391874	.	C	T	13	2	15	0	2	17	0	0
10	59785657	.	A	C	4	2	6	0	2	8	0	0
10	77159750	.	T	C	8	2	10	0	0	10	0	0
10	81366434	.	G	T	8	3	11	0	1	12	0	0
10	81442755	.	A	G	4	3	7	0	0	7	0	0
10	82486405	.	T	C	14	4	18	0	0	18	0	0
10	82486613	.	T	C	21	7	28	0	1	29	0	0
10	94057224	.	A	G	18	5	23	0	0	23	0	0
10	109938715	.	T	C	3	2	5	0	0	5	0	0
10	115207551	.	T	G	11	1	12	0	4	16	0	0
10	126903751	.	T	C	69	20	89	0	0	89	0	0
10	127038297	.	T	C	4	3	7	0	0	7	0	0
10	127120808	.	G	A	9	2	11	0	1	12	0	0
11	3077575	.	C	A	7	11	18	21	0	39	0	0
11	3407143	.	A	G	6	2	8	0	0	8	0	0
11	4091432	.	T	C	20	6	26	0	0	26	0	0
11	20178606	.	T	C	14	3	17	0	0	17	0	0
11	43572970	.	A	G	5	3	8	0	1	9	0	0
11	43573016	.	A	G	3	2	5	0	0	5	0	0
11	43573028	.	A	G	4	3	7	0	0	7	0	0
11	46163470	.	T	C	50	270	320	0	6	326	0	0
11	49564249	.	C	A	15	4	19	0	0	19	0	0
11	59401821	.	A	G	16	2	18	0	0	18	0	0
11	69674128	.	A	G	11	5	16	0	0	16	0	0
11	69675231	.	A	G	6	4	10	0	0	10	0	0
11	69807381	.	G	A	8	2	10	0	0	10	0	0
11	69922901	.	A	G	5	5	10	0	1	11	0	0
11	69927705	.	A	G	6	2	8	0	0	8	0	0
11	69927869	.	A	G	2	3	5	0	0	5	0	0
11	72570452	.	A	G	3	2	5	0	0	5	0	0
11	74747553	.	T	C	1	2	3	0	0	3	0	0
11	75064512	.	A	G	4	2	6	0	0	6	0	0
11	75067258	.	T	C	13	8	21	0	0	21	0	0
11	77426880	.	T	C	40	9	49	0	0	49	0	0
11	78146305	.	T	A	2	1	3	0	1	4	0	0
11	82854348	.	A	G	6	2	8	0	0	8	0	0
11	82854460	.	A	G	7	2	9	0	1	10	0	0
11	82854512	.	A	G	8	5	13	0	1	14	0	0
11	86521633	.	T	C	1	2	3	2	0	5	0	0
11	87476439	.	A	G	20	3	23	0	0	23	0	0
11	93859132	.	T	C	22	2	24	0	0	24	0	0
11	94431300	.	T	C	6	2	8	0	0	8	0	0
11	94431318	.	T	C	2	10	12	0	0	12	0	0
11	94431842	.	T	C	7	4	11	0	1	12	0	0
11	97535375	.	T	C	12	2	14	0	0	14	0	0
11	97535690	.	T	C	9	3	12	0	0	12	0	0
11	98586799	.	T	C	9	2	11	0	0	11	0	0
11	98864919	.	A	T	3	2	5	0	0	5	0	0
11	100330625	.	T	C	3	3	6	0	0	6	0	0
11	100488792	.	T	C	9	4	13	0	0	13	0	0
11	101089557	.	T	C	20	3	23	0	0	23	0	0
11	101089802	.	T	C	8	8	16	0	1	17	0	0
11	101182804	.	T	C	1	3	4	0	0	4	0	0
11	101185637	.	A	C	1	1	2	0	2	4	0	0
11	109467746	.	T	G	1	1	2	0	3	5	0	0
11	116471963	.	T	C	7	17	24	0	2	26	0	0
11	121508082	.	T	A	10	1	11	0	0	11	0	0
11	121508084	.	C	A	10	1	11	0	0	11	0	0
12	3454168	.	A	G	37	4	41	7	0	48	0	0
12	3454248	.	A	G	15	35	50	8	2	60	0	0
12	11932637	.	T	C	1	1	2	0	1	3	0	0
12	11932639	.	T	C	1	2	3	0	0	3	0	0
12	17479809	.	A	G	9	17	26	0	1	27	0	0
12	46747117	.	T	C	28	16	44	0	0	44	0	0
12	54718540	.	T	C	25	6	31	0	0	31	0	0
12	54719070	.	T	C	20	11	31	0	1	32	0	0
12	54719142	.	T	C	28	6	34	0	0	34	0	0
12	61904710	.	C	A	3	2	5	0	0	5	0	0
12	61904712	.	C	A	2	2	4	0	0	4	0	0
12	65113982	.	T	C	7	3	10	0	0	10	0	0
12	69244102	.	A	G	18	3	21	0	2	23	0	0
12	69347175	.	A	G	2	2	4	0	0	4	0	0
12	71041945	.	A	G	25	6	31	0	2	33	0	0
12	73397408	.	T	C	8	1	9	0	1	10	0	0
12	73975614	.	A	G	2	7	9	0	0	9	0	0
12	78731515	.	T	A	7	2	9	0	1	10	0	0
12	80154594	.	C	T	5	2	7	0	2	9	0	0
12	83582758	.	G	A	1	2	3	0	0	3	0	0
12	101887890	.	T	C	18	7	25	0	1	26	0	0
12	109690223	.	A	G	1	2	3	0	0	3	0	0
13	8901801	.	T	C	9	4	13	0	0	13	0	0
13	14225628	.	T	C	24	7	31	0	4	35	0	0
13	14226674	.	T	C	37	3	40	0	0	40	0	0
13	14228102	.	T	C	15	4	19	2	1	22	0	0
13	17979133	.	T	C	3	2	5	0	0	5	0	0
13	17979342	.	T	C	8	2	10	0	0	10	0	0
13	21574169	.	T	C	6	5	11	0	0	11	0	0
13	49958654	.	A	G	1	2	3	0	0	3	0	0
13	52801429	.	A	G	2	2	4	0	0	4	0	0
13	58151150	.	T	A	10	0	10	0	5	15	0	0
13	59776305	.	A	G	4	2	6	0	0	6	0	0
13	63448526	.	A	G	7	5	12	0	0	12	0	0
13	64437994	.	T	C	10	3	13	0	0	13	0	0
13	64438124	.	T	C	2	3	5	0	0	5	0	0
13	74508407	.	A	G	6	2	8	0	2	10	0	0
13	105583609	.	T	C	4	1	5	0	3	8	0	0
13	107861323	.	C	T	9	4	13	0	7	20	0	0
13	119625401	.	G	T	5	4	9	0	1	10	0	0
14	9647289	.	A	G	45	7	52	0	2	54	0	0
14	10058181	.	A	G	107	24	131	0	5	136	0	0
14	14533725	.	T	C	1	11	12	0	1	13	0	0
14	14533732	.	T	C	15	2	17	0	0	17	0	0
14	21846832	.	A	G	15	28	43	0	4	47	0	0
14	21846833	.	A	G	38	7	45	0	1	47	1	0
14	21847779	.	A	G	77	29	106	0	0	106	0	0
14	24054149	.	G	A	12	1	13	0	0	13	0	0
14	24054150	.	C	G	11	1	12	0	1	13	0	0
14	26381874	.	T	C	6	3	9	1	0	10	0	0
14	26382360	.	T	C	2	3	5	0	0	5	0	0
14	26382413	.	T	C	1	3	4	0	0	4	0	0
14	29788078	.	T	C	15	14	29	0	0	29	0	0
14	30846718	.	T	C	4	2	6	0	0	6	0	0
14	32018582	.	A	G	23	14	37	0	0	37	0	0
14	51013458	.	T	C	11	5	16	0	0	16	0	0
14	51108706	.	A	G	5	2	7	0	0	7	0	0
14	51115790	.	A	G	16	2	18	1	0	19	0	0
14	52435637	.	A	G	8	2	10	0	0	10	0	0
14	55749057	.	A	G	15	2	17	0	2	19	0	0
14	60451314	.	T	C	2	2	4	0	0	4	0	0
14	61770729	.	T	A	9	3	12	0	0	12	0	0
14	75957159	.	T	C	11	5	16	0	1	17	0	0
14	103584115	.	T	C	13	6	19	0	1	20	0	0
15	5150309	.	T	C	2	3	5	17	0	22	0	0
15	5150392	.	C	T	3	2	5	30	0	35	0	0
15	8187674	.	A	G	8	11	19	0	0	19	0	0
15	8188973	.	A	G	6	7	13	0	1	14	0	0
15	44292281	.	C	T	5	3	8	0	0	8	0	0
15	55118258	.	A	G	16	3	19	0	1	20	0	0
15	55118295	.	A	G	8	4	12	0	0	12	0	0
15	66487883	.	C	T	0	1	1	0	2	3	0	0
15	66487886	.	C	T	0	1	1	0	2	3	0	0
15	68973014	.	C	A	4	1	5	0	3	8	0	0
15	85591517	.	A	G	5	2	7	0	0	7	0	0
15	85591587	.	A	G	9	3	12	0	0	12	0	0
15	96594020	.	G	A	5	3	8	0	1	9	0	0
15	98634993	.	T	C	23	21	44	0	0	44	0	0
15	98731431	.	T	C	36	12	48	0	3	51	0	0
15	99142536	.	T	C	6	4	10	2	0	12	0	0
15	99626091	.	A	G	4	6	10	0	0	10	0	0
15	100368095	.	A	G	1	2	3	0	0	3	0	0
16	3680985	.	T	C	17	4	21	0	0	21	0	0
16	10891391	.	T	C	2	12	14	0	5	19	0	0
16	13520445	.	A	G	26	6	32	0	0	32	0	0
16	13520501	.	A	G	9	2	11	0	0	11	0	0
16	13651947	.	T	C	22	4	26	0	0	26	0	0
16	16866848	.	A	G	1	2	3	0	1	4	0	0
16	18653678	.	A	G	46	13	59	0	1	60	0	0
16	19942498	.	A	G	33	20	53	0	0	53	0	0
16	20363121	.	A	G	5	2	7	0	0	7	0	0
16	30330773	.	T	C	15	6	21	0	1	22	0	0
16	32119150	.	A	G	23	15	38	0	0	38	0	0
16	35834348	.	A	G	1	3	4	0	0	4	0	0
16	35834520	.	A	G	1	2	3	0	0	3	0	0
16	87230813	.	T	C	12	2	14	0	0	14	0	0
16	87230814	.	T	C	9	3	12	0	2	14	0	0
16	87737431	.	T	C	0	1	1	0	0	1	0	0
16	91453021	.	A	G	56	16	72	0	1	73	0	0
16	97658408	.	T	C	3	3	6	0	0	6	0	0
17	9539409	.	C	A	2	1	3	0	1	4	0	0
17	9539415	.	G	A	2	2	4	0	0	4	0	0
17	12901727	.	C	A	7	4	11	0	7	18	0	0
17	24635802	.	A	G	6	2	8	0	1	9	0	0
17	24941898	.	T	C	4	2	6	0	0	6	0	0
17	29521001	.	A	G	6	3	9	0	2	11	0	0
17	33037766	.	T	C	14	2	16	0	1	17	0	0
17	33552004	.	T	C	16	6	22	0	0	23	1	0
17	33966501	.	T	C	24	4	28	147	5	180	0	0
17	34147531	.	A	G	12	7	19	0	2	21	0	0
17	40158498	.	T	C	3777	4884	8661	6	200	9239	372	0
17	45973875	.	T	C	25	80	105	0	13	118	0	0
17	56901870	.	A	G	5	4	9	0	0	9	0	0
17	65060414	.	T	C	8	3	11	0	0	11	0	0
17	95067479	.	T	C	28	16	44	0	1	45	0	0
17	95068552	.	T	C	26	5	31	0	0	31	0	0
17	95119983	.	T	C	5	2	7	0	0	7	0	0
18	4198329	.	T	C	18	3	21	47	1	69	0	0
18	6792802	.	A	G	19	7	26	0	1	27	0	0
18	15031916	.	T	C	2	2	4	0	0	4	0	0
18	24098163	.	A	G	2	2	4	0	0	4	0	0
18	32561134	.	A	G	38	14	52	0	1	53	0	0
18	35037326	.	C	T	36	32	68	0	2	70	0	0
18	35743341	.	A	G	4	2	6	0	0	6	0	0
18	35807586	.	T	C	48	11	59	0	2	61	0	0
18	35935443	.	A	G	3	2	5	0	0	5	0	0
18	65610148	.	A	G	2	6	8	0	0	8	0	0
18	65610162	.	A	G	5	2	7	0	0	7	0	0
18	69817433	.	G	A	1	4	5	0	3	8	0	0
19	3940138	.	A	G	3	2	5	0	0	5	0	0
19	4813117	.	T	C	7	6	13	0	0	13	0	0
19	4813159	.	T	C	6	2	8	0	2	10	0	0
19	4938619	.	T	C	20	2	22	0	0	22	0	0
19	5845967	.	T	C	6	2	8	0	0	9	1	0
19	6895783	.	T	C	5	2	7	0	0	7	0	0
19	7515480	.	A	G	23	6	29	0	1	30	0	0
19	8900203	.	A	G	2	3	5	0	0	5	0	0
19	8920351	.	A	G	4	2	6	0	0	6	0	0
19	8981533	.	A	T	9	2	11	0	0	11	0	0
19	10223060	.	T	C	41	52	93	0	3	96	0	0
19	12441626	.	A	G	22	7	29	0	0	29	0	0
19	16255599	.	A	C	1	5	6	0	0	6	0	0
19	43429601	.	A	G	9	11	20	0	0	20	0	0
19	43429686	.	A	G	35	4	39	0	2	41	0	0
19	43429753	.	A	G	20	6	26	0	1	27	0	0
19	44993727	.	T	C	39	10	49	0	0	49	0	0
19	53920935	.	T	C	7	3	10	0	0	10	0	0
19	60765148	.	A	G	35	42	77	0	1	78	0	0
2	6448875	.	C	T	1	1	2	0	2	4	0	0
2	14152860	.	A	G	36	8	44	0	1	45	0	0
2	20344745	.	A	T	1	4	5	0	0	5	0	0
2	20813457	.	C	G	2	18	20	0	0	20	0	0
2	20813458	.	T	C	2	18	20	0	0	20	0	0
2	26846568	.	T	C	8	3	11	0	0	11	0	0
2	27153718	.	T	C	8	4	12	0	0	12	0	0
2	30337817	.	T	C	2	2	4	0	1	5	0	0
2	30921699	.	G	A	1	3	4	0	2	6	0	0
2	31106896	.	C	T	12	2	14	0	0	14	0	0
2	31106899	.	G	C	12	2	14	0	0	14	0	0
2	32196762	.	A	G	57	14	71	0	1	72	0	0
2	40445874	.	G	C	11	2	13	65	2	81	1	0
2	71059551	.	A	G	1	2	3	0	0	3	0	0
2	73105533	.	C	T	9	3	12	1	0	13	0	0
2	73105535	.	A	T	9	0	9	1	4	14	0	0
2	91043632	.	A	G	40	9	49	0	0	49	0	0
2	104511430	.	T	C	13	2	15	0	0	15	0	0
2	112185852	.	A	G	1	2	3	0	0	3	0	0
2	120451649	.	A	G	19	6	25	1	0	26	0	0
2	120451807	.	C	A	8	3	11	0	7	18	0	0
2	121015462	.	A	G	5	3	8	0	0	8	0	0
2	121373743	.	A	G	4	2	6	0	0	6	0	0
2	131013031	.	A	G	5	2	7	0	0	7	0	0
2	132151800	.	A	G	62	260	322	0	1	323	0	0
2	135911813	.	G	A	7	6	13	0	4	17	0	0
2	153108492	.	A	G	10	2	12	0	0	12	0	0
2	153459246	.	T	C	1	2	3	0	0	3	0	0
2	154379850	.	A	G	26	9	35	0	0	35	0	0
2	154428653	.	C	T	4	2	6	0	0	6	0	0
2	154429080	.	T	C	11	2	13	0	0	13	0	0
2	157400030	.	T	C	61	12	73	3	3	79	0	0
2	158225545	.	A	G	393	57	450	1	3	454	0	0
2	158226873	.	A	G	101	388	489	0	18	507	0	0
2	163309459	.	T	C	2	14	16	0	0	16	0	0
2	164953669	.	T	C	41	7	48	0	0	48	0	0
2	164953773	.	T	C	25	17	42	0	0	42	0	0
2	166408278	.	A	G	12	3	15	0	2	17	0	0
2	166638539	.	A	G	3	2	5	0	0	5	0	0
2	168055207	.	T	C	4	2	6	0	0	6	0	0
2	169913421	.	A	G	6	3	9	0	0	9	0	0
2	174169694	.	A	G	82	14	96	0	4	100	0	0
2	177401086	.	C	T	6	2	8	1	0	9	0	0
2	177401096	.	T	G	8	2	10	1	1	12	0	0
3	26385911	.	T	C	8	2	10	0	1	11	0	0
3	32636549	.	T	C	13	3	16	0	0	16	0	0
3	36146600	.	A	G	3	3	6	0	0	6	0	0
3	40748697	.	A	G	33	8	41	12	1	54	0	0
3	57551841	.	T	C	1	3	4	0	0	4	0	0
3	67382489	.	G	T	3	2	5	0	1	6	0	0
3	69661837	.	T	C	4	2	6	0	0	6	0	0
3	80599593	.	T	C	15	55	70	0	1	71	0	0
3	80613850	.	T	C	23	6	29	0	1	30	0	0
3	80614159	.	T	C	6	11	17	0	0	17	0	0
3	80614215	.	T	C	100	47	147	0	1	148	0	0
3	85463687	.	T	C	1	3	4	0	0	4	0	0
3	85463705	.	T	C	2	3	5	0	0	5	0	0
3	85463819	.	T	C	2	4	6	0	0	6	0	0
3	88259549	.	A	G	10	4	14	0	1	15	0	0
3	89090052	.	G	A	3	1	4	0	3	7	0	0
3	94794244	.	T	A	5	3	8	0	0	8	0	0
3	94794245	.	G	A	5	3	8	0	0	8	0	0
3	96539776	.	A	G	4	20	24	0	1	25	0	0
3	96540029	.	A	G	23	4	27	0	2	29	0	0
3	102973406	.	A	G	26	12	38	0	1	39	0	0
3	116423020	.	A	G	1	2	3	0	0	3	0	0
3	116423211	.	A	G	1	2	3	0	0	3	0	0
3	116423212	.	A	G	2	2	4	0	0	4	0	0
3	116427215	.	T	C	3	3	6	0	0	6	0	0
3	131017478	.	C	T	2	2	4	0	0	4	0	0
3	135112631	.	T	C	45	13	58	0	0	58	0	0
3	152098972	.	T	A	3	2	5	0	0	5	0	0
4	21836550	.	A	G	43	6	49	1	0	50	0	0
4	32022582	.	A	G	34	4	38	0	0	38	0	0
4	33019420	.	A	G	77	30	107	0	1	108	0	0
4	33020417	.	A	G	86	64	150	0	2	152	0	0
4	41168860	.	C	T	1	2	3	0	0	3	0	0
4	41518514	.	T	C	181	30	211	0	1	212	0	0
4	62342224	.	A	G	17	3	20	0	1	21	0	0
4	75860914	.	G	T	7	3	10	0	1	11	0	0
4	86495344	.	G	T	57	10	67	0	1	69	1	0
4	103021909	.	A	G	11	6	17	0	6	23	0	0
4	108874777	.	C	G	2	2	4	0	0	4	0	0
4	109230906	.	T	C	2	1	3	0	0	3	0	0
4	118484005	.	A	G	7	17	24	0	0	24	0	0
4	118484020	.	A	G	16	7	23	0	1	24	0	0
4	118484072	.	A	G	18	9	27	0	0	27	0	0
4	119080668	.	T	C	14	5	19	0	1	20	0	0
4	119081410	.	T	C	17	2	19	0	0	19	0	0
4	124837154	.	A	G	18	3	21	0	0	21	0	0
4	124838094	.	A	G	9	9	18	0	0	18	0	0
4	125982944	.	A	G	11	7	18	0	0	18	0	0
4	125982950	.	A	G	18	4	22	0	0	22	0	0
4	125985458	.	A	G	18	4	22	0	3	25	0	0
4	126384313	.	T	G	8	2	10	0	2	12	0	0
4	126920377	.	A	G	5	4	9	0	0	9	0	0
4	126920379	.	A	G	7	2	9	0	0	9	0	0
4	131679966	.	T	C	29	4	33	0	0	33	0	0
4	133389520	.	T	C	6	3	9	0	1	10	0	0
4	134625164	.	A	G	4	2	6	0	0	6	0	0
4	137953710	.	A	G	4	3	7	0	0	7	0	0
4	137987341	.	A	G	69	13	82	0	4	86	0	0
4	137987354	.	A	G	55	21	76	0	1	77	0	0
4	140678893	.	A	G	10	4	14	0	0	14	0	0
4	141488012	.	T	C	28	12	40	0	1	41	0	0
4	147907821	.	T	C	4	2	6	0	0	6	0	0
4	149203211	.	A	G	11	6	17	0	0	17	0	0
4	149552691	.	T	C	4	4	8	0	0	8	0	0
4	155706828	.	A	G	17	6	23	0	0	23	0	0
4	155800341	.	A	G	13	7	20	0	0	20	0	0
4	155800977	.	A	G	11	1	12	0	0	12	0	0
4	156042167	.	T	A	1	2	3	0	0	3	0	0
4	156042168	.	C	A	2	2	4	0	0	4	0	0
4	156095123	.	A	G	67	42	109	0	0	109	0	0
4	156104867	.	G	A	4	1	5	0	0	5	0	0
4	156104869	.	G	A	4	1	5	0	1	6	0	0
5	23749502	.	T	C	2	3	5	0	0	5	0	0
5	24649635	.	T	C	23	3	26	0	1	27	0	0
5	29435627	.	T	C	22	3	25	0	0	25	0	0
5	29658129	.	A	G	2	4	6	0	0	6	0	0
5	31316473	.	T	A	22	20	42	0	0	42	0	0
5	31330824	.	T	C	2	5	7	0	0	7	0	0
5	33149755	.	A	G	11	2	13	0	0	13	0	0
5	33573872	.	A	G	4	2	6	0	0	6	0	0
5	39956678	.	C	T	0	2	2	1	1	4	0	0
5	62769758	.	C	T	1	2	3	0	0	3	0	0
5	65605388	.	T	C	49	18	67	0	1	68	0	0
5	65605389	.	T	C	46	20	66	0	2	68	0	0
5	77234848	.	G	T	4	2	6	0	0	6	0	0
5	77433494	.	A	T	3	2	5	0	0	5	0	0
5	77555630	.	T	C	3	11	14	0	1	15	0	0
5	96412453	.	C	T	1	3	4	0	0	4	0	0
5	104652843	.	A	G	18	3	21	0	0	21	0	0
5	104652845	.	A	G	18	3	21	0	0	21	0	0
5	109823592	.	A	G	4	2	6	0	1	7	0	0
5	110081429	.	C	T	7	2	9	0	1	10	0	0
5	110081431	.	C	T	6	2	8	0	2	10	0	0
5	110413206	.	T	C	2	2	4	0	0	4	0	0
5	111602776	.	C	T	10	1	11	0	2	13	0	0
5	115435667	.	T	C	22	3	25	0	0	25	0	0
5	115437319	.	T	C	5	4	9	0	0	9	0	0
5	121941595	.	A	G	1	2	3	0	0	3	0	0
5	121941617	.	A	G	1	3	4	0	0	4	0	0
5	122312644	.	G	T	7	0	7	120	4	131	0	0
5	123386729	.	A	G	15	9	24	0	1	25	0	0
5	123880062	.	T	C	9	3	12	0	0	12	0	0
5	125534541	.	A	G	39	25	64	0	4	68	0	0
5	129795880	.	A	G	19	3	22	0	0	22	0	0
5	129798517	.	A	G	22	8	30	0	0	30	0	0
5	135192126	.	A	G	6	2	8	0	0	8	0	0
5	135193588	.	A	G	2	4	6	1	0	7	0	0
5	135437709	.	T	C	16	5	21	0	1	22	0	0
5	135437715	.	T	C	19	4	23	0	0	23	0	0
5	136941953	.	A	G	57	25	82	0	3	85	0	0
5	138163387	.	C	A	10	2	12	2	0	14	0	0
5	138983558	.	A	C	6	2	8	0	0	8	0	0
5	142144339	.	C	T	3	2	5	0	0	5	0	0
5	142655047	.	A	G	85	30	115	0	2	117	0	0
5	143225884	.	A	C	1	2	3	0	0	3	0	0
5	143225885	.	G	T	2	2	4	0	0	4	0	0
5	143381321	.	A	G	2	2	4	0	0	4	0	0
5	143751066	.	A	G	13	3	16	0	0	16	0	0
5	150562299	.	T	C	18	4	22	0	0	22	0	0
6	31492600	.	A	G	10	4	14	0	2	17	1	0
6	37783131	.	C	T	0	3	3	9	2	14	0	0
6	37847782	.	A	G	4	4	8	0	0	8	0	0
6	39312088	.	T	C	19	4	23	0	0	23	0	0
6	47849226	.	A	G	5	3	8	0	0	8	0	0
6	49231812	.	T	C	12	6	18	0	1	19	0	0
6	57487290	.	C	A	44	5	49	0	8	57	0	0
6	65684844	.	A	G	6	2	8	0	0	8	0	0
6	66517625	.	A	G	5	7	12	0	0	12	0	0
6	66517635	.	A	G	10	5	15	0	0	15	0	0
6	71841048	.	A	G	1	2	3	0	0	3	0	0
6	81938595	.	G	T	2	2	4	0	1	5	0	0
6	81938596	.	G	T	3	2	5	0	0	5	0	0
6	86355883	.	T	C	3	1	4	1	1	6	0	0
6	87791772	.	T	C	10	2	12	0	0	12	0	0
6	87890574	.	G	A	2	2	4	0	0	4	0	0
6	92219112	.	A	C	4	1	5	0	5	10	0	0
6	96010183	.	T	C	5	1	6	3	1	10	0	0
6	113587625	.	A	G	7	2	9	0	0	9	0	0
6	115561778	.	A	G	3	2	5	0	0	5	0	0
6	126619121	.	T	C	48	13	61	0	0	61	0	0
6	143774299	.	C	T	14	1	15	0	4	19	0	0
6	148790401	.	T	C	1	2	3	0	0	3	0	0
7	3463600	.	A	G	66	13	79	0	1	80	0	0
7	4796296	.	C	A	18	27	45	1	3	49	0	0
7	12625202	.	T	A	1	7	8	0	0	8	0	0
7	12706157	.	A	G	3	5	8	0	1	9	0	0
7	12707543	.	A	G	5	1	6	0	0	6	0	0
7	12707548	.	A	G	4	3	7	0	0	7	0	0
7	16195237	.	T	C	5	1	6	0	0	6	0	0
7	16348501	.	T	G	8	6	14	0	0	14	0	0
7	16348503	.	A	T	8	6	14	0	1	15	0	0
7	16619272	.	A	G	6	21	27	1	0	28	0	0
7	16619714	.	A	G	49	12	61	0	1	62	0	0
7	16768618	.	A	C	1	3	4	0	0	4	0	0
7	16768633	.	C	T	1	5	6	0	0	6	0	0
7	18131606	.	G	T	6	2	8	0	0	8	0	0
7	18873733	.	T	C	10	4	14	0	0	14	0	0
7	19327046	.	C	T	1	6	7	0	0	7	0	0
7	23974523	.	T	A	1	10	11	0	0	11	0	0
7	24899831	.	G	A	1	11	12	0	0	12	0	0
7	26904992	.	A	G	8	2	10	0	0	10	0	0
7	26905060	.	A	G	2	2	4	0	0	4	0	0
7	26963820	.	G	A	1	3	4	0	0	4	0	0
7	27227593	.	T	C	58	6	64	0	1	65	0	0
7	27520956	.	A	G	10	3	13	0	1	14	0	0
7	27521051	.	A	G	10	2	12	0	1	13	0	0
7	29574949	.	G	A	1	6	7	0	0	7	0	0
7	39216736	.	C	T	10	2	12	0	0	12	0	0
7	39216737	.	T	C	8	2	10	0	0	10	0	0
7	39217075	.	A	G	12	3	15	0	0	15	0	0
7	45032973	.	T	C	7	4	11	0	1	12	0	0
7	49205155	.	A	G	5	2	7	0	0	7	0	0
7	55628086	.	T	C	6	2	8	0	1	9	0	0
7	58899042	.	T	C	5	4	9	0	0	9	0	0
7	58899786	.	T	C	4	2	6	0	0	6	0	0
7	58980132	.	T	C	5	2	7	0	0	7	0	0
7	59101097	.	T	C	3	4	7	7	0	14	0	0
7	59356090	.	A	G	2	0	2	4	0	6	0	0
7	79574284	.	T	C	6	2	8	0	0	8	0	0
7	79574601	.	G	A	2	1	3	0	3	6	0	0
7	79891750	.	A	G	3	2	5	0	0	5	0	0
7	79969879	.	T	C	5	0	5	0	0	5	0	0
7	80361846	.	T	C	13	2	15	0	0	15	0	0
7	80540525	.	C	T	2	2	4	0	0	4	0	0
7	81180363	.	A	G	2	2	4	0	0	4	0	0
7	81522050	.	A	G	5	2	7	0	0	7	0	0
7	81522943	.	A	G	5	5	10	0	0	10	0	0
7	82516901	.	G	A	8	2	10	0	0	10	0	0
7	83274886	.	T	C	5	3	8	0	0	8	0	0
7	101561470	.	A	G	6	2	8	0	0	8	0	0
7	123582585	.	A	G	12	2	14	0	1	15	0	0
7	126853494	.	A	G	30	7	37	0	0	37	0	0
7	126853784	.	A	G	39	6	45	0	0	45	0	0
7	127160348	.	G	A	1	1	2	0	6	8	0	0
7	127165579	.	A	G	1	2	3	0	0	3	0	0
7	127165872	.	A	G	3	2	5	0	0	5	0	0
7	127519013	.	A	G	1	3	4	0	0	4	0	0
7	130360893	.	A	T	3	15	18	0	1	19	0	0
7	139715633	.	A	G	8	4	12	0	1	13	0	0
7	140758086	.	G	T	1	2	3	150	0	153	0	0
7	140916604	.	A	G	25	5	30	0	0	30	0	0
7	141014406	.	T	G	1	4	5	0	7	12	0	0
7	142207010	.	T	C	17	4	21	0	0	21	0	0
8	5690370	.	T	C	1	1	2	0	1	3	0	0
8	14140659	.	G	A	25	3	28	0	0	28	0	0
8	14140661	.	A	C	24	3	27	0	1	28	0	0
8	19741629	.	C	T	1	4	5	7	0	12	0	0
8	20030855	.	G	A	24	4	28	5	0	33	0	0
8	20698008	.	A	T	12	4	16	12	0	28	0	0
8	20727130	.	G	A	23	11	34	1	0	35	0	0
8	42700052	.	A	G	0	2	2	4	2	8	0	0
8	69766592	.	A	G	12	2	14	0	0	14	0	0
8	70017218	.	C	G	1	5	6	5	0	12	1	0
8	70017232	.	G	A	1	6	7	3	0	10	0	0
8	70019439	.	G	A	0	1	1	4	0	5	0	0
8	70023416	.	T	A	3	2	5	2	0	7	0	0
8	70967375	.	T	C	2	3	5	0	0	5	0	0
8	72644672	.	T	C	3	2	5	0	0	5	0	0
8	72935941	.	A	G	1	2	3	0	0	3	0	0
8	72935942	.	A	G	1	2	3	0	0	3	0	0
8	72977426	.	A	G	11	25	36	0	1	37	0	0
8	94794620	.	A	G	3	2	5	0	0	5	0	0
8	110817217	.	A	G	22	4	26	0	2	28	0	0
8	111731758	.	T	C	21	7	28	0	1	29	0	0
8	114371800	.	T	C	7	1	8	0	1	10	1	0
8	122322038	.	A	G	2	2	4	0	0	4	0	0
8	124261954	.	A	G	3	4	7	0	0	7	0	0
8	125620861	.	T	C	23	9	32	0	2	34	0	0
9	3387716	.	A	G	10	3	13	0	0	13	0	0
9	3387771	.	A	G	13	6	19	0	0	19	0	0
9	4456006	.	T	C	0	3	3	0	0	3	0	0
9	14240147	.	T	G	3	1	4	0	2	6	0	0
9	15233524	.	T	C	6	2	8	0	0	8	0	0
9	15821586	.	T	C	8	5	13	0	0	13	0	0
9	20512857	.	A	G	7	2	9	0	0	9	0	0
9	20515715	.	A	G	3	2	5	0	0	5	0	0
9	20781697	.	A	G	29	5	34	0	1	35	0	0
9	21935563	.	T	C	4	3	7	0	0	7	0	0
9	44322503	.	T	C	5	2	7	0	1	8	0	0
9	45747294	.	C	T	2	3	5	0	1	6	0	0
9	54854496	.	A	G	1	4	5	0	0	5	0	0
9	64093070	.	A	T	16	4	20	0	0	20	0	0
9	65253593	.	A	G	2	2	4	0	0	4	0	0
9	75130967	.	G	A	1	1	2	0	1	3	0	0
9	95938130	.	A	G	18	3	21	1	1	23	0	0
9	95939206	.	A	G	20	3	23	0	0	23	0	0
9	95939293	.	A	G	22	8	30	0	2	32	0	0
9	96777818	.	T	C	1	3	4	217	0	221	0	0
9	103062470	.	C	A	21	4	25	0	0	25	0	0
9	103062472	.	C	A	3	4	7	0	1	8	0	0
9	108178884	.	G	A	9	2	11	0	1	12	0	0
9	123349983	.	A	G	12	2	14	0	0	14	0	0
9	124034058	.	T	G	20	3	23	1	0	24	0	0
X	35621149	.	T	C	2	0	2	0	0	2	0	0
X	40743165	.	A	G	1	3	4	0	0	4	0	0
X	55633003	.	T	C	19	8	27	0	1	28	0	0
X	60231705	.	A	G	20	14	34	0	0	34	0	0
X	73270255	.	T	C	8	8	16	0	1	17	0	0
X	73270256	.	T	C	2	14	16	0	0	16	0	0
X	73270468	.	T	C	2	7	9	0	0	9	0	0
X	73316735	.	T	C	4	2	6	2	0	8	0	0
X	80865941	.	C	T	0	4	4	0	1	5	0	0
X	80866141	.	T	C	1	2	3	13	1	17	0	0
X	101128744	.	C	T	14	3	17	0	3	20	0	0
X	102620158	.	T	C	8	8	16	0	2	18	0	0
X	102620159	.	T	C	7	10	17	0	0	17	0	0
X	102623385	.	T	C	9	4	13	0	0	13	0	0
X	102623421	.	T	C	10	2	12	0	1	13	0	0
X	102625172	.	T	C	10	2	12	0	0	12	0	0
X	106830700	.	T	C	36	6	42	0	0	42	0	0
X	145978689	.	A	G	24	7	31	0	0	31	0	0
X	149766871	.	T	C	33	9	42	0	4	46	0	0
X	149767614	.	T	C	77	58	135	0	4	139	0	0
X	162761028	.	T	C	3	2	5	0	0	5	0	0
X	164972992	.	A	G	3	2	5	7	0	12	0	0
Y	1016394	.	A	G	14	22	36	0	0	36	0	0
Y	1048604	.	A	G	7	2	9	0	0	9	0	0
