contig	position	variantID	refAllele	altAllele	refCount	altCount	totalCount	lowMAPQDepth	lowBaseQDepth	rawDepth	otherBases	improperPairs
1	13696043	.	T	C	9	3	12	1	0	13	0	0
1	16201750	.	C	T	7	2	9	0	1	10	0	0
1	16717060	.	T	C	6	3	9	0	0	9	0	0
1	22031785	.	T	C	7	11	18	0	0	18	0	0
1	37482239	.	T	C	14	2	16	0	0	16	0	0
1	42789922	.	A	G	4	2	6	0	0	6	0	0
1	44145878	.	T	C	1	2	3	0	0	3	0	0
1	52202611	.	G	T	7	2	9	0	0	9	0	0
1	59756998	.	A	G	9	3	12	0	0	12	0	0
1	59757003	.	A	G	11	1	12	0	1	13	0	0
1	59913367	.	A	G	58	13	71	0	1	72	0	0
1	59952529	.	A	G	3	2	5	0	0	5	0	0
1	60517747	.	A	G	44	23	67	0	9	76	0	0
1	63156443	.	A	G	2	3	5	0	0	5	0	0
1	66711873	.	A	G	104	37	141	0	10	151	0	0
1	75398649	.	A	G	32	14	46	0	2	48	0	0
1	82726173	.	A	G	1	2	3	0	1	4	0	0
1	86276528	.	T	C	10	7	17	0	0	17	0	0
1	88187311	.	C	T	3	2	5	0	0	5	0	0
1	88187978	.	T	G	2	2	4	0	0	4	0	0
1	88188255	.	C	T	0	3	3	0	1	4	0	0
1	88188277	.	C	G	2	4	6	0	1	7	0	0
1	88188360	.	T	G	1	2	3	0	0	3	0	0
1	88188362	.	C	G	1	2	3	0	0	3	0	0
1	88188745	.	T	A	1	2	3	0	0	3	0	0
1	88189404	.	C	T	2	3	5	0	0	5	0	0
1	88189435	.	G	C	3	3	6	0	0	6	0	0
1	88189685	.	C	A	2	2	4	0	0	4	0	0
1	88189797	.	G	A	2	2	4	0	0	4	0	0
1	88189938	.	C	A	3	2	5	0	0	5	0	0
1	88190661	.	G	C	2	2	4	0	0	4	0	0
1	88190921	.	C	T	2	13	15	0	0	15	0	0
1	88191237	.	A	C	10	28	38	0	2	40	0	0
1	88191320	.	C	T	4	38	42	0	3	45	0	0
1	88191706	.	G	A	48	8	56	0	0	56	0	0
1	88191710	.	T	C	15	34	49	0	2	51	0	0
1	88191744	.	C	A	36	5	41	0	3	44	0	0
1	88191864	.	G	T	72	9	81	0	1	82	0	0
1	88192008	.	C	T	43	11	54	0	5	59	0	0
1	88192037	.	T	A	4	22	26	0	1	27	0	0
1	88192048	.	G	C	23	39	62	0	0	62	0	0
1	88192098	.	G	A	52	6	58	0	0	58	0	0
1	88192180	.	G	T	77	12	89	0	3	92	0	0
1	88192184	.	T	A	77	11	88	0	2	90	0	0
1	88192243	.	A	G	7	47	54	0	0	54	0	0
1	88192700	.	G	A	15	24	39	0	1	40	0	0
1	88192756	.	G	A	15	36	51	1	3	55	0	0
1	88193031	.	C	G	13	21	34	1	0	35	0	0
1	88193194	.	C	T	5	15	20	9	1	30	0	0
1	88193292	.	T	A	4	2	6	2	0	8	0	0
1	88193568	.	A	C	2	7	9	41	0	50	0	0
1	88193917	.	G	A	10	21	31	27	1	59	0	0
1	88194314	.	C	A	42	6	48	0	0	48	0	0
1	88197053	.	T	C	5	1	6	0	0	6	0	0
1	88197991	.	A	G	13	34	47	0	1	48	0	0
1	88197996	.	C	T	5	45	50	0	0	50	0	0
1	88200718	.	C	A	1	10	11	0	0	11	0	0
1	88200832	.	C	T	7	12	19	0	0	19	0	0
1	88202772	.	A	T	6	2	8	0	0	8	0	0
1	88204113	.	T	G	1	3	4	0	0	4	0	0
1	93299890	.	A	G	15	3	18	1	3	22	0	0
1	133065748	.	A	G	48	14	62	0	2	64	0	0
1	133628927	.	T	C	1	2	3	0	0	3	0	0
1	134435594	.	A	G	11	3	14	0	2	16	0	0
1	134435596	.	T	C	12	3	15	0	1	16	0	0
1	153746099	.	T	C	1	2	3	0	0	3	0	0
1	153746104	.	T	C	1	2	3	0	0	3	0	0
1	156255182	.	T	C	6	8	14	0	0	14	0	0
1	156255534	.	T	C	15	2	17	0	1	18	0	0
1	156255601	.	T	C	9	3	12	0	0	12	0	0
1	160835342	.	T	C	2	4	6	0	0	6	0	0
1	160835343	.	T	C	3	3	6	0	0	6	0	0
1	165738940	.	T	A	9	1	10	0	0	10	0	0
1	165738947	.	T	C	9	2	11	0	0	11	0	0
1	171831851	.	T	G	6	1	7	0	3	10	0	0
1	171831856	.	T	G	3	1	4	0	5	9	0	0
1	180155629	.	C	T	4	2	6	0	2	8	0	0
1	180923652	.	T	C	16	2	18	0	0	18	0	0
1	180924020	.	T	C	29	10	39	0	0	39	0	0
1	183190594	.	A	G	12	5	17	0	0	17	0	0
1	183190682	.	A	G	23	3	26	0	0	26	0	0
1	185188520	.	A	T	6	1	7	0	0	7	0	0
1	192528418	.	C	A	4	5	9	0	0	9	0	0
10	7524278	.	T	C	9	2	11	0	0	11	0	0
10	8598013	.	A	G	10	2	12	0	0	12	0	0
10	20194248	.	A	G	3	3	6	0	0	6	0	0
10	42574895	.	A	G	2	3	5	0	0	5	0	0
10	45752162	.	G	A	18	6	24	12	1	37	0	0
10	49118584	.	T	C	13	8	21	0	0	21	0	0
10	49118640	.	T	C	13	6	19	0	0	19	0	0
10	49148872	.	T	C	5	21	26	0	2	28	0	0
10	49148885	.	T	C	11	28	39	0	1	40	0	0
10	57383252	.	A	G	2	4	6	0	0	6	0	0
10	57391874	.	C	T	27	12	39	0	4	43	0	0
10	61155548	.	A	G	6	2	8	0	0	8	0	0
10	81181979	.	T	C	12	2	14	0	0	14	0	0
10	81182083	.	T	C	22	3	25	0	0	25	0	0
10	82062115	.	T	C	12	9	21	0	2	23	0	0
10	82486401	.	T	C	12	3	15	0	1	16	0	0
10	93800484	.	T	C	11	3	14	0	0	14	0	0
10	94057224	.	A	G	17	6	23	0	0	23	0	0
10	126903751	.	T	C	116	20	136	0	2	138	0	0
10	127038297	.	T	C	4	2	6	0	0	6	0	0
10	127041004	.	T	C	3	2	5	0	0	5	0	0
10	127920754	.	A	G	2	2	4	0	0	4	0	0
10	128032463	.	A	G	3	2	5	0	0	5	0	0
10	128505927	.	T	C	8	2	10	0	1	11	0	0
10	128505929	.	T	C	8	2	10	0	1	11	0	0
11	4091399	.	T	C	24	2	26	0	0	26	0	0
11	4514133	.	G	A	3	2	5	0	1	6	0	0
11	19670767	.	C	T	0	2	2	2	2	6	0	0
11	20178606	.	T	C	16	5	21	0	0	21	0	0
11	24115380	.	C	T	5	3	8	0	2	10	0	0
11	35689114	.	C	T	3	2	5	0	0	5	0	0
11	42021769	.	A	T	5	5	10	0	0	10	0	0
11	43572939	.	A	G	2	2	4	0	0	4	0	0
11	43573028	.	A	G	6	2	8	0	0	8	0	0
11	46163470	.	T	C	69	327	396	0	12	408	0	0
11	48625554	.	T	C	1	2	3	0	0	3	0	0
11	48643731	.	G	A	6	1	7	21	1	29	0	0
11	48643747	.	G	A	1	2	3	4	0	7	0	0
11	49564249	.	C	A	24	4	28	0	0	28	0	0
11	53440228	.	A	G	143	126	269	0	7	276	0	0
11	62032236	.	A	G	1	3	4	0	0	4	0	0
11	69444942	.	A	T	1	4	5	0	2	7	0	0
11	69674128	.	A	G	16	2	18	0	0	18	0	0
11	69675231	.	A	G	2	2	4	0	0	4	0	0
11	69922901	.	A	G	4	2	6	0	1	7	0	0
11	69924751	.	A	G	12	2	14	0	1	15	0	0
11	69924767	.	A	G	11	4	15	0	0	15	0	0
11	69926648	.	A	G	10	2	12	0	0	12	0	0
11	69927434	.	A	G	4	2	6	0	0	6	0	0
11	69927869	.	A	G	1	5	6	0	0	6	0	0
11	69937302	.	A	G	11	3	14	0	0	14	0	0
11	69937304	.	A	G	13	3	16	0	0	16	0	0
11	75067258	.	T	C	32	10	42	0	1	43	0	0
11	77184906	.	T	A	0	2	2	7	1	10	0	0
11	77426880	.	T	C	50	13	63	0	1	64	0	0
11	79135034	.	C	A	5	2	7	0	2	9	0	0
11	80069675	.	A	G	8	4	12	0	1	13	0	0
11	82853392	.	A	G	2	2	4	0	0	4	0	0
11	82854512	.	A	G	7	3	10	0	0	10	0	0
11	87013245	.	A	G	13	2	15	0	0	15	0	0
11	95962333	.	T	C	4	3	7	0	0	7	0	0
11	97535375	.	T	C	12	4	16	0	0	16	0	0
11	97535690	.	T	C	13	3	16	0	1	17	0	0
11	98168820	.	A	G	8	3	11	0	0	11	0	0
11	98242736	.	A	G	8	2	10	0	0	10	0	0
11	100212918	.	G	A	11	3	14	0	2	16	0	0
11	100488792	.	T	C	14	5	19	0	0	19	0	0
11	101089802	.	T	C	17	4	21	0	0	21	0	0
11	103222923	.	C	T	15	16	31	0	2	33	0	0
11	115915085	.	T	C	8	2	10	0	0	10	0	0
11	116471963	.	T	C	13	25	38	0	1	39	0	0
11	116810095	.	A	G	15	2	17	0	0	17	0	0
11	117253070	.	C	T	7	3	10	0	4	14	0	0
12	3454168	.	A	G	49	10	59	8	0	67	0	0
12	3454248	.	A	G	20	43	63	8	5	76	0	0
12	5639815	.	C	A	1	0	1	0	1	2	0	0
12	5639823	.	T	C	2	2	4	1	0	5	0	0
12	8802555	.	G	A	4	2	6	0	0	6	0	0
12	8802557	.	T	A	3	2	5	0	1	6	0	0
12	17479809	.	A	G	12	12	24	0	0	24	0	0
12	46747117	.	T	C	47	11	58	0	4	62	0	0
12	54718540	.	T	C	25	6	31	1	1	33	0	0
12	54719070	.	T	C	24	3	27	0	0	27	0	0
12	54719142	.	T	C	28	5	33	0	2	35	0	0
12	55102739	.	T	C	2	2	4	0	0	4	0	0
12	65091799	.	A	G	3	2	5	0	0	5	0	0
12	65091803	.	A	G	3	2	5	0	0	5	0	0
12	65111962	.	A	G	2	3	5	0	2	7	0	0
12	69244102	.	A	G	16	10	26	0	1	27	0	0
12	71041403	.	A	G	4	44	48	0	0	48	0	0
12	75677928	.	A	G	3	6	9	4	0	13	0	0
12	75678010	.	C	T	2	3	5	7	1	13	0	0
12	75678095	.	C	T	9	2	11	10	0	21	0	0
12	78887986	.	T	C	4	5	9	0	0	9	0	0
12	84421785	.	T	C	15	5	20	0	0	20	0	0
12	98761274	.	T	C	6	2	8	0	0	8	0	0
12	98949293	.	C	A	7	2	9	1	3	13	0	0
12	101886131	.	T	C	20	9	29	0	0	29	0	0
12	101887890	.	T	C	32	7	39	0	0	39	0	0
12	108756817	.	T	C	6	2	8	0	0	8	0	0
12	109706996	.	A	G	3	2	5	0	0	5	0	0
12	112942561	.	C	A	16	4	20	0	0	20	0	0
12	112942562	.	C	A	16	4	20	0	0	20	0	0
12	119984497	.	A	G	17	11	28	0	1	29	0	0
13	3702820	.	A	G	8	3	11	0	0	11	0	0
13	6645957	.	C	A	6	2	8	0	4	12	0	0
13	6645961	.	C	A	7	2	9	0	2	11	0	0
13	8901801	.	T	C	18	8	26	0	0	26	0	0
13	13534327	.	T	C	2	2	4	0	0	4	0	0
13	14225628	.	T	C	31	5	36	0	0	36	0	0
13	17979133	.	T	C	12	3	15	0	0	15	0	0
13	17979342	.	T	C	12	2	14	0	0	14	0	0
13	21574188	.	T	C	10	4	14	0	1	15	0	0
13	21576650	.	T	C	13	2	15	0	1	16	0	0
13	29200781	.	C	T	6	2	8	0	1	9	0	0
13	36175157	.	T	C	1	2	3	6	0	9	0	0
13	38397966	.	A	G	3	2	5	0	0	5	0	0
13	42065982	.	A	G	3	2	5	0	0	5	0	0
13	59757011	.	A	G	1	3	4	0	0	4	0	0
13	63690911	.	C	T	3	5	8	0	1	9	0	0
13	64437994	.	T	C	14	6	20	0	0	20	0	0
13	64438124	.	T	C	13	4	17	0	0	17	0	0
13	64438172	.	T	C	11	3	14	0	2	16	0	0
13	67967727	.	T	C	1	3	4	0	0	4	0	0
13	76214886	.	G	A	6	2	8	0	0	8	0	0
13	103877757	.	C	A	7	3	10	0	0	10	0	0
13	107861323	.	C	T	8	5	13	0	3	16	0	0
13	112499998	.	T	C	6	2	8	0	1	9	0	0
13	118515925	.	T	C	5	2	7	0	0	7	0	0
13	119625401	.	G	T	26	19	45	0	1	46	0	0
13	120071842	.	A	G	26	4	30	0	0	30	0	0
14	9647289	.	A	G	75	16	91	0	8	99	0	0
14	10058181	.	A	G	134	40	174	0	2	176	0	0
14	14533725	.	T	C	3	12	15	0	0	15	0	0
14	14533732	.	T	C	21	3	24	0	0	24	0	0
14	21846832	.	A	G	16	41	57	0	1	58	0	0
14	21846833	.	A	G	50	6	56	0	3	59	0	0
14	21847779	.	A	G	74	18	92	0	2	94	0	0
14	26382413	.	T	C	4	2	6	0	0	6	0	0
14	27205403	.	A	G	17	3	20	0	0	20	0	0
14	29788070	.	T	C	20	6	26	0	0	26	0	0
14	29788078	.	T	C	18	11	29	0	0	29	0	0
14	30908090	.	G	A	12	2	14	0	1	15	0	0
14	32018582	.	A	G	31	8	39	0	0	39	0	0
14	45458810	.	A	C	1	2	3	0	4	7	0	0
14	51109987	.	A	G	7	4	11	0	0	11	0	0
14	51115833	.	A	G	24	5	29	0	0	29	0	0
14	55749057	.	A	G	18	2	20	0	1	21	0	0
14	59797744	.	C	T	3	2	5	0	0	5	0	0
14	65291200	.	A	G	25	3	28	0	35	64	1	0
14	75957159	.	T	C	17	10	27	0	0	27	0	0
14	79703414	.	T	C	1	2	3	0	0	3	0	0
14	103584115	.	T	C	21	9	30	0	0	30	0	0
14	121273016	.	A	G	7	4	11	0	0	11	0	0
15	5150309	.	T	C	3	5	8	19	1	28	0	0
15	5150549	.	A	G	3	2	5	0	0	5	0	0
15	8187674	.	A	G	3	5	8	0	1	9	0	0
15	8188973	.	A	G	5	6	11	0	2	13	0	0
15	34284444	.	G	A	4	4	8	2	0	10	0	0
15	55118258	.	A	G	11	3	14	0	1	15	0	0
15	55118962	.	A	G	9	2	11	0	1	12	0	0
15	55118968	.	A	G	7	3	10	0	3	13	0	0
15	66158075	.	T	C	8	3	11	0	0	11	0	0
15	75525395	.	T	C	2	2	4	0	1	5	0	0
15	76316680	.	A	G	4	1	5	0	2	7	0	0
15	81799307	.	G	A	38	12	50	1	12	63	0	0
15	83742681	.	G	A	4	4	8	0	2	10	0	0
15	98441085	.	C	T	3	4	7	0	3	10	0	0
15	98634993	.	T	C	20	40	60	0	2	62	0	0
15	98731431	.	T	C	33	7	40	0	0	40	0	0
15	98829314	.	C	T	6	2	8	2	2	12	0	0
15	99142536	.	T	C	9	3	12	3	0	15	0	0
15	99626091	.	A	G	13	10	23	0	1	24	0	0
16	3680985	.	T	C	20	5	25	0	0	25	0	0
16	4138236	.	A	G	1	2	3	1	0	4	0	0
16	4696957	.	G	A	5	2	7	0	0	7	0	0
16	5065333	.	C	G	5	2	7	0	0	7	0	0
16	10891391	.	T	C	5	9	14	0	5	19	0	0
16	13520445	.	A	G	25	8	33	0	1	34	0	0
16	13520501	.	A	G	28	6	34	0	1	35	0	0
16	17321752	.	A	G	14	3	17	0	0	17	0	0
16	18653678	.	A	G	45	9	54	0	0	54	0	0
16	19942498	.	A	G	40	25	65	0	1	66	0	0
16	20363121	.	A	G	10	2	12	0	0	12	0	0
16	20465062	.	A	G	2	2	4	0	0	4	0	0
16	30330773	.	T	C	9	4	13	0	1	14	0	0
16	32119150	.	A	G	26	18	44	0	0	44	0	0
16	35834520	.	A	G	3	2	5	0	0	5	0	0
16	43453695	.	C	T	11	3	14	0	2	16	0	0
16	45780807	.	C	T	16	7	23	0	5	28	0	0
16	45780809	.	T	C	20	5	25	0	1	26	0	0
16	55722120	.	T	C	10	2	12	0	2	14	0	0
16	87230814	.	T	C	11	7	18	0	2	20	0	0
16	91418287	.	C	T	1	2	3	0	0	3	0	0
16	91453021	.	A	G	88	23	111	0	4	116	1	0
16	94267505	.	A	G	11	3	14	0	0	14	0	0
16	97352704	.	T	C	2	1	3	0	1	4	0	0
16	97658408	.	T	C	1	3	4	0	0	4	0	0
17	3094529	.	C	T	2	2	4	17	0	21	0	0
17	9539588	.	A	G	1	2	3	2	0	5	0	0
17	15695826	.	T	C	5	2	7	0	0	7	0	0
17	15741073	.	A	G	7	3	10	0	0	10	0	0
17	17566278	.	G	C	1	2	3	7	1	11	0	0
17	18050496	.	A	G	1	2	3	0	1	4	0	0
17	24635786	.	A	G	6	3	9	0	0	9	0	0
17	24643100	.	A	G	5	3	8	0	0	8	0	0
17	24940431	.	A	G	5	2	7	0	0	7	0	0
17	29199079	.	T	C	2	2	4	0	0	4	0	0
17	29521001	.	A	G	8	5	13	0	0	13	0	0
17	33037766	.	T	C	21	5	26	0	1	27	0	0
17	33552004	.	T	C	16	3	19	0	1	21	1	0
17	33554396	.	A	G	7	3	10	0	1	11	0	0
17	34147531	.	A	G	18	6	24	0	1	25	0	0
17	35133024	.	T	A	1	5	6	0	0	6	0	0
17	35385235	.	A	G	1	2	3	0	0	3	0	0
17	36580955	.	T	C	6	3	9	0	0	9	0	0
17	40158498	.	T	C	4507	5930	10437	2	261	11211	511	0
17	45973875	.	T	C	36	102	138	0	6	144	0	0
17	57364364	.	G	C	7	2	9	0	0	9	0	0
17	93506704	.	A	T	2	0	2	0	2	5	1	0
17	95067479	.	T	C	18	21	39	0	0	39	0	0
17	95120096	.	T	C	1	2	3	0	1	4	0	0
18	4198909	.	C	A	3	2	5	26	0	31	0	0
18	6792650	.	A	G	24	4	28	0	0	28	0	0
18	21788346	.	A	C	1	1	2	0	2	4	0	0
18	21788353	.	T	C	2	1	3	0	1	4	0	0
18	24639050	.	T	C	12	2	14	0	1	15	0	0
18	32235930	.	A	G	4	2	6	0	0	6	0	0
18	32236019	.	A	G	7	3	10	0	1	11	0	0
18	32561134	.	A	G	50	13	63	0	2	65	0	0
18	34998030	.	T	A	15	7	22	0	3	25	0	0
18	34998034	.	G	A	10	5	15	0	3	18	0	0
18	35743341	.	A	G	10	4	14	0	0	14	0	0
18	35807586	.	T	C	71	17	88	0	1	89	0	0
18	46869696	.	T	C	8	2	10	0	0	10	0	0
18	53040085	.	C	T	3	3	6	0	0	6	0	0
18	57090140	.	T	C	5	2	7	0	0	7	0	0
18	65610148	.	A	G	2	5	7	0	0	7	0	0
19	3916222	.	A	G	21	3	24	0	0	24	0	0
19	3916452	.	A	G	16	4	20	0	1	21	0	0
19	3917362	.	A	G	7	3	10	1	0	11	0	0
19	3940459	.	A	G	2	2	4	0	0	4	0	0
19	3940464	.	A	G	2	2	4	0	0	4	0	0
19	4324082	.	T	C	2	3	5	0	0	5	0	0
19	4324083	.	T	C	1	4	5	0	0	5	0	0
19	4813117	.	T	C	3	3	6	0	0	6	0	0
19	4813159	.	T	C	3	2	5	0	0	5	0	0
19	5015429	.	A	G	3	4	7	0	0	7	0	0
19	5016343	.	A	G	8	2	10	0	0	10	0	0
19	6832126	.	A	G	2	2	4	0	0	4	0	0
19	6895771	.	T	C	8	2	10	0	0	10	0	0
19	7192521	.	C	T	11	3	14	1	1	16	0	0
19	8660724	.	A	G	22	4	26	0	1	27	0	0
19	10223060	.	T	C	40	66	106	0	1	107	0	0
19	10885930	.	A	G	1	2	3	0	1	4	0	0
19	12441626	.	A	G	28	7	35	1	0	36	0	0
19	29248791	.	T	G	16	12	28	0	0	28	0	0
19	31964189	.	A	G	9	2	11	0	0	11	0	0
19	34571000	.	A	G	3	2	5	0	0	5	0	0
19	41818939	.	A	G	6	2	8	0	1	9	0	0
19	43429601	.	A	G	10	8	18	0	0	18	0	0
19	43429753	.	A	G	33	4	37	0	1	38	0	0
19	44993727	.	T	C	40	4	44	0	0	44	0	0
19	46475082	.	A	G	8	2	10	0	0	10	0	0
19	53920935	.	T	C	15	4	19	1	0	20	0	0
2	3461415	.	A	G	1	2	3	0	0	3	0	0
2	5902666	.	T	C	1	2	3	0	0	3	0	0
2	14152860	.	A	G	25	7	32	0	3	35	0	0
2	22478367	.	T	C	1	3	4	13	6	23	0	0
2	22478526	.	A	G	3	5	8	5	2	15	0	0
2	22478670	.	T	A	0	4	4	15	7	26	0	0
2	22479057	.	T	C	0	3	3	9	6	18	0	0
2	22479475	.	A	G	0	2	2	3	2	7	0	0
2	26846568	.	T	C	8	3	11	0	1	12	0	0
2	29664907	.	T	C	2	3	5	0	0	5	0	0
2	31505906	.	A	G	10	2	12	0	0	12	0	0
2	31937444	.	A	G	17	4	21	0	0	21	0	0
2	32196762	.	A	G	64	9	73	0	2	75	0	0
2	40445910	.	G	T	0	2	2	7	1	10	0	0
2	91043632	.	A	G	53	6	59	0	1	60	0	0
2	102612558	.	T	A	207	74	281	0	30	311	0	0
2	112185846	.	A	G	4	2	6	0	0	6	0	0
2	112185852	.	A	G	2	4	6	0	0	6	0	0
2	118700801	.	A	G	11	2	13	0	1	14	0	0
2	120451649	.	A	G	21	4	25	0	0	25	0	0
2	120546686	.	T	C	2	2	4	0	0	4	0	0
2	120546687	.	T	C	2	2	4	0	0	4	0	0
2	120847374	.	T	A	1	3	4	0	0	4	0	0
2	120847375	.	T	A	1	3	4	0	0	4	0	0
2	121015462	.	A	G	3	2	5	0	0	5	0	0
2	121373743	.	A	G	6	2	8	0	0	8	0	0
2	121983556	.	T	A	12	5	17	0	3	20	0	0
2	128968268	.	A	G	9	4	13	0	0	13	0	0
2	132151800	.	A	G	60	317	377	0	2	379	0	0
2	135911813	.	G	A	8	8	16	0	4	20	0	0
2	144382358	.	A	G	23	7	30	0	0	30	0	0
2	150674416	.	G	T	6	2	8	0	1	9	0	0
2	151216347	.	C	T	0	2	2	0	1	3	0	0
2	152114942	.	A	G	2	7	9	0	0	9	0	0
2	152913962	.	C	T	2	2	4	0	0	4	0	0
2	153108492	.	A	G	14	4	18	0	0	18	0	0
2	154379850	.	A	G	30	9	39	0	1	40	0	0
2	157400030	.	T	C	96	17	113	10	2	125	0	0
2	158225545	.	A	G	371	47	418	0	16	434	0	0
2	158226873	.	A	G	130	383	513	0	24	537	0	0
2	163309459	.	T	C	5	9	14	0	0	14	0	0
2	164307764	.	A	C	2	2	4	0	1	5	0	0
2	164307770	.	A	C	2	2	4	0	2	6	0	0
2	164953773	.	T	C	35	9	44	0	1	45	0	0
2	166408278	.	A	G	7	4	11	0	1	12	0	0
2	168057541	.	T	C	1	3	4	0	0	4	0	0
2	168057546	.	T	C	1	2	3	0	0	3	0	0
2	174169694	.	A	G	90	21	111	0	6	117	0	0
2	177090089	.	C	A	4	2	6	2	1	9	0	0
3	19278361	.	T	C	12	2	14	0	0	14	0	0
3	26385911	.	T	C	9	3	12	0	0	12	0	0
3	31015380	.	T	C	1	2	3	0	0	3	0	0
3	32636549	.	T	C	17	3	20	0	0	20	0	0
3	57551783	.	T	C	4	1	5	0	1	6	0	0
3	57551908	.	T	C	5	6	11	0	0	11	0	0
3	57553275	.	T	C	6	2	8	0	0	8	0	0
3	65868019	.	A	G	3	3	6	0	1	7	0	0
3	80599593	.	T	C	34	74	108	0	0	108	0	0
3	80614159	.	T	C	13	11	24	0	1	25	0	0
3	80614215	.	T	C	140	46	186	0	1	187	0	0
3	87830230	.	C	T	8	1	9	0	2	11	0	0
3	88259542	.	A	G	14	3	17	0	0	17	0	0
3	88259983	.	A	G	5	3	8	0	0	8	0	0
3	88343269	.	C	T	1	2	3	0	0	3	0	0
3	89090052	.	G	A	6	2	8	0	1	9	0	0
3	89675221	.	T	C	9	2	11	0	0	11	0	0
3	90395677	.	G	T	6	2	8	0	2	10	0	0
3	94794244	.	T	A	13	4	17	0	1	18	0	0
3	94794245	.	G	A	14	4	18	0	0	18	0	0
3	95095436	.	T	C	13	2	15	0	0	15	0	0
3	96539776	.	A	G	9	17	26	1	1	28	0	0
3	96540029	.	A	G	23	8	31	0	3	34	0	0
3	102973406	.	A	G	39	6	45	0	3	48	0	0
3	104835351	.	A	G	4	6	10	0	0	10	0	0
3	104835352	.	A	G	6	4	10	0	0	10	0	0
3	135112631	.	T	C	56	12	68	0	5	73	0	0
3	138265030	.	A	G	20	3	23	0	0	23	0	0
3	143894308	.	C	T	6	3	9	0	2	11	0	0
3	151929390	.	C	T	4	2	6	0	0	6	0	0
3	151935613	.	A	G	1	5	6	0	0	6	0	0
3	152547168	.	T	A	2	1	3	0	0	3	0	0
3	152547176	.	T	C	1	1	2	0	0	2	0	0
4	6687406	.	G	T	5	2	7	0	1	8	0	0
4	21836550	.	A	G	34	4	38	0	1	39	0	0
4	21911309	.	A	G	16	2	18	0	0	18	0	0
4	33019420	.	A	G	130	30	160	0	4	164	0	0
4	33020417	.	A	G	72	78	150	0	3	153	0	0
4	41518514	.	T	C	205	38	243	0	8	251	0	0
4	44924244	.	A	G	10	2	12	0	1	13	0	0
4	62342224	.	A	G	22	5	27	0	3	30	0	0
4	62371673	.	T	C	5	2	7	0	0	7	0	0
4	86495344	.	G	T	59	17	76	0	2	78	0	0
4	98003063	.	C	T	8	3	11	0	1	12	0	0
4	103021909	.	A	G	20	4	24	0	3	27	0	0
4	108198313	.	A	G	3	5	8	0	0	8	0	0
4	108484757	.	G	A	2	2	4	0	1	5	0	0
4	109533813	.	A	G	12	3	15	0	0	15	0	0
4	116410105	.	T	C	10	3	13	0	1	14	0	0
4	118484005	.	A	G	15	27	42	0	0	42	0	0
4	118484020	.	A	G	41	6	47	0	1	48	0	0
4	119080668	.	T	C	14	3	17	0	0	17	0	0
4	119081410	.	T	C	21	3	24	1	1	26	0	0
4	124838094	.	A	G	13	9	22	0	0	22	0	0
4	125982944	.	A	G	8	6	14	0	0	14	0	0
4	125982950	.	A	G	11	5	16	0	0	16	0	0
4	125985458	.	A	G	13	2	15	0	0	15	0	0
4	129062418	.	T	C	1	2	3	0	0	3	0	0
4	131679966	.	T	C	17	5	22	0	0	22	0	0
4	133389520	.	T	C	3	6	9	0	0	9	0	0
4	134153046	.	C	T	2	2	4	0	2	6	0	0
4	137987341	.	A	G	84	29	113	0	1	114	0	0
4	137987354	.	A	G	65	36	101	0	2	103	0	0
4	140678472	.	A	G	12	2	14	0	2	16	0	0
4	140678829	.	A	G	9	2	11	0	0	11	0	0
4	140678893	.	A	G	14	3	17	2	1	20	0	0
4	141488012	.	T	C	39	6	45	0	0	45	0	0
4	147909525	.	T	C	1	2	3	0	0	3	0	0
4	149203211	.	A	G	26	7	33	0	1	34	0	0
4	149552818	.	T	C	1	4	5	0	0	5	0	0
4	155006593	.	T	C	1	2	3	0	0	3	0	0
4	155706828	.	A	G	11	6	17	1	2	20	0	0
4	155800422	.	A	G	11	2	13	0	0	13	0	0
4	155800977	.	A	G	5	2	7	0	1	8	0	0
4	156095123	.	A	G	72	59	131	0	2	133	0	0
5	3680498	.	T	C	8	4	12	0	0	12	0	0
5	3872613	.	T	G	3	2	5	0	0	5	0	0
5	5833142	.	A	G	1	7	8	5	5	18	0	0
5	22733330	.	G	A	2	2	4	0	0	4	0	0
5	22733550	.	C	T	3	2	5	3	0	8	0	0
5	23627727	.	T	C	4	3	7	0	0	7	0	0
5	24611907	.	T	C	2	2	4	0	0	4	0	0
5	24649635	.	T	C	24	3	27	0	3	30	0	0
5	25430722	.	A	G	9	6	15	0	1	16	0	0
5	29658129	.	A	G	1	8	9	0	0	9	0	0
5	31330824	.	T	C	12	5	17	0	0	17	0	0
5	31330825	.	T	C	12	4	16	0	1	17	0	0
5	33149755	.	A	G	8	2	10	0	0	10	0	0
5	34055522	.	C	T	4	2	6	0	0	6	0	0
5	65415908	.	A	G	9	2	11	0	1	12	0	0
5	65605388	.	T	C	62	21	83	0	1	84	0	0
5	65605389	.	T	C	50	25	75	0	7	82	0	0
5	67047883	.	T	G	0	2	2	0	1	3	0	0
5	77555578	.	T	C	3	22	25	0	0	25	0	0
5	77555630	.	T	C	3	22	25	0	1	26	0	0
5	88790546	.	C	A	13	6	19	0	0	19	0	0
5	104137637	.	A	T	1	3	4	0	0	4	0	0
5	104652843	.	A	G	23	3	26	0	0	26	0	0
5	110081429	.	C	T	3	2	5	0	3	8	0	0
5	110081431	.	C	T	4	1	5	0	4	9	0	0
5	110266098	.	T	C	1	2	3	0	0	3	0	0
5	111602776	.	C	T	8	2	10	0	5	15	0	0
5	114079637	.	C	A	8	1	9	0	3	12	0	0
5	115241332	.	T	C	1	4	5	10	0	15	0	0
5	121511036	.	T	C	1	2	3	0	0	3	0	0
5	121683511	.	T	C	23	6	29	0	0	29	0	0
5	122546790	.	A	G	6	5	11	0	1	12	0	0
5	123386729	.	A	G	34	11	45	0	1	46	0	0
5	123699836	.	T	G	3	2	5	0	0	5	0	0
5	124417071	.	T	C	1	2	3	0	0	3	0	0
5	125534541	.	A	G	57	39	96	2	3	101	0	0
5	129798517	.	A	G	22	7	29	0	1	30	0	0
5	130014307	.	A	G	67	13	80	1	7	88	0	0
5	135193588	.	A	G	3	3	6	0	0	6	0	0
5	135193845	.	A	G	3	2	5	0	0	5	0	0
5	135437709	.	T	C	19	8	27	0	3	30	0	0
5	135437715	.	T	C	22	8	30	0	1	31	0	0
5	136941953	.	A	G	97	26	123	0	5	128	0	0
5	142655047	.	A	G	89	17	106	0	5	111	0	0
5	142856760	.	T	C	31	5	36	0	0	36	0	0
5	142888875	.	G	T	27	13	40	0	2	42	0	0
5	143751066	.	A	G	16	4	20	0	1	21	0	0
5	145045567	.	C	A	2	5	7	1	0	8	0	0
5	148269115	.	G	C	21	18	39	1	2	42	0	0
5	148441468	.	A	T	3	2	5	0	1	6	0	0
5	150561734	.	T	C	12	4	16	0	1	17	0	0
6	7844928	.	G	C	1	3	4	0	0	4	0	0
6	7872511	.	C	T	1	9	10	0	1	11	0	0
6	8255985	.	A	T	2	4	6	0	0	6	0	0
6	17531542	.	G	A	3	3	6	0	0	6	0	0
6	25689644	.	G	A	22	18	40	0	1	41	0	0
6	29714065	.	A	G	3	2	5	0	0	5	0	0
6	31489168	.	A	G	10	3	13	0	0	13	0	0
6	31492600	.	A	G	18	2	20	0	0	20	0	0
6	31492602	.	A	G	15	8	23	0	0	23	0	0
6	37783131	.	C	T	1	3	4	16	2	22	0	0
6	37847782	.	A	G	11	2	13	0	0	13	0	0
6	39312088	.	T	C	23	4	27	0	0	27	0	0
6	39312096	.	T	C	25	4	29	0	0	29	0	0
6	49231812	.	T	C	14	6	20	0	2	22	0	0
6	49233394	.	T	C	13	4	17	0	1	18	0	0
6	50179729	.	A	G	2	2	4	0	0	4	0	0
6	50179735	.	A	G	2	1	3	0	0	3	0	0
6	57485235	.	C	A	2	4	6	0	1	7	0	0
6	66517065	.	A	G	5	4	9	0	0	9	0	0
6	66517625	.	A	G	4	3	7	0	1	8	0	0
6	66517635	.	A	G	6	2	8	0	1	9	0	0
6	66852475	.	A	G	1	7	8	3	0	11	0	0
6	87791772	.	T	C	8	2	10	0	0	10	0	0
6	87791783	.	T	C	9	2	11	0	0	11	0	0
6	87890574	.	G	A	1	5	6	0	3	9	0	0
6	92219112	.	A	C	6	2	8	0	2	10	0	0
6	96010078	.	C	T	5	2	7	1	0	8	0	0
6	96010183	.	T	C	4	3	7	6	0	13	0	0
6	113047373	.	A	G	5	2	7	0	0	7	0	0
6	113584549	.	A	G	2	2	4	0	0	4	0	0
6	118566526	.	C	T	1	11	12	0	0	12	0	0
6	118566528	.	A	G	1	11	12	0	0	12	0	0
6	126619121	.	T	C	89	31	120	0	3	123	0	0
6	146364908	.	G	A	1	3	4	8	6	18	0	0
6	146733792	.	A	G	4	2	6	0	0	6	0	0
7	3463600	.	A	G	97	21	118	0	4	122	0	0
7	5026592	.	G	A	5	2	7	0	0	7	0	0
7	5063781	.	T	A	4	2	6	0	0	6	0	0
7	6357880	.	A	G	3	2	5	0	0	5	0	0
7	6967217	.	A	G	25	6	31	0	0	31	0	0
7	12706157	.	A	G	9	3	12	0	0	12	0	0
7	12707548	.	A	G	5	2	7	0	0	7	0	0
7	16453163	.	A	G	5	2	7	14	0	21	0	0
7	16515475	.	T	A	1	2	3	1	0	4	0	0
7	16619272	.	A	G	8	39	47	0	1	48	0	0
7	16619450	.	A	G	11	3	14	0	1	15	0	0
7	16619714	.	A	G	54	22	76	0	2	78	0	0
7	16730318	.	A	T	1	11	12	0	0	12	0	0
7	18696483	.	T	C	24	18	42	0	5	47	0	0
7	18873753	.	T	C	20	3	23	0	1	24	0	0
7	19248924	.	G	T	2	2	4	0	0	4	0	0
7	23974523	.	T	A	1	10	11	0	1	12	0	0
7	23975294	.	A	G	1	5	6	4	0	10	0	0
7	26904216	.	A	G	8	3	11	1	1	13	0	0
7	26905060	.	A	G	7	5	12	0	0	12	0	0
7	27222913	.	G	A	1	7	8	0	0	8	0	0
7	27227593	.	T	C	78	28	106	0	2	108	0	0
7	27402231	.	A	G	1	9	10	0	0	10	0	0
7	27520956	.	A	G	8	4	12	0	0	12	0	0
7	28868929	.	T	C	3	3	6	2	0	8	0	0
7	28870900	.	T	G	1	2	3	0	0	3	0	0
7	28922523	.	T	C	3	2	5	0	1	6	0	0
7	29931635	.	A	T	9	1	10	0	1	11	0	0
7	29931636	.	T	A	6	4	10	0	0	10	0	0
7	43175439	.	T	C	6	2	8	0	0	8	0	0
7	43175443	.	T	C	4	2	6	0	0	6	0	0
7	44629089	.	T	C	3	2	5	0	0	5	0	0
7	45032973	.	T	C	3	6	9	0	0	9	0	0
7	60935667	.	A	C	2	2	4	0	0	4	0	0
7	60935671	.	G	C	2	2	4	0	0	4	0	0
7	63541145	.	G	T	18	4	22	0	7	29	0	0
7	81522050	.	A	G	3	1	4	0	1	5	0	0
7	103988513	.	T	C	5	3	8	0	0	8	0	0
7	109354453	.	T	C	1	1	2	0	2	4	0	0
7	110655309	.	T	C	23	17	40	1	1	42	0	0
7	114014330	.	C	A	0	1	1	0	1	2	0	0
7	123077027	.	T	G	2	0	2	0	6	8	0	0
7	123582585	.	A	G	10	2	12	0	0	12	0	0
7	125308403	.	A	G	3	2	5	0	0	5	0	0
7	126853494	.	A	G	34	8	42	0	2	44	0	0
7	126853784	.	A	G	58	7	65	0	1	66	0	0
7	127519115	.	A	G	2	2	4	0	0	4	0	0
7	127578039	.	A	G	5	2	7	0	0	7	0	0
7	130360893	.	A	T	1	10	11	0	0	11	0	0
7	140916604	.	A	G	39	8	47	0	0	47	0	0
7	142207010	.	T	C	24	17	41	0	2	43	0	0
8	5690594	.	A	G	1	2	3	5	1	9	0	0
8	5690780	.	A	G	1	2	3	12	2	17	0	0
8	14078031	.	T	C	11	2	13	0	0	13	0	0
8	14140659	.	G	A	33	4	37	0	0	37	0	0
8	14140661	.	A	C	33	4	37	0	1	38	0	0
8	19737779	.	A	G	6	2	8	18	0	26	0	0
8	19737782	.	C	G	6	2	8	18	0	26	0	0
8	19743648	.	G	T	1	2	3	13	0	16	0	0
8	20030843	.	C	T	14	2	16	14	1	31	0	0
8	20030855	.	G	A	10	3	13	10	0	23	0	0
8	20157964	.	A	G	2	2	4	62	0	66	0	0
8	20698008	.	A	T	15	3	18	13	1	32	0	0
8	20717395	.	T	A	5	2	7	28	0	35	0	0
8	20727130	.	G	A	28	10	38	4	0	42	0	0
8	26305539	.	T	C	8	3	11	0	0	11	0	0
8	26305915	.	T	C	7	2	9	0	0	9	0	0
8	29776650	.	T	C	8	2	10	91	0	101	0	0
8	36614800	.	T	C	10	3	13	0	0	13	0	0
8	41370800	.	A	G	9	6	15	0	0	15	0	0
8	42700384	.	A	G	1	2	3	0	1	4	0	0
8	57003711	.	A	G	11	3	14	0	0	14	0	0
8	70017218	.	C	G	3	2	5	8	0	13	0	0
8	70019439	.	G	A	4	0	4	2	0	6	0	0
8	70260396	.	T	A	1	2	3	0	1	4	0	0
8	70346834	.	A	T	20	3	23	0	3	26	0	0
8	70362059	.	C	A	5	2	7	0	0	7	0	0
8	71826392	.	A	G	6	2	8	0	0	8	0	0
8	72935942	.	A	G	1	3	4	0	0	4	0	0
8	72977426	.	A	G	20	26	46	0	1	47	0	0
8	84040939	.	C	A	3	2	5	0	0	5	0	0
8	84723069	.	T	A	4	9	13	0	2	15	0	0
8	84982724	.	T	C	5	2	7	0	0	7	0	0
8	85593351	.	A	G	1	2	3	0	0	3	0	0
8	85599077	.	G	A	1	1	2	0	0	2	0	0
8	85684004	.	T	C	13	2	15	0	0	15	0	0
8	92415258	.	T	C	1	3	4	0	1	5	0	0
8	96468587	.	G	A	35	33	68	0	4	72	0	0
8	106348828	.	G	A	5	2	7	0	1	8	0	0
8	107299930	.	C	T	1	2	3	8	1	12	0	0
8	110817217	.	A	G	31	5	36	0	1	37	0	0
8	111731758	.	T	C	22	8	30	0	0	30	0	0
8	123635360	.	T	C	6	2	8	0	1	9	0	0
8	124147389	.	G	A	255	263	518	1	20	539	0	0
8	125620546	.	T	C	24	4	28	0	3	31	0	0
8	125620861	.	T	C	17	10	27	0	1	28	0	0
9	3387716	.	A	G	13	5	18	0	0	18	0	0
9	3387771	.	A	G	13	7	20	0	1	21	0	0
9	7836792	.	T	C	8	4	12	0	1	13	0	0
9	20506948	.	A	G	6	2	8	0	0	8	0	0
9	20515715	.	A	G	3	4	7	0	0	7	0	0
9	20515728	.	A	G	7	2	9	0	0	9	0	0
9	20515757	.	A	G	1	4	5	0	0	5	0	0
9	22003913	.	A	C	1	2	3	0	0	3	0	0
9	42326845	.	A	G	9	1	10	0	5	15	0	0
9	44206372	.	T	C	11	2	13	0	0	13	0	0
9	45747294	.	C	T	1	3	4	0	0	4	0	0
9	47764621	.	G	A	23	7	30	0	8	38	0	0
9	50588261	.	T	C	2	2	4	0	0	4	0	0
9	53311221	.	A	G	11	4	15	0	0	15	0	0
9	56111482	.	T	A	9	0	9	0	3	12	0	0
9	57041680	.	A	G	8	2	10	0	1	11	0	0
9	57391434	.	C	T	1	2	3	0	1	4	0	0
9	62285048	.	T	C	10	2	12	0	1	13	0	0
9	64093070	.	A	T	13	4	17	0	2	19	0	0
9	65253476	.	A	G	6	4	10	0	0	10	0	0
9	67127254	.	T	C	23	3	26	0	1	27	0	0
9	75410877	.	T	C	4	2	6	0	0	6	0	0
9	78076674	.	A	G	9	2	11	0	0	11	0	0
9	83848377	.	T	G	1	3	4	0	0	4	0	0
9	89097436	.	T	C	7	2	9	0	0	9	0	0
9	95939206	.	A	G	18	4	22	0	0	22	0	0
9	95939293	.	A	G	18	7	25	0	1	26	0	0
9	96777818	.	T	C	3	3	6	229	1	236	0	0
9	103062470	.	C	A	23	3	26	0	1	27	0	0
9	103062472	.	C	A	14	4	18	0	0	18	0	0
9	109659456	.	T	C	3	2	5	1	1	7	0	0
9	109659532	.	T	G	3	2	5	0	0	5	0	0
9	109659543	.	A	G	4	2	6	0	0	6	0	0
9	109659993	.	A	G	4	2	6	1	0	7	0	0
9	114425843	.	T	C	5	3	8	0	0	8	0	0
9	114811465	.	A	T	5	4	9	11	0	20	0	0
9	123088121	.	C	T	3	3	6	0	0	6	0	0
9	124034058	.	T	G	19	6	25	0	2	27	0	0
X	7021336	.	C	A	4	2	6	0	0	6	0	0
X	7576472	.	T	A	2	2	4	0	0	4	0	0
X	7773342	.	A	G	2	3	5	0	0	5	0	0
X	7774376	.	A	G	5	2	7	0	0	7	0	0
X	12542583	.	C	A	9	2	11	0	0	11	0	0
X	37695084	.	A	G	8	2	10	0	1	11	0	0
X	40743129	.	A	G	16	133	149	0	2	151	0	0
X	40743165	.	A	G	4	11	15	0	0	15	0	0
X	41621267	.	G	T	15	2	17	0	1	18	0	0
X	55633003	.	T	C	28	5	33	0	1	34	0	0
X	60230328	.	A	G	9	3	12	0	1	13	0	0
X	60231705	.	A	G	16	14	30	0	2	32	0	0
X	69388256	.	T	C	50	8	58	0	2	60	0	0
X	73270255	.	T	C	17	4	21	0	0	21	0	0
X	73270256	.	T	C	2	18	20	0	0	20	0	0
X	73270468	.	T	C	2	16	18	0	0	18	0	0
X	80866141	.	T	C	1	5	6	10	0	16	0	0
X	87803757	.	T	C	0	2	2	8	2	12	0	0
X	102207919	.	A	G	3	2	5	6	0	11	0	0
X	102620158	.	T	C	6	6	12	0	1	13	0	0
X	102620159	.	T	C	5	8	13	0	0	13	0	0
X	102623385	.	T	C	12	7	19	0	0	19	0	0
X	119547306	.	G	A	5	0	5	0	0	5	0	0
X	134745475	.	C	A	9	4	13	0	1	14	0	0
X	134745477	.	T	A	2	5	7	0	0	7	0	0
X	138577168	.	A	G	1	3	4	0	0	4	0	0
X	145978689	.	A	G	37	11	48	1	0	49	0	0
X	149766871	.	T	C	58	17	75	2	9	86	0	0
X	149767614	.	T	C	85	67	152	1	9	162	0	0
X	161561788	.	T	A	8	5	13	0	0	13	0	0
X	162761028	.	T	C	4	3	7	0	0	7	0	0
