contig	position	variantID	refAllele	altAllele	refCount	altCount	totalCount	lowMAPQDepth	lowBaseQDepth	rawDepth	otherBases	improperPairs
1	9790935	.	C	T	10	2	12	0	3	15	0	0
1	16717060	.	T	C	7	2	9	0	3	12	0	0
1	22031785	.	T	C	5	5	10	0	0	10	0	0
1	24091770	.	T	C	2	2	4	0	0	4	0	0
1	34050895	.	A	C	2	2	4	0	1	5	0	0
1	36547423	.	T	C	7	2	9	0	5	14	0	0
1	39696041	.	A	G	6	2	8	0	0	8	0	0
1	45896584	.	T	C	2	2	4	2	0	6	0	0
1	51507738	.	T	C	1	3	4	0	0	4	0	0
1	51507771	.	T	C	1	3	4	0	0	4	0	0
1	55276798	.	G	A	10	2	12	0	0	12	0	0
1	55276800	.	T	C	10	2	12	0	1	13	0	0
1	59756998	.	A	G	15	3	18	0	1	19	0	0
1	59913367	.	A	G	54	27	81	0	2	83	0	0
1	60517747	.	A	G	54	29	83	0	5	88	0	0
1	63156443	.	A	G	3	5	8	0	0	8	0	0
1	66711873	.	A	G	102	40	142	0	4	146	0	0
1	75398649	.	A	G	32	8	40	0	3	43	0	0
1	75398708	.	A	G	4	25	29	0	1	30	0	0
1	86276528	.	T	C	16	5	21	0	0	21	0	0
1	88187311	.	C	T	3	2	5	0	0	5	0	0
1	88188057	.	A	C	1	4	5	0	0	5	0	0
1	88188745	.	T	A	6	4	10	0	0	10	0	0
1	88188846	.	T	G	4	2	6	0	0	6	0	0
1	88189707	.	C	T	1	4	5	0	0	5	0	0
1	88190661	.	G	C	3	2	5	0	0	5	0	0
1	88190679	.	A	G	1	3	4	0	0	4	0	0
1	88190781	.	C	T	5	2	7	0	1	8	0	0
1	88190921	.	C	T	2	14	16	0	1	17	0	0
1	88191237	.	A	C	8	48	56	0	2	58	0	0
1	88191281	.	A	G	71	8	79	0	3	82	0	0
1	88191320	.	C	T	10	43	53	0	2	55	0	0
1	88191706	.	G	A	36	5	41	0	0	41	0	0
1	88191710	.	T	C	9	28	37	0	1	38	0	0
1	88191744	.	C	A	52	8	60	0	1	61	0	0
1	88191864	.	G	T	46	6	52	0	1	53	0	0
1	88192008	.	C	T	61	9	70	0	4	74	0	0
1	88192048	.	G	C	25	49	74	0	1	75	0	0
1	88192098	.	G	A	55	10	65	0	0	65	0	0
1	88192180	.	G	T	74	12	86	0	3	89	0	0
1	88192184	.	T	A	76	12	88	0	1	89	0	0
1	88192243	.	A	G	10	38	48	0	0	48	0	0
1	88192700	.	G	A	9	22	31	0	2	33	0	0
1	88192756	.	G	A	9	38	47	1	1	49	0	0
1	88192980	.	A	G	7	39	46	1	1	48	0	0
1	88193031	.	C	G	12	28	40	0	0	40	0	0
1	88193194	.	C	T	2	7	9	3	1	13	0	0
1	88193568	.	A	C	3	6	9	57	0	66	0	0
1	88193917	.	G	A	12	21	33	21	0	54	0	0
1	88194314	.	C	A	41	8	49	2	1	52	0	0
1	88197053	.	T	C	0	3	3	0	0	3	0	0
1	88197991	.	A	G	9	44	53	0	0	53	0	0
1	88200452	.	A	G	1	15	16	1	1	18	0	0
1	88200605	.	C	A	3	16	19	0	0	19	0	0
1	88200653	.	A	C	2	25	27	0	0	27	0	0
1	88200771	.	G	A	20	2	22	0	0	22	0	0
1	88200832	.	C	T	5	9	14	0	0	14	0	0
1	88202772	.	A	T	4	1	5	2	0	7	0	0
1	88204113	.	T	G	2	2	4	3	0	7	0	0
1	121431435	.	G	T	8	0	8	0	2	10	0	0
1	127888511	.	T	A	2	2	4	0	0	4	0	0
1	128091427	.	A	G	1	2	3	0	0	3	0	0
1	133065748	.	A	G	29	3	32	0	2	34	0	0
1	143628066	.	A	G	8	2	10	0	0	10	0	0
1	156255182	.	T	C	4	12	16	0	0	16	0	0
1	156255601	.	T	C	4	4	8	0	0	8	0	0
1	160840574	.	T	C	4	2	6	0	0	6	0	0
1	161068583	.	C	T	8	2	10	0	0	10	0	0
1	165058785	.	T	C	1	2	3	0	0	3	0	0
1	171893645	.	G	A	0	2	2	0	5	7	0	0
1	180918533	.	G	A	7	2	9	0	1	10	0	0
1	180924020	.	T	C	23	9	32	0	0	32	0	0
1	182311465	.	C	T	2	1	3	0	2	5	0	0
1	183105229	.	A	G	25	4	29	0	0	29	0	0
1	183105230	.	A	G	25	4	29	0	0	29	0	0
1	183190594	.	A	G	18	5	23	0	0	23	0	0
1	183190595	.	A	G	19	2	21	0	2	23	0	0
1	183190682	.	A	G	11	6	17	0	1	18	0	0
1	186437258	.	C	T	1	2	3	0	0	3	0	0
1	186437260	.	C	T	1	1	2	0	1	3	0	0
10	7524278	.	T	C	2	2	4	0	0	4	0	0
10	22220550	.	T	C	1	1	2	0	0	2	0	0
10	22220554	.	T	C	1	2	3	0	0	3	0	0
10	33791335	.	A	G	5	2	7	0	0	7	0	0
10	45752162	.	G	A	7	2	9	16	3	29	1	0
10	49118584	.	T	C	9	9	18	1	0	19	0	0
10	49118640	.	T	C	9	5	14	0	1	15	0	0
10	49148872	.	T	C	3	34	37	0	0	37	0	0
10	49148885	.	T	C	6	34	40	0	0	40	0	0
10	57383221	.	A	G	2	2	4	0	0	4	0	0
10	57391874	.	C	T	23	10	33	0	1	34	0	0
10	62645542	.	T	C	3	3	6	0	0	6	0	0
10	79593723	.	A	G	5	2	7	0	0	7	0	0
10	79790300	.	C	T	5	2	7	0	0	7	0	0
10	80521821	.	T	C	11	3	14	0	0	14	0	0
10	81182083	.	T	C	22	3	25	0	0	25	0	0
10	82486401	.	T	C	13	2	15	0	0	15	0	0
10	82486613	.	T	C	20	4	24	0	1	25	0	0
10	93800442	.	T	C	6	2	8	0	0	8	0	0
10	93801926	.	T	C	10	5	15	0	0	15	0	0
10	94057224	.	A	G	9	5	14	0	0	14	0	0
10	126903751	.	T	C	92	16	108	0	2	110	0	0
10	127581290	.	A	G	4	3	7	1	0	8	0	0
10	128032784	.	A	G	3	4	7	0	0	7	0	0
11	3077575	.	C	A	4	3	7	28	0	35	0	0
11	4091432	.	T	C	20	4	24	0	0	24	0	0
11	5919668	.	A	T	21	3	24	0	1	25	0	0
11	19670908	.	C	T	0	2	2	1	1	4	0	0
11	20178606	.	T	C	11	2	13	0	0	13	0	0
11	20676058	.	C	T	45	32	77	0	0	77	0	0
11	43572939	.	A	G	5	4	9	0	0	9	0	0
11	45821425	.	T	C	11	4	15	0	1	16	0	0
11	46163470	.	T	C	75	363	438	0	4	442	0	0
11	52016468	.	A	G	15	3	18	0	0	18	0	0
11	52017633	.	A	G	16	2	18	0	0	18	0	0
11	59096899	.	A	G	9	2	11	0	0	11	0	0
11	60749725	.	A	G	3	1	4	0	2	6	0	0
11	60749771	.	A	G	3	2	5	0	0	5	0	0
11	66956044	.	A	G	7	2	9	0	0	9	0	0
11	66956050	.	A	G	8	2	10	0	0	10	0	0
11	68876808	.	T	C	17	3	20	0	1	21	0	0
11	69674128	.	A	G	11	2	13	0	0	13	0	0
11	69922901	.	A	G	8	3	11	0	0	11	0	0
11	69923163	.	A	G	8	2	10	0	0	10	0	0
11	69925276	.	A	G	5	3	8	0	0	8	0	0
11	69937302	.	A	G	9	3	12	0	0	12	0	0
11	69937304	.	A	G	9	3	12	0	0	12	0	0
11	72570452	.	A	G	5	3	8	0	0	8	0	0
11	72687147	.	A	G	10	2	12	0	0	12	0	0
11	75067258	.	T	C	31	10	41	0	0	41	0	0
11	77426880	.	T	C	51	9	60	1	0	61	0	0
11	80069675	.	A	G	10	1	11	0	1	12	0	0
11	86388573	.	A	G	3	2	5	0	0	5	0	0
11	86521440	.	A	C	1	2	3	8	1	12	0	0
11	87014114	.	A	G	12	2	14	0	0	14	0	0
11	94431300	.	T	C	8	3	11	0	0	11	0	0
11	94431318	.	T	C	9	6	15	0	0	15	0	0
11	97535690	.	T	C	12	2	14	0	0	14	0	0
11	100488792	.	T	C	17	3	20	0	0	20	0	0
11	101089557	.	T	C	19	4	23	0	0	23	0	0
11	101089802	.	T	C	10	9	19	0	1	20	0	0
11	101467457	.	A	G	2	2	4	0	0	4	0	0
11	102837091	.	T	C	10	3	13	0	0	13	0	0
11	116303813	.	T	C	10	2	12	0	0	12	0	0
11	116471963	.	T	C	6	34	40	0	2	42	0	0
11	116810095	.	A	G	28	8	36	0	0	36	0	0
11	116877771	.	G	A	1	2	3	0	0	3	0	0
12	3454168	.	A	G	42	6	48	4	4	56	0	0
12	3454248	.	A	G	24	34	58	2	2	62	0	0
12	17479809	.	A	G	11	14	25	0	0	25	0	0
12	31644236	.	T	C	1	2	3	0	0	3	0	0
12	46747117	.	T	C	39	21	60	0	0	60	0	0
12	54718540	.	T	C	30	4	34	0	0	34	0	0
12	54719070	.	T	C	27	7	34	0	2	36	0	0
12	54719142	.	T	C	32	8	40	0	1	41	0	0
12	54908294	.	C	T	4	1	5	0	4	9	0	0
12	65091803	.	A	G	4	2	6	0	0	6	0	0
12	69244102	.	A	G	19	3	22	0	0	22	0	0
12	71041403	.	A	G	6	40	46	0	0	46	0	0
12	73975614	.	A	G	4	2	6	0	0	6	0	0
12	76366551	.	T	C	7	2	9	0	0	9	0	0
12	81419007	.	C	A	2	2	4	1	0	5	0	0
12	84092880	.	A	G	1	3	4	0	0	4	0	0
12	85859394	.	C	G	1	1	2	0	1	3	0	0
12	85859395	.	C	G	1	1	2	0	1	3	0	0
12	101886131	.	T	C	19	5	24	0	0	24	0	0
12	101887890	.	T	C	23	4	27	0	0	28	1	0
12	109583490	.	T	C	5	2	7	0	0	7	0	0
12	109706996	.	A	G	5	2	7	0	0	7	0	0
12	110841635	.	T	C	10	4	14	0	1	15	0	0
12	111768539	.	A	G	4	3	7	0	1	8	0	0
13	8901801	.	T	C	20	2	22	1	0	23	0	0
13	14225628	.	T	C	36	5	41	0	1	42	0	0
13	17979133	.	T	C	11	2	13	0	0	13	0	0
13	21574169	.	T	C	9	5	14	0	0	14	0	0
13	21574188	.	T	C	11	5	16	0	0	16	0	0
13	21574225	.	T	C	9	3	12	0	0	12	0	0
13	21576650	.	T	C	11	3	14	0	0	14	0	0
13	23546737	.	T	C	3	2	5	0	0	5	0	0
13	49685058	.	A	G	1	4	5	0	0	5	0	0
13	59757011	.	A	G	1	3	4	0	0	4	0	0
13	64438124	.	T	C	11	4	15	0	0	15	0	0
13	64438172	.	T	C	14	2	16	0	0	16	0	0
13	65214229	.	G	A	13	5	18	0	1	19	0	0
13	67967722	.	T	C	2	2	4	0	0	4	0	0
13	81820502	.	A	T	5	1	6	0	3	9	0	0
13	119625401	.	G	T	14	3	17	0	2	19	0	0
13	120071842	.	A	G	10	2	12	0	0	12	0	0
14	10058181	.	A	G	125	33	158	0	1	159	0	0
14	14533725	.	T	C	0	15	15	0	0	15	0	0
14	14533732	.	T	C	15	3	18	0	1	19	0	0
14	20517408	.	T	C	1	4	5	0	0	5	0	0
14	21846832	.	A	G	15	30	45	0	1	46	0	0
14	21846833	.	A	G	40	7	47	0	0	47	0	0
14	21847779	.	A	G	80	28	108	0	1	109	0	0
14	25903341	.	T	A	8	2	10	0	0	10	0	0
14	29788070	.	T	C	28	4	32	0	1	33	0	0
14	29788078	.	T	C	24	14	38	0	0	38	0	0
14	32018582	.	A	G	28	9	37	0	1	38	0	0
14	32300088	.	A	G	4	5	9	0	1	10	0	0
14	46321627	.	A	G	5	2	7	1616	0	1623	0	0
14	51013458	.	T	C	9	4	13	0	0	13	0	0
14	51109987	.	A	G	4	3	7	0	0	7	0	0
14	57880877	.	T	C	4	2	6	0	0	6	0	0
14	60451313	.	T	C	1	2	3	0	0	3	0	0
14	62778896	.	G	A	1	2	3	1	0	4	0	0
14	65291200	.	A	G	5	7	12	0	24	36	0	0
14	75957159	.	T	C	16	6	22	0	0	22	0	0
14	79872251	.	G	T	18	0	18	0	3	21	0	0
14	99311216	.	G	A	1	1	2	0	1	3	0	0
14	103584115	.	T	C	25	16	41	0	4	45	0	0
14	121273016	.	A	G	5	4	9	0	0	9	0	0
15	8187674	.	A	G	6	7	13	0	0	13	0	0
15	66158075	.	T	C	11	4	15	0	0	15	0	0
15	75523717	.	T	C	3	2	5	0	0	5	0	0
15	81791419	.	A	G	8	2	10	0	0	10	0	0
15	84071378	.	A	G	2	3	5	0	0	5	0	0
15	84836683	.	T	C	8	2	10	0	0	10	0	0
15	85591587	.	A	G	5	2	7	0	0	7	0	0
15	94993393	.	G	A	9	3	12	0	0	12	0	0
15	98634993	.	T	C	15	26	41	0	1	42	0	0
15	98731431	.	T	C	33	4	37	0	0	37	0	0
15	98829314	.	C	T	5	3	8	1	0	9	0	0
15	98932415	.	C	T	1	2	3	211	0	214	0	0
15	99142536	.	T	C	16	2	18	3	0	21	0	0
15	99215593	.	T	C	11	3	14	0	0	14	0	0
15	99626091	.	A	G	5	4	9	0	0	9	0	0
16	3680985	.	T	C	19	11	30	0	0	30	0	0
16	13520445	.	A	G	25	7	32	0	0	32	0	0
16	13651947	.	T	C	27	4	31	0	0	31	0	0
16	13958882	.	T	C	5	2	7	0	0	7	0	0
16	17321752	.	A	G	16	4	20	0	1	21	0	0
16	17335960	.	A	G	11	4	15	0	0	15	0	0
16	18156488	.	T	C	1	2	3	0	0	3	0	0
16	18653678	.	A	G	49	16	65	0	3	68	0	0
16	19942498	.	A	G	37	27	64	0	0	64	0	0
16	20366548	.	A	G	1	2	3	0	0	3	0	0
16	20465062	.	A	G	4	2	6	0	0	6	0	0
16	30330773	.	T	C	19	5	24	0	0	24	0	0
16	31071175	.	T	C	17	3	20	0	1	21	0	0
16	32119150	.	A	G	29	20	49	0	0	49	0	0
16	87230813	.	T	C	17	6	23	0	0	23	0	0
16	87230814	.	T	C	21	2	23	0	0	23	0	0
16	87737431	.	T	C	0	2	2	0	0	2	0	0
16	91453021	.	A	G	83	16	99	1	2	102	0	0
17	6276422	.	A	G	5	2	7	0	0	7	0	0
17	13256165	.	G	A	5	1	6	0	0	6	0	0
17	13256174	.	T	G	9	2	11	0	0	11	0	0
17	15624515	.	A	G	9	2	11	0	0	11	0	0
17	15741073	.	A	G	4	3	7	0	1	8	0	0
17	21246479	.	A	G	13	2	15	0	0	15	0	0
17	21246483	.	T	C	12	2	14	0	0	14	0	0
17	24397327	.	T	C	10	14	24	0	0	24	0	0
17	26234947	.	G	A	33	23	56	0	0	56	0	0
17	26488811	.	T	C	1	2	3	3	0	6	0	0
17	29521001	.	A	G	5	6	11	0	0	11	0	0
17	33552004	.	T	C	20	7	27	0	0	27	0	0
17	33966501	.	T	C	31	9	40	176	9	225	0	0
17	34147261	.	G	T	18	4	22	0	2	24	0	0
17	34147531	.	A	G	24	11	35	0	2	37	0	0
17	40158498	.	T	C	3339	4349	7688	0	105	8191	398	0
17	45973875	.	T	C	47	96	143	0	3	146	0	0
17	49786823	.	T	G	11	5	16	0	5	21	0	0
17	80352912	.	T	C	10	2	12	0	0	12	0	0
17	95033722	.	G	A	5	2	7	1	1	9	0	0
17	95067479	.	T	C	22	24	46	0	1	47	0	0
17	95068552	.	T	C	30	6	36	0	0	36	0	0
18	6792650	.	A	G	28	4	32	0	1	33	0	0
18	7928637	.	G	A	5	2	7	0	0	7	0	0
18	24097917	.	A	G	6	4	10	0	0	10	0	0
18	24097953	.	A	G	6	2	8	0	2	10	0	0
18	24098112	.	A	G	3	2	5	0	0	5	0	0
18	32236019	.	A	G	3	5	8	0	0	8	0	0
18	32561134	.	A	G	39	9	48	0	0	48	0	0
18	35037326	.	C	T	62	55	117	0	1	118	0	0
18	35743341	.	A	G	6	3	9	0	0	9	0	0
18	35807586	.	T	C	86	15	101	0	3	104	0	0
18	90610206	.	C	T	12	2	14	0	0	14	0	0
19	3917362	.	A	G	9	2	11	0	0	11	0	0
19	4813117	.	T	C	8	5	13	0	0	13	0	0
19	4813227	.	T	C	2	2	4	0	1	5	0	0
19	4938619	.	T	C	22	4	26	1	0	27	0	0
19	5015429	.	A	G	5	4	9	0	0	9	0	0
19	6895783	.	T	C	2	2	4	0	1	5	0	0
19	7192521	.	C	T	10	2	12	0	0	12	0	0
19	7515480	.	A	G	35	7	42	0	0	42	0	0
19	8868449	.	A	G	10	2	12	0	0	12	0	0
19	10223060	.	T	C	24	69	93	0	2	95	0	0
19	10886122	.	A	G	2	3	5	0	0	5	0	0
19	10886159	.	A	G	4	2	6	0	0	6	0	0
19	12441626	.	A	G	30	3	33	0	0	33	0	0
19	12441673	.	A	G	25	4	29	0	0	29	0	0
19	41818939	.	A	G	13	2	15	0	0	15	0	0
19	43429365	.	A	G	15	3	18	0	1	19	0	0
19	43429601	.	A	G	14	13	27	0	1	28	0	0
19	43429686	.	A	G	44	9	53	0	2	55	0	0
19	43429753	.	A	G	33	9	42	0	0	42	0	0
19	44993669	.	T	C	44	11	55	0	1	56	0	0
19	44993727	.	T	C	47	11	58	0	2	60	0	0
19	46269407	.	A	G	5	2	7	0	1	8	0	0
19	59447523	.	A	C	2	2	4	0	0	4	0	0
19	59447529	.	A	C	3	2	5	0	0	5	0	0
19	60765148	.	A	G	47	38	85	0	0	85	0	0
2	5025849	.	T	C	19	3	22	0	0	22	0	0
2	5902666	.	T	C	3	2	5	0	0	5	0	0
2	10257081	.	A	G	12	2	14	0	0	14	0	0
2	14152860	.	A	G	37	7	44	0	2	46	0	0
2	22479078	.	A	C	1	2	3	12	1	16	0	0
2	22479475	.	A	G	1	2	3	2	2	7	0	0
2	26846568	.	T	C	10	2	12	0	0	12	0	0
2	27153632	.	T	C	9	3	12	0	0	12	0	0
2	27153718	.	T	C	7	3	10	0	1	11	0	0
2	31937444	.	A	G	15	3	18	0	0	18	0	0
2	32175384	.	T	C	3	2	5	0	0	5	0	0
2	32196762	.	A	G	66	12	78	0	2	80	0	0
2	38614155	.	T	C	4	3	7	0	0	7	0	0
2	91043632	.	A	G	39	13	52	0	0	52	0	0
2	104511430	.	T	C	15	3	18	0	0	18	0	0
2	112185846	.	A	G	3	4	7	0	0	7	0	0
2	112185852	.	A	G	5	2	7	0	0	7	0	0
2	118700801	.	A	G	8	2	10	0	0	10	0	0
2	121374368	.	A	G	4	2	6	0	0	6	0	0
2	130715901	.	T	C	3	3	6	0	0	6	0	0
2	132151800	.	A	G	54	293	347	0	3	350	0	0
2	152114942	.	A	G	3	12	15	0	0	15	0	0
2	152115260	.	A	G	10	2	12	0	0	12	0	0
2	153108264	.	A	G	10	2	12	0	0	12	0	0
2	154379850	.	A	G	46	6	52	0	0	52	0	0
2	155980520	.	T	C	1	4	5	0	0	5	0	0
2	157400030	.	T	C	97	16	113	4	2	119	0	0
2	158225545	.	A	G	445	63	508	0	7	515	0	0
2	158226873	.	A	G	98	391	489	0	7	496	0	0
2	163309459	.	T	C	6	13	19	0	0	19	0	0
2	164953669	.	T	C	37	5	42	0	1	43	0	0
2	164953773	.	T	C	31	7	38	0	1	39	0	0
2	169913325	.	A	G	1	5	6	0	1	7	0	0
2	169913421	.	A	G	9	4	13	0	0	13	0	0
2	174169694	.	A	G	114	21	135	0	2	137	0	0
3	19278361	.	T	C	11	2	13	0	0	13	0	0
3	19279149	.	T	C	10	2	12	0	0	12	0	0
3	32636549	.	T	C	17	3	20	0	0	20	0	0
3	40748697	.	A	G	41	5	46	12	0	58	0	0
3	40781887	.	A	T	3	1	4	0	1	5	0	0
3	54706896	.	A	G	22	3	25	0	0	25	0	0
3	65866372	.	A	G	5	3	8	0	0	8	0	0
3	65866425	.	A	G	11	3	14	0	0	14	0	0
3	80599593	.	T	C	24	52	76	0	0	76	0	0
3	80613850	.	T	C	32	4	36	0	0	36	0	0
3	80614159	.	T	C	14	16	30	0	1	31	0	0
3	80614215	.	T	C	143	56	199	0	1	200	0	0
3	85463819	.	T	C	1	3	4	0	0	4	0	0
3	88259549	.	A	G	9	3	12	0	0	12	0	0
3	94794244	.	T	A	11	4	15	0	0	15	0	0
3	94794245	.	G	A	10	4	14	0	0	14	0	0
3	95089361	.	G	T	5	1	6	0	0	6	0	0
3	95089363	.	G	T	7	1	8	0	0	8	0	0
3	95091560	.	T	C	23	3	26	0	0	26	0	0
3	95547135	.	A	G	9	3	12	0	0	12	0	0
3	96539776	.	A	G	5	30	35	0	1	36	0	0
3	96540029	.	A	G	27	4	31	0	1	32	0	0
3	102973406	.	A	G	34	5	39	0	2	41	0	0
3	104835351	.	A	G	1	5	6	0	0	6	0	0
3	104835352	.	A	G	4	2	6	0	0	6	0	0
3	110050724	.	G	T	4	2	6	0	1	7	0	0
3	110050726	.	C	T	4	0	4	0	3	7	0	0
3	133945706	.	A	G	6	2	8	0	1	10	1	0
3	135112631	.	T	C	59	12	71	0	1	72	0	0
3	138265030	.	A	G	18	4	22	0	1	23	0	0
3	152090793	.	A	G	3	2	5	0	0	5	0	0
4	21836550	.	A	G	48	6	54	0	0	54	0	0
4	33019420	.	A	G	92	32	124	0	5	129	0	0
4	33020417	.	A	G	78	78	156	0	3	159	0	0
4	41518514	.	T	C	254	45	299	0	7	306	0	0
4	62342224	.	A	G	21	4	25	0	0	25	0	0
4	69843940	.	T	C	8	2	10	160	0	170	0	0
4	79922036	.	T	C	1	2	3	0	0	3	0	0
4	82212633	.	G	A	13	3	16	0	1	17	0	0
4	86495344	.	G	T	63	18	81	0	2	83	0	0
4	103021909	.	A	G	17	3	20	0	3	23	0	0
4	108198313	.	A	G	4	5	9	0	0	9	0	0
4	108491569	.	T	C	7	2	9	0	0	9	0	0
4	118484005	.	A	G	11	17	28	0	0	28	0	0
4	118484020	.	A	G	29	5	34	0	2	36	0	0
4	118484072	.	A	G	22	4	26	0	1	27	0	0
4	119080668	.	T	C	11	4	15	0	1	16	0	0
4	119080724	.	T	C	12	4	16	0	2	18	0	0
4	124838094	.	A	G	6	11	17	0	0	17	0	0
4	125982944	.	A	G	10	11	21	0	0	21	0	0
4	125982989	.	A	G	20	4	24	0	0	24	0	0
4	129321134	.	C	G	8	2	10	0	0	10	0	0
4	131679966	.	T	C	24	6	30	0	1	31	0	0
4	133151007	.	G	A	2	2	4	0	0	4	0	0
4	133151009	.	T	A	2	3	5	0	0	5	0	0
4	133328818	.	A	G	4	2	6	0	0	6	0	0
4	133389520	.	T	C	5	6	11	0	0	11	0	0
4	137954192	.	A	G	2	3	5	0	0	5	0	0
4	137987341	.	A	G	96	14	110	0	2	113	1	0
4	137987354	.	A	G	80	30	110	0	3	113	0	0
4	140678893	.	A	G	14	7	21	1	0	22	0	0
4	147907821	.	T	C	2	2	4	0	0	4	0	0
4	148393330	.	A	G	1	2	3	0	0	3	0	0
4	148528757	.	G	A	10	2	12	0	0	12	0	0
4	149203211	.	A	G	26	3	29	0	2	31	0	0
4	149552818	.	T	C	1	3	4	0	0	4	0	0
4	155706828	.	A	G	10	7	17	1	3	21	0	0
4	156095123	.	A	G	93	55	148	0	4	152	0	0
4	156294001	.	A	G	3	2	5	0	0	5	0	0
5	22733550	.	C	T	1	3	4	7	0	11	0	0
5	22930972	.	G	A	1	2	3	15	1	19	0	0
5	23749502	.	T	C	2	1	3	0	1	4	0	0
5	24649635	.	T	C	27	5	32	1	1	34	0	0
5	33149755	.	A	G	15	2	17	0	0	17	0	0
5	35767612	.	G	A	5	2	7	0	1	8	0	0
5	65605388	.	T	C	52	18	70	1	4	75	0	0
5	65605389	.	T	C	39	26	65	1	6	72	0	0
5	65765485	.	A	G	7	2	9	3	0	12	0	0
5	77555578	.	T	C	6	23	29	1	1	31	0	0
5	109823592	.	A	G	3	2	5	2	0	7	0	0
5	110081429	.	C	T	3	4	7	0	2	9	0	0
5	110081431	.	C	T	3	4	7	0	1	8	0	0
5	111602747	.	C	T	5	5	10	1	3	14	0	0
5	115437319	.	T	C	11	3	14	0	0	14	0	0
5	121683511	.	T	C	15	7	22	0	0	22	0	0
5	121683667	.	T	C	21	3	24	0	0	24	0	0
5	121683725	.	T	C	7	2	9	0	2	11	0	0
5	121997242	.	C	A	2	2	4	0	0	4	0	0
5	123386729	.	A	G	17	5	22	0	1	23	0	0
5	123880062	.	T	C	4	3	7	0	0	7	0	0
5	125534541	.	A	G	68	35	103	0	0	103	0	0
5	129795880	.	A	G	23	4	27	0	0	27	0	0
5	129798517	.	A	G	21	6	27	0	0	27	0	0
5	130014307	.	A	G	78	17	95	0	1	96	0	0
5	132570854	.	T	A	4	4	8	0	0	8	0	0
5	135192160	.	A	G	9	2	11	0	0	11	0	0
5	135193588	.	A	G	5	2	7	0	0	7	0	0
5	135193855	.	A	G	2	3	5	0	0	5	0	0
5	135437709	.	T	C	26	7	33	0	0	33	0	0
5	135437715	.	T	C	23	7	30	0	0	30	0	0
5	136941953	.	A	G	77	27	104	0	2	106	0	0
5	139959977	.	T	C	2	1	3	0	1	5	1	0
5	142655047	.	A	G	103	22	125	0	1	126	0	0
5	143751066	.	A	G	9	8	17	0	0	17	0	0
5	143840226	.	A	G	6	6	12	0	0	12	0	0
6	29713997	.	A	G	3	3	6	0	0	6	0	0
6	31492600	.	A	G	14	2	16	0	2	18	0	0
6	31492602	.	A	G	9	7	16	0	3	19	0	0
6	37783131	.	C	T	0	2	2	9	8	19	0	0
6	37847782	.	A	G	16	3	19	0	0	19	0	0
6	39312088	.	T	C	23	8	31	0	0	31	0	0
6	39312096	.	T	C	26	9	35	0	1	36	0	0
6	47848942	.	A	G	12	4	16	0	1	17	0	0
6	47849226	.	A	G	6	4	10	0	0	10	0	0
6	49231811	.	T	C	17	6	23	0	0	23	0	0
6	49231812	.	T	C	15	9	24	0	1	25	0	0
6	49233394	.	T	C	14	3	17	0	0	17	0	0
6	65687724	.	A	G	8	2	10	0	0	10	0	0
6	66517065	.	A	G	5	2	7	0	0	7	0	0
6	66517625	.	A	G	3	8	11	0	0	11	0	0
6	66517635	.	A	G	6	5	11	0	0	11	0	0
6	87791783	.	T	C	9	2	11	0	0	11	0	0
6	87890574	.	G	A	7	2	9	0	0	9	0	0
6	90965601	.	T	C	10	4	14	1	0	15	0	0
6	116610677	.	T	C	4	2	6	0	1	7	0	0
6	122716319	.	T	C	2	3	5	0	0	5	0	0
6	124717185	.	T	C	4	2	6	0	0	6	0	0
6	125127623	.	A	G	4	3	7	0	0	7	0	0
6	126619121	.	T	C	71	20	91	0	5	96	0	0
6	134826525	.	A	G	3	2	5	0	0	5	0	0
6	148792002	.	T	C	1	2	3	0	0	3	0	0
6	149236756	.	A	G	10	3	13	0	0	13	0	0
7	3463600	.	A	G	95	18	113	0	1	114	0	0
7	12600489	.	T	C	1	2	3	0	0	3	0	0
7	12601882	.	T	C	1	0	1	0	2	3	0	0
7	12706157	.	A	G	8	3	11	0	0	11	0	0
7	12707543	.	A	G	7	2	9	0	0	9	0	0
7	16195237	.	T	C	4	3	7	1	0	8	0	0
7	16566548	.	G	A	1	7	8	0	0	8	0	0
7	16619272	.	A	G	5	48	53	0	1	54	0	0
7	16619450	.	A	G	27	5	32	0	1	33	0	0
7	16619714	.	A	G	54	25	79	0	1	80	0	0
7	16767929	.	C	T	1	4	5	0	0	5	0	0
7	16788727	.	C	A	1	4	5	0	0	5	0	0
7	18696483	.	T	C	27	19	46	0	3	49	0	0
7	18872709	.	T	C	6	1	7	0	1	8	0	0
7	18873733	.	T	C	8	7	15	0	0	15	0	0
7	19023012	.	A	G	1	2	3	0	0	3	0	0
7	19240036	.	T	C	8	2	10	0	1	11	0	0
7	19638449	.	T	A	2	6	8	0	0	8	0	0
7	19638461	.	T	A	5	3	8	0	0	8	0	0
7	23875377	.	A	T	1	5	6	0	0	6	0	0
7	23933876	.	G	A	1	7	8	12	0	20	0	0
7	26904993	.	A	G	1	6	7	0	0	7	0	0
7	26905060	.	A	G	6	8	14	0	0	14	0	0
7	26905125	.	A	G	10	3	13	0	0	13	0	0
7	27227593	.	T	C	51	10	61	0	0	61	0	0
7	27520956	.	A	G	3	4	7	0	0	7	0	0
7	27663968	.	C	T	1	6	7	4	0	11	0	0
7	28922523	.	T	C	4	2	6	0	1	7	0	0
7	29543100	.	A	G	3	2	5	0	0	5	0	0
7	43175443	.	T	C	7	2	9	0	1	10	0	0
7	45032973	.	T	C	5	4	9	0	0	9	0	0
7	58972333	.	T	C	1	3	4	0	0	4	0	0
7	72639082	.	A	G	2	2	4	0	0	4	0	0
7	80039596	.	T	A	4	0	4	0	3	7	0	0
7	81180363	.	A	G	4	2	6	0	0	6	0	0
7	81520108	.	A	G	3	2	5	0	0	5	0	0
7	81521958	.	A	G	8	2	10	0	0	10	0	0
7	83274886	.	T	C	7	3	10	0	0	10	0	0
7	98969304	.	A	G	19	4	23	0	0	23	0	0
7	103994110	.	A	C	0	2	2	1	0	3	0	0
7	121306558	.	T	C	28	10	38	0	0	38	0	0
7	123582585	.	A	G	25	7	32	0	1	33	0	0
7	126853494	.	A	G	49	9	58	0	0	58	0	0
7	126853784	.	A	G	64	9	73	0	1	74	0	0
7	139715633	.	A	G	2	2	4	0	1	5	0	0
7	139715640	.	A	G	0	3	3	0	0	3	0	0
7	139716520	.	A	G	4	2	6	0	0	6	0	0
7	140454841	.	T	C	1	2	3	0	0	3	0	0
7	140916604	.	A	G	33	9	42	0	2	44	0	0
7	142207010	.	T	C	20	15	35	0	0	35	0	0
8	14140659	.	G	A	32	5	37	0	0	37	0	0
8	14140661	.	A	C	27	5	32	0	0	32	0	0
8	19741629	.	C	T	3	3	6	13	0	19	0	0
8	20030843	.	C	T	19	3	22	5	0	27	0	0
8	20030855	.	G	A	15	2	17	5	0	22	0	0
8	20157964	.	A	G	8	5	13	64	0	77	0	0
8	20698008	.	A	T	19	5	24	13	0	37	0	0
8	20717395	.	T	A	6	2	8	36	0	44	0	0
8	20721217	.	A	G	11	3	14	33	0	47	0	0
8	20727130	.	G	A	41	13	54	9	0	63	0	0
8	22919432	.	C	A	12	2	14	0	0	14	0	0
8	23432483	.	G	A	5	2	7	0	1	8	0	0
8	26303772	.	T	C	7	2	9	0	0	9	0	0
8	42700052	.	A	G	3	4	7	5	0	12	0	0
8	42700188	.	T	C	1	3	4	2	0	6	0	0
8	69766592	.	A	G	11	2	13	0	0	13	0	0
8	71826392	.	A	G	5	2	7	0	0	7	0	0
8	71943917	.	T	A	5	1	6	0	0	6	0	0
8	72935941	.	A	G	2	2	4	0	0	4	0	0
8	72977426	.	A	G	15	30	45	0	1	46	0	0
8	73269626	.	T	C	2	6	8	0	0	8	0	0
8	73269630	.	T	C	2	6	8	0	0	8	0	0
8	84977744	.	T	C	10	3	13	0	0	13	0	0
8	85684004	.	T	C	13	3	16	0	0	16	0	0
8	104986580	.	A	G	1	3	4	0	0	4	0	0
8	110817217	.	A	G	31	7	38	0	0	38	0	0
8	111731758	.	T	C	25	3	28	0	2	30	0	0
8	120486932	.	T	C	7	3	10	0	0	10	0	0
8	120535961	.	C	T	2	2	4	0	0	4	0	0
8	124261954	.	A	G	5	3	8	0	0	8	0	0
8	125620861	.	T	C	36	14	50	0	0	50	0	0
8	128086286	.	C	T	9	2	11	0	0	11	0	0
9	3387701	.	A	G	15	2	17	0	0	17	0	0
9	3387716	.	A	G	9	8	17	0	0	17	0	0
9	3387771	.	A	G	17	7	24	0	2	26	0	0
9	4456006	.	T	C	3	7	10	0	0	10	0	0
9	7836792	.	T	C	4	2	6	0	0	6	0	0
9	8022080	.	T	C	14	2	16	0	0	16	0	0
9	20781697	.	A	G	23	4	27	0	0	27	0	0
9	44322503	.	T	C	8	2	10	0	0	10	0	0
9	44827798	.	T	C	3	2	5	0	0	5	0	0
9	45697207	.	C	G	9	1	10	0	0	10	0	0
9	45697208	.	T	A	10	1	11	0	0	11	0	0
9	45747294	.	C	T	1	3	4	0	0	4	0	0
9	52000027	.	T	C	6	2	8	0	0	8	0	0
9	60505480	.	T	A	1	2	3	0	0	3	0	0
9	78076674	.	A	G	16	3	19	0	0	19	0	0
9	89097389	.	G	A	12	2	14	0	1	15	0	0
9	95938130	.	A	G	9	3	12	0	0	12	0	0
9	95939206	.	A	G	25	6	31	0	0	31	0	0
9	95939293	.	A	G	16	3	19	0	0	19	0	0
9	96777818	.	T	C	8	4	12	277	1	290	0	0
9	103062470	.	C	A	7	3	10	0	0	10	0	0
9	103062472	.	C	A	2	4	6	0	0	6	0	0
9	107640487	.	T	C	2	2	4	0	0	4	0	0
9	109659804	.	T	C	10	2	12	0	0	12	0	0
9	117898673	.	G	T	1	0	1	0	2	3	0	0
9	117898677	.	G	T	1	0	1	0	2	3	0	0
9	123349983	.	A	G	11	3	14	0	1	15	0	0
9	124033039	.	T	G	6	2	8	0	0	8	0	0
9	124033057	.	G	T	4	2	6	0	0	6	0	0
9	124034058	.	T	G	25	4	29	1	0	30	0	0
X	7773342	.	A	G	9	3	12	0	0	12	0	0
X	7774376	.	A	G	5	3	8	0	0	8	0	0
X	35462802	.	T	C	9	2	11	0	1	12	0	0
X	40743165	.	A	G	1	7	8	0	0	8	0	0
X	55633003	.	T	C	35	12	47	0	0	47	0	0
X	56429832	.	C	A	19	3	22	0	3	25	0	0
X	60231705	.	A	G	18	9	27	0	0	27	0	0
X	73270255	.	T	C	9	4	13	0	1	14	0	0
X	73270256	.	T	C	4	9	13	0	0	13	0	0
X	73270468	.	T	C	2	13	15	0	2	17	0	0
X	102620158	.	T	C	5	7	12	0	0	12	0	0
X	102620159	.	T	C	5	7	12	0	0	12	0	0
X	102623385	.	T	C	14	3	17	0	1	18	0	0
X	102623421	.	T	C	6	2	8	0	1	9	0	0
X	102625172	.	T	C	9	1	10	0	1	11	0	0
X	135950573	.	A	G	9	2	11	0	0	11	0	0
X	145978689	.	A	G	49	10	59	0	1	60	0	0
X	149766871	.	T	C	32	10	42	0	6	48	0	0
X	149767614	.	T	C	103	84	187	1	5	193	0	0
X	159360986	.	A	G	21	3	24	0	2	26	0	0
X	162761028	.	T	C	3	4	7	0	0	7	0	0
X	162761029	.	T	C	5	2	7	0	0	7	0	0
X	164973085	.	G	A	6	3	9	0	0	9	0	0
X	165351420	.	T	C	3	2	5	0	0	5	0	0
