contig	position	variantID	refAllele	altAllele	refCount	altCount	totalCount	lowMAPQDepth	lowBaseQDepth	rawDepth	otherBases	improperPairs
1	13696013	.	T	C	4	2	6	6	0	12	0	0
1	16717060	.	T	C	8	7	15	0	0	15	0	0
1	22031785	.	T	C	5	10	15	0	0	15	0	0
1	36405381	.	T	C	5	2	7	0	0	7	0	0
1	39696041	.	A	G	6	2	8	0	0	8	0	0
1	42736417	.	G	A	1	2	3	0	1	4	0	0
1	51507771	.	T	C	1	2	3	0	0	3	0	0
1	57079608	.	T	C	9	2	11	0	0	11	0	0
1	57982191	.	A	C	3	1	4	0	0	4	0	0
1	58425292	.	T	C	6	2	8	0	0	8	0	0
1	59756998	.	A	G	12	2	14	0	0	14	0	0
1	59913367	.	A	G	49	18	67	0	0	67	0	0
1	60517747	.	A	G	32	17	49	0	6	55	0	0
1	63348617	.	T	C	1	1	2	0	0	2	0	0
1	66711873	.	A	G	89	46	135	0	5	140	0	0
1	75398649	.	A	G	19	5	24	0	1	25	0	0
1	75398708	.	A	G	3	16	19	0	3	22	0	0
1	82214734	.	A	G	3	2	5	0	0	5	0	0
1	84883650	.	T	C	10	2	12	0	1	13	0	0
1	86275650	.	T	C	20	3	23	0	0	23	0	0
1	86275689	.	T	C	24	4	28	0	5	33	0	0
1	86276528	.	T	C	13	5	18	0	0	18	0	0
1	88189707	.	C	T	2	3	5	0	0	5	0	0
1	88189784	.	A	G	1	2	3	0	0	3	0	0
1	88190921	.	C	T	1	4	5	0	0	5	0	0
1	88191237	.	A	C	13	25	38	0	3	41	0	0
1	88191281	.	A	G	36	7	43	0	3	46	0	0
1	88191311	.	T	C	5	42	47	0	0	47	0	0
1	88191320	.	C	T	16	28	44	0	2	46	0	0
1	88191706	.	G	A	26	7	33	0	0	33	0	0
1	88191710	.	T	C	15	16	31	0	0	31	0	0
1	88191744	.	C	A	20	5	25	0	0	25	0	0
1	88191864	.	G	T	30	11	41	0	1	42	0	0
1	88192008	.	C	T	46	13	59	0	3	62	0	0
1	88192037	.	T	A	3	24	27	0	0	27	0	0
1	88192048	.	G	C	9	32	41	0	0	41	0	0
1	88192098	.	G	A	45	8	53	0	1	54	0	0
1	88192180	.	G	T	46	8	54	0	4	58	0	0
1	88192184	.	T	A	50	10	60	0	1	61	0	0
1	88192243	.	A	G	11	20	31	0	1	32	0	0
1	88192700	.	G	A	7	23	30	0	2	32	0	0
1	88192756	.	G	A	8	23	31	0	1	32	0	0
1	88192844	.	G	A	3	19	22	0	0	22	0	0
1	88193031	.	C	G	11	9	20	0	0	20	0	0
1	88193194	.	C	T	3	4	7	3	0	10	0	0
1	88193568	.	A	C	1	3	4	40	0	44	0	0
1	88193917	.	G	A	5	13	18	12	0	30	0	0
1	88194314	.	C	A	33	6	39	0	1	40	0	0
1	88197053	.	T	C	0	3	3	0	0	3	0	0
1	88197991	.	A	G	5	30	35	0	1	36	0	0
1	88197996	.	C	T	4	32	36	0	0	36	0	0
1	88200670	.	G	A	1	12	13	0	0	13	0	0
1	88200718	.	C	A	1	5	6	0	0	6	0	0
1	88200832	.	C	T	2	9	11	0	0	11	0	0
1	88202664	.	A	G	1	2	3	2	0	5	0	0
1	88202772	.	A	T	2	0	2	1	0	3	0	0
1	88204960	.	T	C	1	2	3	2	0	5	0	0
1	133065748	.	A	G	25	6	31	0	1	32	0	0
1	156255182	.	T	C	4	16	20	0	0	20	0	0
1	156255601	.	T	C	5	2	7	0	0	7	0	0
1	156468972	.	C	G	1	3	4	0	1	5	0	0
1	160842749	.	T	C	6	2	8	0	0	8	0	0
1	165058782	.	T	C	4	4	8	0	0	8	0	0
1	165058785	.	T	C	3	4	7	0	0	7	0	0
1	178779916	.	T	C	8	2	10	0	0	10	0	0
1	180924020	.	T	C	16	6	22	0	1	23	0	0
1	183105229	.	A	G	13	3	16	0	0	16	0	0
1	183105230	.	A	G	16	2	18	0	0	18	0	0
1	183190594	.	A	G	10	4	14	0	1	15	0	0
1	183190595	.	A	G	13	2	15	0	1	16	0	0
1	191633802	.	T	C	1	2	3	0	0	3	0	0
10	7524278	.	T	C	5	2	7	0	0	7	0	0
10	9500826	.	C	T	7	2	9	0	0	9	0	0
10	49118546	.	T	C	10	2	12	0	0	12	0	0
10	49118584	.	T	C	6	9	15	0	1	16	0	0
10	49118640	.	T	C	7	3	10	0	0	10	0	0
10	49148872	.	T	C	3	28	31	0	0	31	0	0
10	49148885	.	T	C	5	24	29	0	0	29	0	0
10	57383252	.	A	G	3	2	5	0	0	5	0	0
10	57383263	.	A	G	3	2	5	0	0	5	0	0
10	57391874	.	C	T	10	3	13	0	1	14	0	0
10	79593391	.	A	G	3	2	5	0	0	5	0	0
10	79593482	.	A	G	5	2	7	0	0	7	0	0
10	81557874	.	C	T	1	2	3	1	0	4	0	0
10	82486613	.	T	C	17	3	20	0	0	20	0	0
10	88309398	.	G	A	5	2	7	0	0	7	0	0
10	93800442	.	T	C	4	3	7	0	0	7	0	0
10	93801873	.	T	C	11	2	13	0	0	13	0	0
10	94057224	.	A	G	8	8	16	0	0	16	0	0
10	94057234	.	A	G	9	3	12	0	0	12	0	0
10	126903751	.	T	C	78	11	89	0	1	90	0	0
10	128031996	.	A	G	2	2	4	0	0	4	0	0
10	128032031	.	A	G	2	2	4	0	0	4	0	0
10	128032764	.	A	G	2	3	5	0	0	5	0	0
10	128720102	.	A	C	5	2	7	0	5	12	0	0
10	128720108	.	A	C	6	1	7	0	4	11	0	0
11	5919668	.	A	T	5	2	7	0	0	7	0	0
11	43572939	.	A	G	5	4	9	0	0	9	0	0
11	43573016	.	A	G	3	2	5	0	0	5	0	0
11	46163470	.	T	C	61	307	368	0	9	377	0	0
11	51632004	.	A	G	1	2	3	0	0	3	0	0
11	54730814	.	T	C	11	3	14	0	0	14	0	0
11	59678220	.	A	G	1	1	2	0	1	3	0	0
11	60623200	.	C	T	4	2	6	0	2	8	0	0
11	69922901	.	A	G	6	8	14	0	0	14	0	0
11	69927869	.	A	G	2	4	6	0	1	7	0	0
11	69937302	.	A	G	5	1	6	0	2	8	0	0
11	69937661	.	T	C	11	2	13	0	0	13	0	0
11	75067258	.	T	C	33	11	44	0	0	44	0	0
11	77426880	.	T	C	36	7	43	0	1	44	0	0
11	78187443	.	A	G	3	3	6	0	0	6	0	0
11	78736647	.	A	G	11	3	14	0	0	14	0	0
11	83189424	.	T	G	1	1	2	0	1	3	0	0
11	83978221	.	T	C	1	2	3	0	0	3	0	0
11	87014114	.	A	G	10	3	13	0	0	13	0	0
11	94431318	.	T	C	14	9	23	0	0	23	0	0
11	94431502	.	T	C	4	3	7	0	0	7	0	0
11	94431842	.	T	C	8	4	12	0	0	12	0	0
11	95938019	.	A	G	3	2	5	0	0	5	0	0
11	97598717	.	A	G	2	2	4	0	0	4	0	0
11	98736061	.	A	G	9	2	11	0	0	11	0	0
11	99569928	.	G	A	1	1	2	0	1	3	0	0
11	100329322	.	T	C	4	2	6	0	0	6	0	0
11	100954541	.	G	A	11	2	13	0	0	13	0	0
11	101089557	.	T	C	13	6	19	0	0	19	0	0
11	101089802	.	T	C	9	5	14	0	1	15	0	0
11	116303813	.	T	C	17	4	21	0	0	21	0	0
11	116471963	.	T	C	12	27	39	0	2	41	0	0
12	3454168	.	A	G	50	5	55	11	2	68	0	0
12	3454248	.	A	G	13	43	56	10	3	69	0	0
12	17479809	.	A	G	9	12	21	0	0	21	0	0
12	46747117	.	T	C	30	18	48	0	0	48	0	0
12	54718540	.	T	C	21	7	28	0	0	28	0	0
12	54719070	.	T	C	26	4	30	0	0	30	0	0
12	54719142	.	T	C	26	4	30	0	1	31	0	0
12	55102739	.	T	C	3	2	5	0	1	6	0	0
12	65091799	.	A	G	3	1	4	0	1	5	0	0
12	65091803	.	A	G	4	2	6	0	0	6	0	0
12	65113982	.	T	C	3	5	8	0	0	8	0	0
12	69244102	.	A	G	7	3	10	0	0	10	0	0
12	71041403	.	A	G	7	31	38	0	0	38	0	0
12	71041945	.	A	G	17	7	24	0	2	26	0	0
12	73975614	.	A	G	4	3	7	0	0	7	0	0
12	75677928	.	A	G	1	2	3	1	1	5	0	0
12	84969484	.	T	C	2	2	4	0	0	4	0	0
12	101887890	.	T	C	22	3	25	0	0	25	0	0
12	108993691	.	A	G	7	2	9	0	1	10	0	0
12	109511197	.	C	A	19	3	22	0	20	42	0	0
12	109552521	.	A	G	4	4	8	0	0	8	0	0
12	109706996	.	A	G	8	2	10	0	1	11	0	0
13	8901801	.	T	C	13	4	17	1	0	18	0	0
13	14225628	.	T	C	22	9	31	0	1	32	0	0
13	14226674	.	T	C	41	9	50	0	0	50	0	0
13	14228102	.	T	C	18	7	25	0	0	25	0	0
13	15989053	.	T	C	1	2	3	0	0	3	0	0
13	17978854	.	T	C	12	2	14	0	0	14	0	0
13	17979133	.	T	C	5	9	14	0	1	15	0	0
13	21574169	.	T	C	4	3	7	0	1	8	0	0
13	21574188	.	T	C	7	6	13	0	2	15	0	0
13	25389897	.	T	C	5	2	7	0	0	7	0	0
13	59757011	.	A	G	1	3	4	0	0	4	0	0
13	63448526	.	A	G	6	2	8	0	0	8	0	0
13	64437994	.	T	C	11	3	14	0	0	14	0	0
13	64438124	.	T	C	8	6	14	0	0	14	0	0
13	64438165	.	T	C	9	2	11	0	0	11	0	0
13	65214229	.	G	A	8	4	12	0	0	12	0	0
13	67967765	.	T	C	1	2	3	0	0	3	0	0
13	74508407	.	A	G	7	4	11	0	0	11	0	0
13	92577452	.	G	A	10	1	11	0	4	15	0	0
13	107861323	.	C	T	8	6	14	0	4	18	0	0
13	119625401	.	G	T	20	6	26	0	1	27	0	0
14	9647289	.	A	G	57	8	65	0	4	69	0	0
14	10058181	.	A	G	114	30	144	0	1	145	0	0
14	14533725	.	T	C	0	10	10	0	2	12	0	0
14	14533732	.	T	C	10	2	12	0	0	12	0	0
14	20517408	.	T	C	4	4	8	0	0	8	0	0
14	21846832	.	A	G	20	29	49	0	0	49	0	0
14	21846833	.	A	G	41	7	48	0	1	49	0	0
14	21847779	.	A	G	49	15	64	0	1	65	0	0
14	29788070	.	T	C	16	4	20	0	0	20	0	0
14	29788078	.	T	C	15	7	22	0	1	23	0	0
14	32018582	.	A	G	28	11	39	0	0	39	0	0
14	45595722	.	A	G	1	2	3	0	0	3	0	0
14	47559730	.	A	T	10	2	12	4	5	23	2	0
14	51013458	.	T	C	9	2	11	0	0	11	0	0
14	55658167	.	A	G	1	2	3	0	0	3	0	0
14	55749057	.	A	G	8	2	10	0	0	10	0	0
14	55824926	.	C	T	3	2	5	1	0	6	0	0
14	58064703	.	G	T	3	2	5	0	1	6	0	0
14	65291200	.	A	G	15	3	18	0	20	38	0	0
14	67978973	.	A	T	6	0	6	0	2	8	0	0
14	87654117	.	C	T	7	2	9	0	0	9	0	0
14	99551712	.	G	T	4	2	6	0	2	8	0	0
14	101681499	.	G	A	5	1	6	0	0	6	0	0
14	101681500	.	C	T	5	1	6	0	0	6	0	0
14	103584115	.	T	C	21	20	41	0	1	42	0	0
14	119113824	.	G	A	7	3	10	0	2	12	0	0
14	121273016	.	A	G	7	8	15	0	0	15	0	0
14	123864295	.	C	T	15	11	26	0	1	27	0	0
15	8187674	.	A	G	3	4	7	0	0	7	0	0
15	8188973	.	A	G	1	4	5	0	1	6	0	0
15	34440663	.	A	G	1	2	3	0	0	3	0	0
15	55118295	.	A	G	13	4	17	0	0	17	0	0
15	58044207	.	C	T	4	0	4	0	3	7	0	0
15	66158075	.	T	C	15	4	19	0	0	19	0	0
15	76316680	.	A	G	1	2	3	0	0	3	0	0
15	76426173	.	A	G	3	2	5	0	0	5	0	0
15	79571382	.	G	A	31	8	39	1	5	45	0	0
15	81799307	.	G	A	32	10	42	0	7	49	0	0
15	98634993	.	T	C	12	28	40	0	2	42	0	0
15	98731431	.	T	C	25	5	30	0	1	31	0	0
15	98932415	.	C	T	0	2	2	159	0	161	0	0
15	98935332	.	C	T	1	2	3	188	0	191	0	0
15	99142536	.	T	C	10	7	17	3	0	20	0	0
15	99626091	.	A	G	6	2	8	0	0	8	0	0
15	102147263	.	T	A	2	1	3	0	0	3	0	0
16	3680985	.	T	C	14	2	16	0	1	17	0	0
16	3907278	.	T	C	2	2	4	0	0	4	0	0
16	4444240	.	T	C	2	3	5	0	0	5	0	0
16	10891391	.	T	C	2	13	15	1	9	25	0	0
16	13283445	.	A	G	1	1	2	0	1	3	0	0
16	13520445	.	A	G	19	4	23	0	0	23	0	0
16	13520501	.	A	G	18	3	21	0	0	21	0	0
16	13650548	.	T	C	1	2	3	1	0	4	0	0
16	17321752	.	A	G	10	5	15	0	0	15	0	0
16	18653678	.	A	G	39	9	48	0	1	49	0	0
16	19942498	.	A	G	37	19	56	0	3	59	0	0
16	32119150	.	A	G	13	17	30	0	0	30	0	0
16	33790130	.	T	C	18	3	21	0	0	21	0	0
16	70288929	.	T	C	14	3	17	0	0	17	0	0
16	87230813	.	T	C	7	3	10	0	0	10	0	0
16	87230814	.	T	C	6	4	10	0	0	10	0	0
16	87737431	.	T	C	2	3	5	0	0	5	0	0
16	91287619	.	A	G	2	1	3	0	1	4	0	0
16	91453021	.	A	G	67	18	85	0	0	85	0	0
17	12639163	.	A	C	1	0	1	0	3	4	0	0
17	15695826	.	T	C	2	3	5	0	0	5	0	0
17	15741073	.	A	G	5	2	7	0	0	7	0	0
17	18050496	.	A	G	2	2	4	0	0	4	0	0
17	18051016	.	C	T	1	2	3	0	0	3	0	0
17	18051017	.	G	T	1	2	3	0	0	3	0	0
17	24397327	.	T	C	8	13	21	0	1	22	0	0
17	27798365	.	C	T	3	2	5	0	0	5	0	0
17	28811645	.	T	C	4	2	6	0	0	6	0	0
17	33015057	.	T	C	13	2	15	0	0	15	0	0
17	33552004	.	T	C	7	7	14	0	0	14	0	0
17	34147531	.	A	G	19	3	22	0	0	22	0	0
17	34891011	.	C	G	1	1	2	0	0	2	0	0
17	36241623	.	A	T	19	2	21	1	1	23	0	0
17	36316655	.	T	C	10	2	12	0	1	13	0	0
17	36580351	.	T	C	6	2	8	0	0	8	0	0
17	36580955	.	T	C	5	2	7	0	0	7	0	0
17	40158498	.	T	C	3504	4480	7984	8	140	8495	363	0
17	40159543	.	T	C	37	247	284	1	6	291	0	0
17	45973875	.	T	C	34	76	110	0	4	114	0	0
17	52159353	.	A	G	3	3	6	0	0	6	0	0
17	69589485	.	G	T	5	1	6	0	2	8	0	0
17	95067479	.	T	C	18	10	28	0	0	28	0	0
17	95068552	.	T	C	29	8	37	0	0	37	0	0
17	95183584	.	T	C	1	2	3	0	0	3	0	0
17	95183592	.	A	G	2	3	5	0	0	5	0	0
18	4198498	.	C	T	1	3	4	7	0	11	0	0
18	6792802	.	A	G	13	7	20	0	0	20	0	0
18	24097662	.	A	C	10	4	14	0	2	16	0	0
18	24097917	.	A	G	7	4	11	0	0	11	0	0
18	25155686	.	A	G	1	1	2	0	0	2	0	0
18	32235930	.	A	G	5	6	11	0	0	11	0	0
18	32561134	.	A	G	28	10	38	0	0	38	0	0
18	35807586	.	T	C	59	11	70	0	1	71	0	0
18	36639279	.	A	T	10	1	11	0	3	14	0	0
19	3916452	.	A	G	20	4	24	0	0	24	0	0
19	3917362	.	A	G	7	4	11	1	1	13	0	0
19	3940209	.	A	G	2	2	4	0	0	4	0	0
19	4813117	.	T	C	5	2	7	0	0	7	0	0
19	4813159	.	T	C	1	2	3	0	0	3	0	0
19	5016322	.	A	G	8	4	12	1	0	13	0	0
19	6895771	.	T	C	7	2	9	0	0	9	0	0
19	6895783	.	T	C	3	7	10	0	0	10	0	0
19	7515480	.	A	G	16	3	19	0	0	19	0	0
19	8660724	.	A	G	16	3	19	0	1	20	0	0
19	8900203	.	A	G	2	2	4	0	0	4	0	0
19	10223060	.	T	C	25	47	72	0	2	74	0	0
19	12441626	.	A	G	18	5	23	0	0	23	0	0
19	43429601	.	A	G	16	17	33	0	1	34	0	0
19	43429753	.	A	G	32	7	39	0	1	40	0	0
19	44993669	.	T	C	34	3	37	0	1	38	0	0
19	44993727	.	T	C	36	4	40	0	1	41	0	0
19	47231551	.	A	C	0	2	2	0	0	2	0	0
2	22478196	.	G	A	0	2	2	3	0	5	0	0
2	22478202	.	T	C	1	2	3	4	0	7	0	0
2	27153718	.	T	C	2	3	5	0	0	5	0	0
2	29666798	.	T	C	15	4	19	3	0	22	0	0
2	31937444	.	A	G	15	1	16	0	0	16	0	0
2	32196762	.	A	G	38	6	44	0	1	45	0	0
2	34713402	.	T	C	2	2	4	0	0	4	0	0
2	91043632	.	A	G	36	7	43	1	0	44	0	0
2	104511430	.	T	C	19	5	24	0	0	24	0	0
2	112185846	.	A	G	3	2	5	0	0	5	0	0
2	112185852	.	A	G	2	2	4	0	0	4	0	0
2	121015462	.	A	G	4	2	6	0	0	6	0	0
2	121194220	.	C	A	1	2	3	0	0	3	0	0
2	121194221	.	T	A	1	2	3	0	0	3	0	0
2	125089230	.	G	C	6	1	7	0	0	7	0	0
2	130715901	.	T	C	3	2	5	0	0	5	0	0
2	132151800	.	A	G	41	266	307	0	3	310	0	0
2	135911813	.	G	A	5	2	7	0	3	10	0	0
2	152114942	.	A	G	2	10	12	0	0	12	0	0
2	153108264	.	A	G	6	2	8	0	0	8	0	0
2	154379850	.	A	G	26	5	31	0	0	31	0	0
2	157400030	.	T	C	61	23	84	7	3	94	0	0
2	158225545	.	A	G	319	49	368	0	1	369	0	0
2	158226873	.	A	G	82	313	395	0	7	402	0	0
2	163309459	.	T	C	2	9	11	0	1	12	0	0
2	164953669	.	T	C	36	5	41	0	0	41	0	0
2	164953773	.	T	C	28	10	38	0	0	38	0	0
2	169913421	.	A	G	7	3	10	0	1	11	0	0
2	174169694	.	A	G	89	13	102	0	5	107	0	0
2	177006548	.	G	A	1	10	11	2	0	13	0	0
3	26385911	.	T	C	14	3	17	0	0	17	0	0
3	32636549	.	T	C	18	6	24	0	0	24	0	0
3	40748697	.	A	G	38	12	50	9	1	60	0	0
3	41628528	.	A	G	1	2	3	0	0	3	0	0
3	45388130	.	A	G	16	3	19	0	0	19	0	0
3	54706896	.	A	G	8	3	11	0	0	11	0	0
3	65866372	.	A	G	3	1	4	0	1	5	0	0
3	80599593	.	T	C	17	53	70	0	0	70	0	0
3	80614159	.	T	C	2	8	10	0	0	10	0	0
3	80614215	.	T	C	100	43	143	0	4	147	0	0
3	85463705	.	T	C	3	3	6	0	0	6	0	0
3	88259542	.	A	G	13	2	15	0	0	15	0	0
3	88259549	.	A	G	11	5	16	0	0	16	0	0
3	88259584	.	A	G	5	2	7	0	1	8	0	0
3	89259027	.	T	C	3	2	5	0	0	5	0	0
3	89675221	.	T	C	7	2	9	0	0	9	0	0
3	89680149	.	C	T	10	2	12	0	0	12	0	0
3	94794244	.	T	A	11	3	14	0	0	14	0	0
3	94794245	.	G	A	11	3	14	0	0	14	0	0
3	95091560	.	T	C	8	3	11	0	0	11	0	0
3	96539776	.	A	G	7	23	30	0	1	31	0	0
3	96540029	.	A	G	16	4	20	0	2	22	0	0
3	102973406	.	A	G	28	12	40	0	0	40	0	0
3	103187243	.	A	G	19	3	22	0	1	23	0	0
3	104834685	.	A	G	1	7	8	0	0	8	0	0
3	104835351	.	A	G	2	3	5	0	0	5	0	0
3	104835352	.	A	G	3	2	5	0	0	5	0	0
3	138265030	.	A	G	16	3	19	0	0	19	0	0
3	152090793	.	A	G	3	2	5	0	0	5	0	0
4	21836550	.	A	G	32	4	36	0	0	36	0	0
4	33019420	.	A	G	83	34	117	0	4	121	0	0
4	33020417	.	A	G	66	54	120	0	2	122	0	0
4	41518514	.	T	C	180	36	216	0	4	220	0	0
4	45377142	.	A	G	6	3	9	0	0	9	0	0
4	55081611	.	C	A	12	3	15	0	4	19	0	0
4	62342224	.	A	G	9	4	13	0	1	14	0	0
4	76052327	.	C	T	3	1	4	0	1	5	0	0
4	76052329	.	T	C	4	1	5	0	0	5	0	0
4	86495344	.	G	T	57	15	72	0	2	75	1	0
4	103021909	.	A	G	20	4	24	0	0	24	0	0
4	107700968	.	T	C	5	3	8	0	0	8	0	0
4	107701489	.	A	G	1	2	3	0	0	3	0	0
4	108198313	.	A	G	6	3	9	0	1	10	0	0
4	116409975	.	T	C	5	2	7	0	1	8	0	0
4	118484005	.	A	G	10	22	32	0	0	32	0	0
4	118484020	.	A	G	21	10	31	0	2	33	0	0
4	118484072	.	A	G	9	6	15	0	0	15	0	0
4	119080724	.	T	C	15	2	17	0	1	18	0	0
4	119081410	.	T	C	19	3	22	1	0	23	0	0
4	123127621	.	A	G	1	1	2	0	0	2	0	0
4	124837154	.	A	G	20	4	24	0	0	24	0	0
4	124838094	.	A	G	9	11	20	0	2	22	0	0
4	125982944	.	A	G	8	7	15	0	0	15	0	0
4	125982989	.	A	G	11	4	15	0	0	15	0	0
4	125985458	.	A	G	11	3	14	0	1	15	0	0
4	129107038	.	A	G	2	3	5	0	0	5	0	0
4	131679966	.	T	C	28	5	33	0	0	33	0	0
4	131913925	.	C	A	9	3	12	0	2	14	0	0
4	133389520	.	T	C	3	2	5	0	0	5	0	0
4	137987341	.	A	G	79	18	97	0	3	100	0	0
4	137987354	.	A	G	73	26	99	0	1	100	0	0
4	149202654	.	A	G	19	6	25	0	2	27	0	0
4	149203211	.	A	G	12	7	19	0	0	19	0	0
4	149552818	.	T	C	3	2	5	0	0	5	0	0
4	155705982	.	A	G	14	3	17	0	1	18	0	0
4	155800341	.	A	G	13	2	15	0	0	15	0	0
4	155800978	.	A	G	8	4	12	0	0	12	0	0
4	156095123	.	A	G	61	46	107	0	0	107	0	0
5	3680495	.	T	C	5	2	7	0	0	7	0	0
5	3680498	.	T	C	5	3	8	0	0	8	0	0
5	5833142	.	A	G	2	2	4	6	3	13	0	0
5	22733550	.	C	T	1	2	3	3	0	6	0	0
5	22930543	.	T	C	1	1	2	1	0	3	0	0
5	22930643	.	A	G	1	2	3	3	1	7	0	0
5	23696451	.	A	G	2	2	4	0	0	4	0	0
5	25430722	.	A	G	7	3	10	0	1	11	0	0
5	29435627	.	T	C	18	5	23	0	0	23	0	0
5	29658129	.	A	G	2	3	5	0	0	5	0	0
5	33149755	.	A	G	10	4	14	0	0	14	0	0
5	65605388	.	T	C	44	10	54	0	0	54	0	0
5	65605389	.	T	C	28	23	51	0	3	54	0	0
5	65765485	.	A	G	7	4	11	2	0	13	0	0
5	77555578	.	T	C	5	21	26	0	0	26	0	0
5	109823592	.	A	G	4	2	6	1	2	9	0	0
5	110081429	.	C	T	4	2	6	0	0	6	0	0
5	110081431	.	C	T	5	2	7	0	0	7	0	0
5	111602735	.	C	T	9	4	13	0	3	16	0	0
5	111602747	.	C	T	5	9	14	0	4	18	0	0
5	113058357	.	A	G	4	2	6	0	0	6	0	0
5	114866901	.	T	C	7	2	9	0	2	11	0	0
5	115241332	.	T	C	1	2	3	3	0	6	0	0
5	121662316	.	T	C	5	2	7	0	0	7	0	0
5	121683511	.	T	C	13	3	16	0	1	17	0	0
5	121997242	.	C	A	7	2	9	0	0	9	0	0
5	122312331	.	T	C	4	2	6	118	0	124	0	0
5	122546790	.	A	G	12	4	16	0	0	16	0	0
5	122872763	.	T	C	12	2	14	0	0	14	0	0
5	123386729	.	A	G	9	9	18	0	0	18	0	0
5	123510674	.	G	T	6	4	10	0	0	10	0	0
5	125534541	.	A	G	43	31	74	0	1	75	0	0
5	129795880	.	A	G	20	5	25	0	0	25	0	0
5	130014307	.	A	G	51	8	59	0	0	59	0	0
5	134627305	.	A	G	1	2	3	0	0	3	0	0
5	135193588	.	A	G	2	2	4	0	0	4	0	0
5	135437709	.	T	C	18	12	30	0	2	32	0	0
5	135437715	.	T	C	23	8	31	0	0	31	0	0
5	136941953	.	A	G	71	22	93	1	0	94	0	0
5	138363461	.	G	A	0	1	1	2	2	5	0	0
5	142647038	.	T	C	3	1	4	0	1	5	0	0
5	142647043	.	T	C	2	2	4	0	0	4	0	0
5	142655047	.	A	G	82	22	104	0	1	105	0	0
5	142856760	.	T	C	19	4	23	0	0	23	0	0
5	143751066	.	A	G	11	3	14	0	0	14	0	0
5	150526358	.	T	C	9	2	11	0	0	11	0	0
5	150571797	.	T	C	2	2	4	0	0	4	0	0
6	31492600	.	A	G	9	2	11	0	0	11	0	0
6	31492602	.	A	G	11	5	16	0	0	16	0	0
6	37847782	.	A	G	13	3	16	0	0	16	0	0
6	38265837	.	T	C	8	3	11	0	0	11	0	0
6	39312088	.	T	C	27	8	35	0	0	35	0	0
6	39312096	.	T	C	28	6	34	0	0	34	0	0
6	42301409	.	C	T	24	32	56	0	2	58	0	0
6	47773202	.	G	A	1	2	3	0	2	5	0	0
6	47848942	.	A	G	7	2	9	0	0	9	0	0
6	49231811	.	T	C	13	3	16	0	0	16	0	0
6	49231812	.	T	C	11	6	17	0	0	17	0	0
6	65684467	.	A	G	9	2	11	0	0	11	0	0
6	66517065	.	A	G	2	2	4	0	0	4	0	0
6	66517625	.	A	G	3	3	6	0	1	7	0	0
6	66517635	.	A	G	8	2	10	0	0	10	0	0
6	84790053	.	T	G	1	3	4	1	0	5	0	0
6	87869815	.	A	G	7	2	9	0	0	9	0	0
6	96010183	.	T	C	7	2	9	4	0	13	0	0
6	120420154	.	A	G	2	2	4	0	0	4	0	0
6	120420155	.	A	G	2	2	4	0	0	4	0	0
6	126619121	.	T	C	51	31	82	0	4	86	0	0
6	146733792	.	A	G	1	2	3	0	0	3	0	0
6	146734488	.	G	T	3	2	5	0	0	5	0	0
6	148786133	.	T	C	5	2	7	0	0	7	0	0
7	3463600	.	A	G	66	18	84	0	3	87	0	0
7	3613131	.	T	C	2	2	4	0	1	5	0	0
7	12212392	.	A	G	10	3	13	0	0	13	0	0
7	12601882	.	T	C	1	3	4	0	0	4	0	0
7	16619450	.	A	G	13	3	16	0	0	16	0	0
7	16619714	.	A	G	67	16	83	0	2	85	0	0
7	18873733	.	T	C	6	2	8	0	0	8	0	0
7	18886836	.	A	G	1	7	8	0	0	8	0	0
7	19326753	.	A	G	1	11	12	0	0	12	0	0
7	19638449	.	T	A	1	5	6	0	0	6	0	0
7	19638461	.	T	A	4	2	6	0	0	6	0	0
7	26904993	.	A	G	3	6	9	0	0	9	0	0
7	26905060	.	A	G	2	4	6	0	0	6	0	0
7	26905759	.	A	G	4	2	6	0	0	6	0	0
7	27227593	.	T	C	80	11	91	0	0	91	0	0
7	27281214	.	A	G	22	3	25	0	0	25	0	0
7	27520956	.	A	G	5	9	14	0	0	14	0	0
7	27521042	.	A	G	14	2	16	0	0	16	0	0
7	45032973	.	T	C	6	4	10	0	1	11	0	0
7	45141114	.	T	C	2	3	5	0	0	5	0	0
7	45288447	.	C	A	1	3	4	0	1	5	0	0
7	55575241	.	A	G	2	2	4	0	0	4	0	0
7	58879117	.	G	A	4	1	5	0	0	5	0	0
7	58879122	.	G	C	5	1	6	0	0	6	0	0
7	58979279	.	T	C	5	2	7	0	0	7	0	0
7	61589842	.	T	C	4	2	6	0	0	6	0	0
7	79206023	.	A	G	32	4	36	0	0	36	0	0
7	79574157	.	T	C	14	2	16	0	0	16	0	0
7	81253540	.	T	C	21	5	26	0	1	27	0	0
7	81521958	.	A	G	3	3	6	0	0	6	0	0
7	81522050	.	A	G	5	2	7	0	0	7	0	0
7	81522943	.	A	G	2	2	4	0	0	4	0	0
7	83274886	.	T	C	7	3	10	0	0	10	0	0
7	98250295	.	C	T	2	1	3	0	1	4	0	0
7	98969304	.	A	G	20	7	27	0	1	28	0	0
7	101471941	.	A	G	7	2	9	0	0	9	0	0
7	110655309	.	T	C	21	5	26	2	1	29	0	0
7	120273215	.	T	C	8	2	10	0	0	10	0	0
7	120273216	.	T	C	8	2	10	0	0	10	0	0
7	121586870	.	T	C	3	3	6	0	0	6	0	0
7	123582103	.	A	G	32	4	36	0	0	36	0	0
7	126853494	.	A	G	29	12	41	0	0	41	0	0
7	126853784	.	A	G	46	7	53	0	0	53	0	0
7	127165851	.	A	G	1	3	4	0	0	4	0	0
7	130360893	.	A	T	4	6	10	0	0	10	0	0
7	140456002	.	T	C	2	2	4	0	0	4	0	0
7	140916604	.	A	G	25	8	33	0	1	34	0	0
7	141052266	.	C	G	3	2	5	0	0	5	0	0
7	142207010	.	T	C	15	13	28	0	0	28	0	0
7	142766905	.	T	C	4	2	6	0	0	6	0	0
8	5690780	.	A	G	0	2	2	6	1	9	0	0
8	19741629	.	C	T	3	2	5	10	0	15	0	0
8	19834807	.	A	T	17	3	20	34	0	54	0	0
8	19834818	.	G	A	15	2	17	31	0	48	0	0
8	20030843	.	C	T	22	2	24	7	0	31	0	0
8	20030855	.	G	A	17	4	21	5	0	26	0	0
8	20157964	.	A	G	5	2	7	40	0	47	0	0
8	20721217	.	A	G	5	2	7	13	0	20	0	0
8	20727130	.	G	A	22	14	36	2	0	38	0	0
8	37462043	.	T	C	3	3	6	0	0	6	0	0
8	41370800	.	A	G	11	2	13	0	0	13	0	0
8	71826392	.	A	G	5	2	7	0	0	7	0	0
8	72977426	.	A	G	11	25	36	0	1	37	0	0
8	81707521	.	A	G	2	2	4	0	0	4	0	0
8	84976646	.	T	C	1	3	4	0	0	4	0	0
8	110401697	.	T	C	2	2	4	0	0	4	0	0
8	110817217	.	A	G	25	11	36	0	1	37	0	0
8	112693652	.	T	C	5	2	7	0	0	7	0	0
8	125620861	.	T	C	23	7	30	0	0	30	0	0
8	125620868	.	T	C	27	6	33	0	1	34	0	0
9	3387771	.	A	G	17	4	21	0	1	22	0	0
9	3387790	.	A	G	18	3	21	0	0	21	0	0
9	4456006	.	T	C	3	1	4	0	0	4	0	0
9	8022080	.	T	C	11	3	14	0	1	15	0	0
9	20512443	.	A	G	3	3	6	0	0	6	0	0
9	20512857	.	A	G	7	3	10	0	0	10	0	0
9	20513879	.	A	G	1	2	3	0	0	3	0	0
9	20515384	.	A	G	3	2	5	0	0	5	0	0
9	20515808	.	A	G	2	4	6	0	0	6	0	0
9	21199758	.	C	T	2	2	4	0	0	4	0	0
9	43957544	.	A	G	5	2	7	0	0	7	0	0
9	44203921	.	T	C	10	2	12	0	0	12	0	0
9	44206372	.	T	C	8	2	10	0	0	10	0	0
9	50519250	.	A	G	1	1	2	0	1	3	0	0
9	50519427	.	A	G	3	2	5	0	0	5	0	0
9	60595379	.	C	G	10	2	12	0	0	12	0	0
9	64142628	.	G	A	1	2	3	0	0	3	0	0
9	64142635	.	T	C	1	2	3	0	0	3	0	0
9	65253476	.	A	G	7	2	9	0	0	9	0	0
9	66280825	.	A	G	2	2	4	0	0	4	0	0
9	67127254	.	T	C	16	3	19	0	0	19	0	0
9	75411333	.	A	G	4	2	6	0	0	6	0	0
9	79351592	.	T	C	2	5	7	0	0	7	0	0
9	95938130	.	A	G	14	4	18	0	0	18	0	0
9	95939286	.	A	G	18	2	20	0	0	20	0	0
9	95939293	.	A	G	15	4	19	0	0	19	0	0
9	96187692	.	A	G	1	2	3	0	0	3	0	0
9	96187702	.	A	G	1	1	2	0	0	2	0	0
9	121510177	.	G	A	4	3	7	2	0	9	0	0
9	122849555	.	C	T	5	1	6	0	0	6	0	0
9	122849556	.	C	T	6	1	7	0	0	7	0	0
9	124034058	.	T	G	17	8	25	0	0	25	0	0
X	7774398	.	A	G	4	2	6	0	0	6	0	0
X	55633003	.	T	C	29	8	37	0	0	37	0	0
X	56429832	.	C	A	15	3	18	0	3	21	0	0
X	60231705	.	A	G	13	15	28	0	0	28	0	0
X	60829114	.	G	A	2	2	4	3	0	7	0	0
X	69388256	.	T	C	44	8	52	0	0	52	0	0
X	73270255	.	T	C	7	4	11	0	1	12	0	0
X	73270468	.	T	C	4	5	9	0	0	9	0	0
X	102620158	.	T	C	4	10	14	1	0	15	0	0
X	102620159	.	T	C	5	9	14	1	0	15	0	0
X	102623385	.	T	C	5	4	9	0	0	9	0	0
X	149766871	.	T	C	29	8	37	1	7	45	0	0
X	149767614	.	T	C	64	48	112	1	5	118	0	0
X	158197723	.	G	A	6	1	7	0	3	10	0	0
X	161572232	.	T	C	11	3	14	0	0	14	0	0
X	164972992	.	A	G	3	3	6	1	0	7	0	0
