contig	position	variantID	refAllele	altAllele	refCount	altCount	totalCount	lowMAPQDepth	lowBaseQDepth	rawDepth	otherBases	improperPairs
1	16717060	.	T	C	7	3	10	0	1	11	0	0
1	16717105	.	T	C	4	2	6	0	0	6	0	0
1	22031785	.	T	C	1	7	8	0	0	8	0	0
1	51507738	.	T	C	1	3	4	0	0	4	0	0
1	59913367	.	A	G	49	22	71	0	1	72	0	0
1	60116749	.	C	A	2	0	2	0	3	5	0	0
1	60517747	.	A	G	42	34	76	0	16	92	0	0
1	62855794	.	T	C	9	3	12	0	0	12	0	0
1	63156443	.	A	G	4	2	6	0	1	7	0	0
1	66711873	.	A	G	91	48	139	0	8	147	0	0
1	75398708	.	A	G	2	19	21	0	0	21	0	0
1	86276528	.	T	C	17	3	20	0	0	20	0	0
1	86836917	.	T	C	2	2	4	10	0	14	0	0
1	88187311	.	C	T	5	2	7	0	0	7	0	0
1	88188916	.	C	A	2	2	4	0	0	4	0	0
1	88189462	.	G	A	2	2	4	0	0	4	0	0
1	88189563	.	C	T	2	2	4	0	1	5	0	0
1	88189685	.	C	A	3	2	5	0	0	5	0	0
1	88189797	.	G	A	2	2	4	0	0	4	0	0
1	88190921	.	C	T	1	9	10	0	0	10	0	0
1	88191237	.	A	C	18	34	52	0	3	55	0	0
1	88191281	.	A	G	54	7	61	0	1	62	0	0
1	88191320	.	C	T	8	34	42	0	0	42	0	0
1	88191706	.	G	A	31	10	41	0	1	42	0	0
1	88191710	.	T	C	18	21	39	0	1	40	0	0
1	88191744	.	C	A	41	9	50	0	2	52	0	0
1	88191864	.	G	T	55	5	60	0	0	60	0	0
1	88192008	.	C	T	50	12	62	0	8	70	0	0
1	88192048	.	G	C	8	38	46	0	3	49	0	0
1	88192098	.	G	A	53	8	61	0	1	62	0	0
1	88192180	.	G	T	59	8	67	0	0	67	0	0
1	88192184	.	T	A	56	8	64	0	0	64	0	0
1	88192243	.	A	G	11	41	52	0	1	53	0	0
1	88192700	.	G	A	11	39	50	0	0	50	0	0
1	88192756	.	G	A	10	28	38	0	1	39	0	0
1	88192980	.	A	G	4	46	50	0	3	53	0	0
1	88193031	.	C	G	6	20	26	0	0	26	0	0
1	88193194	.	C	T	1	5	6	7	0	13	0	0
1	88193568	.	A	C	2	2	4	29	0	33	0	0
1	88193702	.	T	G	1	12	13	40	0	53	0	0
1	88193917	.	G	A	13	18	31	23	0	54	0	0
1	88194314	.	C	A	31	4	35	1	0	36	0	0
1	88197053	.	T	C	0	2	2	0	0	2	0	0
1	88197991	.	A	G	13	35	48	0	0	48	0	0
1	88200605	.	C	A	1	8	9	0	0	9	0	0
1	88200670	.	G	A	2	12	14	0	0	14	0	0
1	88200771	.	G	A	12	4	16	0	1	17	0	0
1	88200832	.	C	T	5	12	17	0	0	17	0	0
1	88202772	.	A	T	2	2	4	3	0	7	0	0
1	88204960	.	T	C	2	6	8	1	0	9	0	0
1	123251187	.	T	C	1	2	3	0	0	3	0	0
1	130649455	.	T	C	2	2	4	0	0	4	0	0
1	131954455	.	T	C	10	2	12	0	0	12	0	0
1	133065748	.	A	G	31	6	37	0	0	37	0	0
1	143628079	.	A	G	12	2	14	0	0	14	0	0
1	156255182	.	T	C	6	9	15	0	0	15	0	0
1	156255601	.	T	C	6	3	9	0	0	9	0	0
1	171151897	.	T	C	1	2	3	0	0	3	0	0
1	180251828	.	A	G	14	2	16	0	2	18	0	0
1	180924020	.	T	C	37	13	50	0	1	51	0	0
1	183190495	.	A	G	16	2	18	0	0	18	0	0
1	183190594	.	A	G	11	7	18	0	0	18	0	0
1	189851936	.	G	T	8	1	9	0	1	10	0	0
1	189851941	.	G	T	7	2	9	0	1	10	0	0
10	3823228	.	C	T	8	2	10	0	1	11	0	0
10	7524278	.	T	C	3	2	5	0	0	5	0	0
10	25366838	.	A	G	15	2	17	0	1	18	0	0
10	29104115	.	A	G	21	4	25	0	1	26	0	0
10	42574864	.	A	G	1	2	3	0	0	3	0	0
10	45752162	.	G	A	6	3	9	17	0	26	0	0
10	49118584	.	T	C	10	12	22	0	0	22	0	0
10	49118640	.	T	C	6	4	10	0	0	10	0	0
10	49148885	.	T	C	8	28	36	0	0	36	0	0
10	57391874	.	C	T	18	4	22	0	0	22	0	0
10	81182083	.	T	C	20	3	23	0	0	23	0	0
10	82486613	.	T	C	24	6	30	0	0	30	0	0
10	93320644	.	G	T	12	1	13	0	1	14	0	0
10	93320645	.	A	G	9	1	10	0	0	10	0	0
10	94057224	.	A	G	11	5	16	0	0	16	0	0
10	102226133	.	T	C	4	1	5	0	1	7	1	0
10	119912824	.	G	A	2	0	2	0	4	6	0	0
10	126903751	.	T	C	76	16	92	0	1	93	0	0
10	127038297	.	T	C	6	2	8	0	0	8	0	0
11	3448459	.	T	C	8	2	10	0	0	10	0	0
11	4091399	.	T	C	17	2	19	0	1	20	0	0
11	4091432	.	T	C	16	5	21	0	0	21	0	0
11	4514133	.	G	A	0	2	2	0	1	3	0	0
11	20178606	.	T	C	5	3	8	0	0	8	0	0
11	23687729	.	C	A	5	1	6	0	0	6	0	0
11	23687730	.	A	G	5	1	6	0	0	6	0	0
11	30051758	.	T	C	7	2	9	0	0	9	0	0
11	30051812	.	T	C	10	3	13	0	0	13	0	0
11	43573028	.	A	G	3	3	6	0	0	6	0	0
11	43574343	.	A	G	1	2	3	0	1	4	0	0
11	46163470	.	T	C	64	342	406	0	5	411	0	0
11	52017633	.	A	G	17	2	19	0	0	19	0	0
11	54730814	.	T	C	14	2	16	0	0	16	0	0
11	59401821	.	A	G	17	3	20	0	0	20	0	0
11	69675231	.	A	G	2	3	5	0	0	5	0	0
11	69922901	.	A	G	3	2	5	0	0	5	0	0
11	69922910	.	A	G	3	1	4	0	0	4	0	0
11	69927869	.	A	G	4	6	10	0	0	10	0	0
11	75067258	.	T	C	24	14	38	0	0	38	0	0
11	77426880	.	T	C	49	6	55	0	1	56	0	0
11	78187443	.	A	G	4	3	7	0	0	7	0	0
11	82853392	.	A	G	3	2	5	0	0	5	0	0
11	82854512	.	A	G	3	2	5	0	0	5	0	0
11	94431300	.	T	C	9	2	11	0	0	11	0	0
11	94431318	.	T	C	7	4	11	0	0	11	0	0
11	94431502	.	T	C	14	3	17	0	0	17	0	0
11	94431842	.	T	C	11	2	13	0	0	13	0	0
11	97535375	.	T	C	12	4	16	0	0	16	0	0
11	97535690	.	T	C	15	5	20	0	0	20	0	0
11	98168819	.	A	G	6	1	7	0	1	8	0	0
11	98291186	.	G	A	10	2	12	0	0	12	0	0
11	100488792	.	T	C	8	6	14	0	0	14	0	0
11	101089557	.	T	C	20	3	23	0	0	23	0	0
11	101089802	.	T	C	8	6	14	0	0	14	0	0
11	116303813	.	T	C	9	5	14	0	0	14	0	0
11	116471963	.	T	C	8	36	44	0	1	46	1	0
11	121068751	.	G	A	9	2	11	0	0	11	0	0
12	3454168	.	A	G	45	12	57	13	1	71	0	0
12	3454248	.	A	G	22	41	63	8	2	73	0	0
12	4299455	.	G	T	11	1	12	0	2	14	0	0
12	17479809	.	A	G	11	14	25	0	0	25	0	0
12	32429287	.	T	C	6	1	7	0	0	7	0	0
12	32429288	.	G	A	6	1	7	0	0	7	0	0
12	46747117	.	T	C	36	12	48	0	0	48	0	0
12	54718540	.	T	C	24	5	29	0	1	30	0	0
12	54719142	.	T	C	26	7	33	0	0	33	0	0
12	55102739	.	T	C	3	3	6	0	0	6	0	0
12	65113982	.	T	C	6	2	8	0	0	8	0	0
12	69244102	.	A	G	24	6	30	0	0	30	0	0
12	69347175	.	A	G	1	4	5	0	0	5	0	0
12	71041945	.	A	G	16	2	18	0	0	18	0	0
12	73975614	.	A	G	1	2	3	0	0	3	0	0
12	75677928	.	A	G	4	2	6	1	1	8	0	0
12	75678010	.	C	T	2	3	5	5	0	10	0	0
12	78887986	.	T	C	7	3	10	0	0	10	0	0
12	80154594	.	C	T	12	4	16	0	4	20	0	0
12	80155897	.	A	C	3	1	4	0	2	6	0	0
12	80155903	.	A	C	2	2	4	0	1	5	0	0
12	80682600	.	T	C	1	2	3	0	0	3	0	0
12	84421785	.	T	C	25	3	28	0	2	30	0	0
12	84484319	.	A	G	4	2	6	0	0	6	0	0
12	91605386	.	T	C	8	2	10	0	1	11	0	0
12	100825900	.	C	A	11	2	13	0	0	13	0	0
12	100825911	.	G	T	8	3	11	0	1	12	0	0
12	100843672	.	T	C	10	2	12	0	0	12	0	0
12	101886131	.	T	C	20	8	28	0	2	30	0	0
12	101887890	.	T	C	15	8	23	0	0	23	0	0
12	108654770	.	T	C	12	3	15	0	0	15	0	0
12	116211867	.	G	A	15	2	17	0	1	18	0	0
13	8901801	.	T	C	15	8	23	0	0	23	0	0
13	14225628	.	T	C	38	9	47	0	2	49	0	0
13	14226674	.	T	C	41	8	49	0	0	49	0	0
13	17978887	.	T	C	16	2	18	0	1	19	0	0
13	17979133	.	T	C	9	6	15	0	0	15	0	0
13	21574169	.	T	C	6	3	9	0	0	9	0	0
13	21574188	.	T	C	9	3	12	0	0	12	0	0
13	21576650	.	T	C	5	2	7	0	0	7	0	0
13	30997931	.	A	G	5	2	7	0	0	7	0	0
13	38228991	.	A	G	1	3	4	0	0	4	0	0
13	38410965	.	T	C	9	3	12	0	0	12	0	0
13	49958972	.	A	G	0	2	2	0	1	3	0	0
13	55745486	.	G	A	5	2	7	0	2	9	0	0
13	59757011	.	A	G	1	5	6	0	0	6	0	0
13	64437994	.	T	C	17	3	20	0	0	20	0	0
13	64438124	.	T	C	8	3	11	0	0	11	0	0
13	65214229	.	G	A	10	5	15	0	3	18	0	0
13	67814292	.	T	C	6	2	8	0	1	9	0	0
13	67814569	.	T	C	3	2	5	0	0	5	0	0
13	81213662	.	T	C	0	3	3	0	3	6	0	0
13	92577452	.	G	A	11	2	13	0	5	18	0	0
13	92903734	.	C	A	2	2	4	0	0	4	0	0
13	107861323	.	C	T	6	2	8	0	2	10	0	0
13	119625401	.	G	T	12	4	16	0	0	16	0	0
14	10058181	.	A	G	121	49	170	0	2	173	1	0
14	14533725	.	T	C	1	13	14	0	0	14	0	0
14	21846832	.	A	G	10	46	56	0	2	58	0	0
14	21846833	.	A	G	52	6	58	0	1	59	0	0
14	21847779	.	A	G	72	20	92	0	0	92	0	0
14	27205403	.	A	G	12	2	14	0	0	14	0	0
14	29788070	.	T	C	17	6	23	0	0	23	0	0
14	29788078	.	T	C	18	5	23	0	0	23	0	0
14	32018582	.	A	G	34	16	50	0	0	50	0	0
14	47558247	.	A	G	7	2	9	10	0	19	0	0
14	51013458	.	T	C	8	2	10	0	1	11	0	0
14	51109987	.	A	G	5	4	9	0	0	9	0	0
14	51115833	.	A	G	7	5	12	0	0	12	0	0
14	55749057	.	A	G	13	5	18	0	0	18	0	0
14	57880877	.	T	C	4	2	6	0	0	6	0	0
14	60451313	.	T	C	2	4	6	0	0	6	0	0
14	63198144	.	C	T	9	1	10	0	1	11	0	0
14	75957159	.	T	C	25	9	34	0	0	34	0	0
14	78061552	.	A	G	2	2	4	0	0	4	0	0
14	99311216	.	G	A	3	4	7	0	0	7	0	0
14	103584115	.	T	C	14	10	24	0	0	24	0	0
14	121273016	.	A	G	5	6	11	0	0	11	0	0
15	8187674	.	A	G	6	10	16	0	0	16	0	0
15	8187696	.	A	G	13	2	15	0	0	15	0	0
15	8188973	.	A	G	2	5	7	0	3	10	0	0
15	9112484	.	C	T	3	2	5	0	0	5	0	0
15	34117788	.	T	C	3	2	5	0	0	5	0	0
15	55118258	.	A	G	19	4	23	0	1	24	0	0
15	58695035	.	T	C	35	5	40	0	2	42	0	0
15	68973014	.	C	A	4	2	6	0	1	7	0	0
15	79571382	.	G	A	37	6	43	0	7	50	0	0
15	81578879	.	A	G	9	3	12	0	0	12	0	0
15	81733027	.	C	T	5	2	7	0	1	8	0	0
15	82178770	.	C	A	9	2	11	0	0	11	0	0
15	82178773	.	T	A	6	2	8	0	1	10	1	0
15	89171187	.	A	T	7	1	8	0	7	15	0	0
15	98634993	.	T	C	13	22	35	0	0	35	0	0
15	99142536	.	T	C	11	4	15	4	0	19	0	0
15	99626091	.	A	G	5	2	7	0	1	8	0	0
16	3680985	.	T	C	24	6	30	0	0	30	0	0
16	4444211	.	T	C	6	4	10	0	0	10	0	0
16	4444240	.	T	C	4	4	8	0	0	8	0	0
16	13520445	.	A	G	23	8	31	0	1	32	0	0
16	16866848	.	A	G	2	2	4	0	0	4	0	0
16	17321752	.	A	G	13	4	17	0	0	17	0	0
16	18653678	.	A	G	57	20	77	0	2	79	0	0
16	19942498	.	A	G	22	9	31	0	0	31	0	0
16	30330690	.	T	C	7	2	9	0	1	10	0	0
16	30330728	.	T	C	13	2	15	0	1	16	0	0
16	30330773	.	T	C	10	2	12	0	1	13	0	0
16	32119150	.	A	G	10	19	29	0	0	29	0	0
16	35749583	.	G	A	3	2	5	0	0	5	0	0
16	43446292	.	G	A	5	2	7	0	0	7	0	0
16	43691361	.	T	C	5	2	7	0	0	7	0	0
16	87230813	.	T	C	8	4	12	0	0	12	0	0
16	87230814	.	T	C	7	4	11	0	1	12	0	0
16	87737431	.	T	C	0	1	1	0	0	1	0	0
16	91453021	.	A	G	69	27	96	0	2	98	0	0
17	17566113	.	A	G	5	2	7	53	1	61	0	0
17	18050496	.	A	G	2	5	7	0	0	7	0	0
17	21943290	.	A	G	6	3	9	0	0	9	0	0
17	23984765	.	T	C	5	2	7	0	1	8	0	0
17	24635802	.	A	G	6	2	8	0	1	9	0	0
17	25202050	.	T	C	18	3	21	0	0	21	0	0
17	26234947	.	G	A	27	29	56	0	1	57	0	0
17	26916593	.	A	G	8	3	11	0	0	11	0	0
17	29521001	.	A	G	5	3	8	0	0	8	0	0
17	31748326	.	A	G	1	3	4	0	0	4	0	0
17	33552004	.	T	C	13	4	17	0	1	18	0	0
17	33600221	.	C	T	8	3	11	1	0	12	0	0
17	33966501	.	T	C	35	5	40	155	8	203	0	0
17	34147531	.	A	G	21	6	27	0	0	27	0	0
17	40158498	.	T	C	2865	3571	6436	14	94	6860	316	0
17	45973875	.	T	C	41	81	122	0	11	133	0	0
17	95067479	.	T	C	13	16	29	0	0	29	0	0
17	95119983	.	T	C	2	2	4	0	0	4	0	0
17	95183666	.	G	A	3	2	5	1	0	6	0	0
18	6792650	.	A	G	24	7	31	0	0	31	0	0
18	6792802	.	A	G	27	3	30	0	0	30	0	0
18	24098163	.	A	G	8	2	10	0	0	10	0	0
18	32235930	.	A	G	3	3	6	0	0	6	0	0
18	32561134	.	A	G	41	9	50	0	2	53	1	0
18	34998034	.	G	A	3	2	5	0	1	6	0	0
18	35743341	.	A	G	7	4	11	0	0	11	0	0
18	35807586	.	T	C	68	10	78	0	3	81	0	0
18	75567947	.	T	G	7	2	9	0	0	9	0	0
18	82613560	.	C	A	7	2	9	0	0	9	0	0
19	3917362	.	A	G	12	5	17	0	0	17	0	0
19	3917363	.	A	G	15	4	19	0	0	19	0	0
19	4367156	.	G	A	32	3	35	0	7	42	0	0
19	5358657	.	A	G	14	2	16	0	1	17	0	0
19	6895771	.	T	C	6	2	8	0	0	8	0	0
19	6895783	.	T	C	5	2	7	0	0	7	0	0
19	7515480	.	A	G	21	5	26	0	0	26	0	0
19	8868627	.	A	G	7	2	9	0	0	9	0	0
19	8900203	.	A	G	5	4	9	0	0	9	0	0
19	10223060	.	T	C	39	79	118	0	5	123	0	0
19	10607183	.	G	A	4	2	6	0	0	6	0	0
19	16256046	.	T	C	1	2	3	0	0	3	0	0
19	16256052	.	G	T	1	1	2	0	1	3	0	0
19	41818939	.	A	G	14	3	17	0	0	17	0	0
19	41931486	.	A	G	8	2	10	0	0	10	0	0
19	43429365	.	A	G	19	6	25	0	0	25	0	0
19	43429601	.	A	G	17	16	33	0	1	34	0	0
19	43429686	.	A	G	43	11	54	0	0	54	0	0
19	43429753	.	A	G	34	5	39	0	0	39	0	0
19	43493214	.	C	T	1	2	3	0	3	6	0	0
19	44993727	.	T	C	51	7	58	0	0	58	0	0
19	45324251	.	T	C	7	2	9	0	0	9	0	0
19	46318508	.	T	C	3	2	5	0	0	5	0	0
19	47072011	.	A	G	7	2	9	0	0	9	0	0
19	53920935	.	T	C	4	2	6	1	0	7	0	0
19	60765148	.	A	G	35	37	72	1	2	75	0	0
2	14152860	.	A	G	28	4	32	0	0	32	0	0
2	26846568	.	T	C	11	2	13	0	0	13	0	0
2	27153718	.	T	C	6	2	8	0	1	9	0	0
2	31937444	.	A	G	15	2	17	0	1	18	0	0
2	32174582	.	T	C	7	2	9	0	0	9	0	0
2	32196762	.	A	G	58	12	70	0	0	70	0	0
2	32506344	.	A	G	1	1	2	0	0	2	0	0
2	32506353	.	A	G	1	2	3	0	0	3	0	0
2	40446129	.	C	G	0	2	2	5	1	8	0	0
2	91043632	.	A	G	43	6	49	0	1	50	0	0
2	104398328	.	A	G	2	2	4	0	0	4	0	0
2	112185846	.	A	G	1	2	3	0	0	3	0	0
2	112185852	.	A	G	3	2	5	0	0	5	0	0
2	118700801	.	A	G	9	3	12	0	1	13	0	0
2	120451649	.	A	G	25	4	29	4	0	33	0	0
2	121015462	.	A	G	3	2	5	0	0	5	0	0
2	121178337	.	T	C	2	2	4	0	0	4	0	0
2	128968268	.	A	G	10	1	11	0	1	12	0	0
2	132151800	.	A	G	54	279	333	0	1	334	0	0
2	144382358	.	A	G	24	3	27	0	0	27	0	0
2	154379850	.	A	G	39	8	47	0	0	47	0	0
2	154428307	.	T	C	2	4	6	0	0	6	0	0
2	156252897	.	G	A	1	2	3	0	0	3	0	0
2	156252900	.	A	G	1	2	3	0	0	3	0	0
2	157400030	.	T	C	91	23	114	3	3	120	0	0
2	158225545	.	A	G	438	81	519	1	0	520	0	0
2	158226873	.	A	G	114	468	582	1	14	597	0	0
2	163309459	.	T	C	8	6	14	0	0	14	0	0
2	164761458	.	A	G	4	3	7	0	0	7	0	0
2	164953669	.	T	C	41	5	46	0	0	46	0	0
2	164953773	.	T	C	35	11	46	0	0	46	0	0
2	167318459	.	A	G	24	3	27	1	1	29	0	0
2	167532271	.	A	T	1	1	2	0	4	6	0	0
2	168057882	.	T	C	5	2	7	0	0	7	0	0
2	169913325	.	A	G	1	2	3	0	0	3	0	0
2	169913421	.	A	G	5	3	8	0	0	8	0	0
2	174169694	.	A	G	94	21	115	0	6	122	1	0
3	8681198	.	T	C	2	2	4	0	0	4	0	0
3	8681220	.	C	T	1	2	3	0	0	3	0	0
3	32636549	.	T	C	17	2	19	0	0	19	0	0
3	40748697	.	A	G	31	10	41	15	0	56	0	0
3	60525133	.	A	G	5	2	7	0	0	7	0	0
3	65866428	.	A	G	5	4	9	0	0	9	0	0
3	80599593	.	T	C	33	63	96	0	0	96	0	0
3	80613850	.	T	C	31	5	36	0	0	36	0	0
3	80614159	.	T	C	8	10	18	0	0	19	1	0
3	80614215	.	T	C	104	53	157	0	2	159	0	0
3	88259549	.	A	G	10	3	13	0	1	14	0	0
3	89090052	.	G	A	7	4	11	0	2	13	0	0
3	89675221	.	T	C	11	4	15	1	0	16	0	0
3	90389480	.	A	G	1	2	3	0	0	3	0	0
3	95091616	.	T	C	6	2	8	0	0	8	0	0
3	96539776	.	A	G	6	18	24	0	2	26	0	0
3	96540029	.	A	G	26	7	33	0	3	36	0	0
3	97134574	.	T	C	4	2	6	0	0	6	0	0
3	100375793	.	T	C	3	2	5	0	0	5	0	0
3	102973406	.	A	G	43	10	53	0	3	56	0	0
3	103187243	.	A	G	16	3	19	0	0	19	0	0
3	104835351	.	A	G	4	2	6	0	0	6	0	0
3	119541047	.	A	G	3	2	5	0	0	5	0	0
3	135112631	.	T	C	46	11	57	0	1	58	0	0
3	135160630	.	A	G	1	2	3	0	0	3	0	0
3	138265030	.	A	G	8	2	10	0	0	10	0	0
3	143894308	.	C	T	8	2	10	0	0	10	0	0
4	21836550	.	A	G	49	9	58	0	1	59	0	0
4	33019420	.	A	G	77	39	116	0	2	118	0	0
4	33020417	.	A	G	63	69	132	0	2	134	0	0
4	41518514	.	T	C	196	26	222	0	3	225	0	0
4	42219588	.	C	T	5	1	6	1	0	7	0	0
4	56995087	.	A	T	7	3	10	0	2	12	0	0
4	56995088	.	G	T	7	0	7	0	5	12	0	0
4	82212633	.	G	A	7	5	12	0	5	17	0	0
4	82212637	.	C	A	7	3	10	0	7	17	0	0
4	83113025	.	A	G	1	2	3	0	0	3	0	0
4	86495344	.	G	T	61	9	70	0	1	71	0	0
4	107701489	.	A	G	1	2	3	0	0	3	0	0
4	108198313	.	A	G	4	10	14	0	0	14	0	0
4	108198318	.	A	G	12	4	16	0	0	16	0	0
4	118484005	.	A	G	9	18	27	0	1	28	0	0
4	118484020	.	A	G	23	3	26	0	2	28	0	0
4	118484072	.	A	G	17	7	24	0	1	25	0	0
4	119081410	.	T	C	14	3	17	0	0	17	0	0
4	122948301	.	C	T	13	4	17	0	1	18	0	0
4	124838094	.	A	G	12	11	23	0	0	23	0	0
4	125982944	.	A	G	14	11	25	0	0	25	0	0
4	125982989	.	A	G	11	4	15	0	0	15	0	0
4	126920377	.	A	G	7	3	10	0	1	11	0	0
4	129062418	.	T	C	1	2	3	0	1	4	0	0
4	129074340	.	T	C	1	2	3	0	0	3	0	0
4	131678229	.	T	C	7	2	9	0	0	9	0	0
4	132219566	.	C	A	7	1	8	0	0	8	0	0
4	132219567	.	T	G	8	1	9	0	0	9	0	0
4	133389520	.	T	C	4	5	9	0	0	9	0	0
4	133836902	.	A	G	11	2	13	0	0	13	0	0
4	134625164	.	A	G	6	2	8	0	0	8	0	0
4	137987341	.	A	G	102	22	124	0	1	125	0	0
4	137987354	.	A	G	82	40	122	0	1	123	0	0
4	140678893	.	A	G	15	5	20	0	0	20	0	0
4	141488012	.	T	C	46	8	54	0	0	54	0	0
4	141867895	.	G	A	43	4	47	0	11	58	0	0
4	144314687	.	A	G	4	2	6	24	1	31	0	0
4	147891580	.	C	A	3	1	4	0	1	5	0	0
4	147891589	.	G	A	3	2	5	0	0	5	0	0
4	147907821	.	T	C	4	2	6	0	0	6	0	0
4	149202654	.	A	G	29	6	35	0	1	36	0	0
4	149203211	.	A	G	24	6	30	0	0	30	0	0
4	149552777	.	T	C	4	3	7	0	0	7	0	0
4	149552779	.	T	C	5	3	8	0	0	8	0	0
4	149552818	.	T	C	1	5	6	0	0	6	0	0
4	149552913	.	T	A	2	2	4	0	0	4	0	0
4	155705483	.	A	G	27	4	31	0	1	32	0	0
4	155705982	.	A	G	23	3	26	1	1	28	0	0
4	155706828	.	A	G	11	9	20	1	1	22	0	0
4	155800270	.	C	T	2	3	5	0	1	6	0	0
4	155800341	.	A	G	8	3	11	0	0	11	0	0
4	155800382	.	A	G	12	4	16	0	0	16	0	0
4	155800422	.	A	G	15	3	18	0	0	18	0	0
4	156095123	.	A	G	86	46	132	0	2	134	0	0
5	5833142	.	A	G	0	5	5	4	2	11	0	0
5	22931143	.	C	T	1	2	3	0	0	3	0	0
5	23698014	.	A	G	2	2	4	0	0	4	0	0
5	25430722	.	A	G	4	5	9	0	0	9	0	0
5	26055676	.	T	C	6	2	8	0	0	8	0	0
5	29658129	.	A	G	1	4	5	0	0	5	0	0
5	30815805	.	T	C	4	2	6	0	2	8	0	0
5	31316473	.	T	A	17	10	27	0	0	27	0	0
5	31330824	.	T	C	6	5	11	0	0	11	0	0
5	41786041	.	T	C	5	2	7	0	0	7	0	0
5	65605388	.	T	C	52	31	83	0	2	85	0	0
5	65605389	.	T	C	42	37	79	0	4	83	0	0
5	66422225	.	A	G	2	2	4	0	0	4	0	0
5	69267179	.	A	G	5	3	8	0	0	8	0	0
5	77555578	.	T	C	4	17	21	0	0	21	0	0
5	110081429	.	C	T	5	4	9	0	1	10	0	0
5	110081431	.	C	T	6	4	10	0	1	11	0	0
5	111424120	.	G	T	5	2	7	0	0	7	0	0
5	115324342	.	C	T	3	2	5	0	0	5	0	0
5	115435667	.	T	C	26	3	29	0	0	29	0	0
5	121683725	.	T	C	15	6	21	0	0	21	0	0
5	121941617	.	A	G	1	3	4	0	0	4	0	0
5	122546790	.	A	G	8	3	11	0	0	11	0	0
5	122872763	.	T	C	15	3	18	0	1	19	0	0
5	123386729	.	A	G	23	15	38	0	0	38	0	0
5	123495010	.	A	G	3	2	5	0	0	5	0	0
5	125491341	.	T	C	3	2	5	0	0	5	0	0
5	125534541	.	A	G	64	31	95	1	1	97	0	0
5	128835738	.	A	G	14	7	21	0	14	35	0	0
5	129798517	.	A	G	17	5	22	0	0	22	0	0
5	130014307	.	A	G	63	11	74	0	0	74	0	0
5	135192126	.	A	G	8	3	11	0	0	11	0	0
5	135437709	.	T	C	19	13	32	0	0	32	0	0
5	135437715	.	T	C	16	11	27	0	0	27	0	0
5	135665678	.	A	G	1	3	4	0	0	4	0	0
5	136941953	.	A	G	75	14	89	0	2	91	0	0
5	142655047	.	A	G	103	19	122	0	0	122	0	0
5	142856760	.	T	C	18	6	24	0	0	24	0	0
5	142873223	.	T	C	1	2	3	0	0	3	0	0
5	142888875	.	G	T	19	11	30	0	0	30	0	0
5	142976793	.	C	T	13	3	16	0	0	16	0	0
5	143751066	.	A	G	12	3	15	1	1	17	0	0
5	143883169	.	A	G	1	3	4	0	0	4	0	0
5	145045567	.	C	A	1	3	4	0	0	4	0	0
6	21261871	.	A	G	1	2	3	0	0	3	0	0
6	29945686	.	A	G	1	2	3	0	0	3	0	0
6	31492600	.	A	G	19	4	23	0	1	24	0	0
6	31492602	.	A	G	16	6	22	0	1	23	0	0
6	37783131	.	C	T	1	5	6	12	2	20	0	0
6	37847782	.	A	G	6	2	8	0	1	9	0	0
6	38265975	.	T	C	8	2	10	0	0	10	0	0
6	38267444	.	A	G	2	2	4	0	1	5	0	0
6	49231811	.	T	C	18	6	24	0	0	24	0	0
6	49231812	.	T	C	15	8	23	0	2	25	0	0
6	65687744	.	A	G	3	2	5	0	0	5	0	0
6	66517065	.	A	G	2	4	6	0	0	6	0	0
6	66517625	.	A	G	4	7	11	0	0	11	0	0
6	66517635	.	A	G	7	3	10	0	1	11	0	0
6	71841048	.	A	G	1	2	3	0	0	3	0	0
6	71864858	.	T	C	5	2	7	0	0	7	0	0
6	96010042	.	T	C	3	2	5	5	1	11	0	0
6	96010183	.	T	C	2	2	4	6	0	10	0	0
6	119896957	.	A	G	9	2	11	0	0	11	0	0
6	126619121	.	T	C	54	20	74	0	0	74	0	0
6	146733792	.	A	G	1	2	3	0	0	3	0	0
6	148787523	.	T	C	1	2	3	0	0	3	0	0
6	148787524	.	T	C	1	2	3	0	0	3	0	0
7	3339147	.	C	G	1	6	7	0	0	7	0	0
7	3463600	.	A	G	127	23	150	0	2	152	0	0
7	6357880	.	A	G	1	2	3	0	0	3	0	0
7	6969234	.	A	G	19	4	23	0	1	24	0	0
7	16568569	.	A	C	2	2	4	0	0	4	0	0
7	16603988	.	C	A	1	8	9	0	0	9	0	0
7	16619272	.	A	G	9	44	53	2	2	57	0	0
7	16619714	.	A	G	49	23	72	0	2	74	0	0
7	18625988	.	C	T	1	9	10	0	0	10	0	0
7	18696483	.	T	C	5	15	20	0	0	20	0	0
7	18699082	.	T	A	1	6	7	0	0	7	0	0
7	19240036	.	T	C	13	3	16	0	0	16	0	0
7	19638449	.	T	A	3	3	6	0	0	6	0	0
7	19638461	.	T	A	2	4	6	0	0	6	0	0
7	26904993	.	A	G	2	9	11	0	1	12	0	0
7	26905060	.	A	G	3	3	6	0	0	6	0	0
7	27227593	.	T	C	49	14	63	0	0	63	0	0
7	27520956	.	A	G	5	2	7	0	1	8	0	0
7	28922523	.	T	C	6	2	8	0	0	8	0	0
7	29424868	.	A	C	1	2	3	0	0	3	0	0
7	45122274	.	T	C	4	2	6	0	0	6	0	0
7	45141114	.	T	C	5	3	8	0	0	8	0	0
7	49205135	.	A	G	1	3	4	0	0	4	0	0
7	49206073	.	A	G	1	2	3	0	0	3	0	0
7	55591760	.	T	C	1	2	3	0	0	3	0	0
7	60778118	.	A	C	2	2	4	0	0	4	0	0
7	73388713	.	T	C	9	2	11	0	0	11	0	0
7	79574157	.	T	C	5	2	7	0	1	8	0	0
7	81253540	.	T	C	23	4	27	0	1	28	0	0
7	81521934	.	A	G	5	2	7	0	0	7	0	0
7	81521958	.	A	G	4	3	7	0	0	7	0	0
7	81522050	.	A	G	2	4	6	0	1	7	0	0
7	81522943	.	A	G	3	2	5	0	0	5	0	0
7	87959400	.	C	T	4	2	6	0	0	6	0	0
7	121306558	.	T	C	22	4	26	1	1	28	0	0
7	121586933	.	T	C	5	2	7	0	0	7	0	0
7	121586934	.	T	C	4	3	7	0	0	7	0	0
7	123582585	.	A	G	18	3	21	0	0	21	0	0
7	126853494	.	A	G	36	12	48	0	3	51	0	0
7	126853784	.	A	G	70	11	81	0	0	81	0	0
7	130360893	.	A	T	3	12	15	0	0	15	0	0
7	140916604	.	A	G	32	9	41	0	2	43	0	0
7	142207010	.	T	C	31	12	43	0	0	43	0	0
8	17585190	.	T	C	11	2	13	0	0	13	0	0
8	19737779	.	A	G	6	2	8	10	0	18	0	0
8	19737782	.	C	G	6	2	8	10	0	18	0	0
8	19741629	.	C	T	5	5	10	10	0	20	0	0
8	19747748	.	C	A	4	2	6	9	0	15	0	0
8	20030855	.	G	A	18	5	23	5	0	28	0	0
8	20053642	.	A	G	1	2	3	0	0	3	0	0
8	20053647	.	C	T	1	2	3	0	0	3	0	0
8	20157964	.	A	G	8	3	11	48	0	59	0	0
8	20698008	.	A	T	22	6	28	12	1	41	0	0
8	20721217	.	A	G	12	3	15	14	0	29	0	0
8	20727130	.	G	A	27	9	36	3	0	39	0	0
8	25529870	.	C	T	7	4	11	0	2	13	0	0
8	26084735	.	T	C	1	2	3	0	0	3	0	0
8	26305539	.	T	C	13	2	15	0	0	15	0	0
8	35934896	.	A	T	13	1	14	0	0	14	0	0
8	35934898	.	A	C	14	1	15	0	0	15	0	0
8	42700052	.	A	G	2	1	3	2	1	6	0	0
8	42700280	.	T	C	2	3	5	2	0	7	0	0
8	70017218	.	C	G	1	5	6	9	0	15	0	0
8	70017232	.	G	A	1	5	6	3	0	9	0	0
8	70156937	.	T	C	1	2	3	0	0	3	0	0
8	71826392	.	A	G	6	4	10	0	0	10	0	0
8	72977426	.	A	G	17	23	40	0	0	40	0	0
8	84977744	.	T	C	4	3	7	0	0	7	0	0
8	89058442	.	T	C	4	2	6	0	0	6	0	0
8	110817217	.	A	G	32	5	37	0	0	37	0	0
8	111731758	.	T	C	20	7	27	0	0	27	0	0
8	124261954	.	A	G	4	3	7	0	0	7	0	0
8	125620861	.	T	C	25	12	37	0	1	38	0	0
9	3387716	.	A	G	12	4	16	0	0	16	0	0
9	4456006	.	T	C	0	2	2	0	1	3	0	0
9	7836792	.	T	C	5	2	7	0	0	7	0	0
9	20508072	.	A	G	2	3	5	0	1	6	0	0
9	20512443	.	A	G	7	2	9	0	0	9	0	0
9	20515384	.	A	G	4	2	6	0	0	6	0	0
9	21615439	.	A	G	1	3	4	0	0	4	0	0
9	44322493	.	T	C	1	2	3	0	0	3	0	0
9	45747294	.	C	T	3	4	7	1	0	8	0	0
9	47764621	.	G	A	19	5	24	0	6	30	0	0
9	57658827	.	C	T	10	3	13	0	0	13	0	0
9	65253476	.	A	G	7	2	9	0	0	9	0	0
9	66280460	.	A	G	1	2	3	0	0	3	0	0
9	72366578	.	T	C	1	2	3	0	0	3	0	0
9	75411333	.	A	G	2	2	4	0	0	4	0	0
9	78076674	.	A	G	10	3	13	0	1	14	0	0
9	89097389	.	G	A	4	2	6	0	0	6	0	0
9	89990745	.	T	C	1	2	3	0	0	3	0	0
9	95938130	.	A	G	14	3	17	0	0	17	0	0
9	95939206	.	A	G	23	2	25	0	0	25	0	0
9	95939293	.	A	G	19	6	25	0	0	25	0	0
9	96188530	.	A	G	2	2	4	0	0	4	0	0
9	96777818	.	T	C	5	2	7	256	0	263	0	0
9	96981397	.	T	C	1	2	3	0	0	3	0	0
9	98871454	.	A	G	3	2	5	0	0	5	0	0
9	103062470	.	C	A	15	5	20	0	0	20	0	0
9	103062472	.	C	A	5	5	10	0	0	10	0	0
9	106117064	.	T	C	1	3	4	0	0	4	0	0
9	114425843	.	T	C	3	5	8	0	0	8	0	0
9	124033039	.	T	G	4	2	6	0	0	6	0	0
9	124033057	.	G	T	4	2	6	0	0	6	0	0
9	124034058	.	T	G	16	4	20	1	0	21	0	0
X	7774376	.	A	G	6	2	8	0	0	8	0	0
X	37697716	.	A	G	8	2	10	0	1	11	0	0
X	40743129	.	A	G	13	121	134	0	0	134	0	0
X	40743165	.	A	G	6	4	10	0	1	11	0	0
X	55633003	.	T	C	29	5	34	0	0	34	0	0
X	60231705	.	A	G	15	10	25	0	0	25	0	0
X	69388256	.	T	C	38	6	44	0	1	45	0	0
X	73270255	.	T	C	5	6	11	0	0	11	0	0
X	73270468	.	T	C	2	21	23	0	2	25	0	0
X	73328765	.	A	G	7	2	9	0	0	9	0	0
X	80866141	.	T	C	1	2	3	8	0	11	0	0
X	102620158	.	T	C	5	7	12	0	0	12	0	0
X	102620159	.	T	C	4	7	11	0	1	12	0	0
X	102623385	.	T	C	10	2	12	0	0	12	0	0
X	106830700	.	T	C	49	6	55	0	0	55	0	0
X	145978689	.	A	G	61	11	72	0	0	72	0	0
X	149766871	.	T	C	26	11	37	0	11	48	0	0
X	149767614	.	T	C	86	58	144	0	8	152	0	0
X	159360986	.	A	G	20	2	22	0	0	22	0	0
X	162761028	.	T	C	6	3	9	0	0	9	0	0
X	164972992	.	A	G	11	4	15	2	0	17	0	0
X	168759395	.	C	A	3	2	5	0	0	5	0	0
Y	1016394	.	A	G	11	15	26	0	5	31	0	0
