contig	position	variantID	refAllele	altAllele	refCount	altCount	totalCount	lowMAPQDepth	lowBaseQDepth	rawDepth	otherBases	improperPairs
1	16717060	.	T	C	3	4	7	0	0	7	0	0
1	22031785	.	T	C	7	8	15	0	0	15	0	0
1	24655265	.	A	T	0	3	3	30	1	34	0	0
1	24655267	.	T	A	0	3	3	5	1	9	0	0
1	33835490	.	T	C	11	2	13	0	0	13	0	0
1	37482239	.	T	C	23	3	26	0	0	26	0	0
1	39696041	.	A	G	1	2	3	0	0	3	0	0
1	51505428	.	T	C	1	1	2	0	1	3	0	0
1	57011670	.	A	C	2	4	6	0	0	6	0	0
1	59756998	.	A	G	16	3	19	0	0	19	0	0
1	59913367	.	A	G	53	20	73	0	1	74	0	0
1	60116857	.	A	G	1	0	1	0	2	3	0	0
1	60517747	.	A	G	50	26	76	0	11	87	0	0
1	62679123	.	T	C	1	2	3	0	0	3	0	0
1	63094090	.	C	A	8	0	8	0	5	13	0	0
1	63094092	.	G	A	8	1	9	0	4	13	0	0
1	66711873	.	A	G	95	43	138	0	6	144	0	0
1	68074246	.	G	A	15	3	18	0	6	24	0	0
1	75398649	.	A	G	18	6	24	0	2	26	0	0
1	75398708	.	A	G	3	18	21	0	0	21	0	0
1	86275689	.	T	C	30	4	34	0	6	40	0	0
1	86276528	.	T	C	14	10	24	0	0	24	0	0
1	88187766	.	G	A	3	2	5	0	0	5	0	0
1	88188057	.	A	C	1	2	3	0	0	3	0	0
1	88189404	.	C	T	5	2	7	0	0	7	0	0
1	88189435	.	G	C	1	2	3	0	0	3	0	0
1	88189707	.	C	T	1	2	3	0	0	3	0	0
1	88189910	.	T	C	2	4	6	0	0	6	0	0
1	88189938	.	C	A	2	3	5	0	0	5	0	0
1	88190006	.	T	A	2	2	4	0	0	4	0	0
1	88190717	.	G	C	6	2	8	0	0	8	0	0
1	88191237	.	A	C	24	38	62	0	5	67	0	0
1	88191281	.	A	G	64	9	73	0	3	76	0	0
1	88191320	.	C	T	20	27	47	0	2	49	0	0
1	88191468	.	C	G	5	49	54	0	0	54	0	0
1	88191706	.	G	A	41	6	47	0	0	47	0	0
1	88191710	.	T	C	11	33	44	0	0	44	0	0
1	88191744	.	C	A	30	13	43	0	0	43	0	0
1	88191864	.	G	T	66	12	78	0	1	79	0	0
1	88192008	.	C	T	63	9	72	0	6	78	0	0
1	88192048	.	G	C	16	39	55	0	1	56	0	0
1	88192098	.	G	A	51	13	64	0	2	66	0	0
1	88192180	.	G	T	82	11	93	0	3	96	0	0
1	88192184	.	T	A	81	11	92	0	2	94	0	0
1	88192243	.	A	G	9	29	38	0	1	39	0	0
1	88192700	.	G	A	13	28	41	0	2	43	0	0
1	88192756	.	G	A	8	40	48	1	2	51	0	0
1	88192980	.	A	G	3	36	39	4	0	43	0	0
1	88193031	.	C	G	13	20	33	1	1	35	0	0
1	88193194	.	C	T	3	12	15	3	0	18	0	0
1	88193292	.	T	A	1	2	3	5	0	8	0	0
1	88193568	.	A	C	1	5	6	41	1	48	0	0
1	88193917	.	G	A	15	21	36	22	0	58	0	0
1	88194314	.	C	A	45	9	54	4	2	60	0	0
1	88197053	.	T	C	4	7	11	0	0	11	0	0
1	88197991	.	A	G	14	37	51	0	0	51	0	0
1	88200452	.	A	G	2	13	15	0	2	17	0	0
1	88200603	.	A	T	7	4	11	0	2	13	0	0
1	88200605	.	C	A	3	9	12	0	1	13	0	0
1	88200670	.	G	A	1	18	19	0	2	21	0	0
1	88200718	.	C	A	3	14	17	0	0	17	0	0
1	88200771	.	G	A	17	3	20	0	0	20	0	0
1	88200832	.	C	T	6	11	17	0	0	17	0	0
1	88202541	.	C	G	1	2	3	0	0	3	0	0
1	88202772	.	A	T	9	0	9	4	1	14	0	0
1	91223936	.	G	T	1	2	3	0	0	3	0	0
1	133065748	.	A	G	40	8	48	0	2	50	0	0
1	156255182	.	T	C	4	5	9	0	1	10	0	0
1	156255601	.	T	C	6	2	8	0	0	8	0	0
1	156353189	.	A	T	1	2	3	0	0	3	0	0
1	160917186	.	A	G	10	3	13	0	1	14	0	0
1	178780229	.	T	C	2	5	7	0	1	8	0	0
1	180924020	.	T	C	12	6	18	0	1	19	0	0
1	183190594	.	A	G	8	3	11	0	0	11	0	0
10	7524278	.	T	C	6	2	8	0	0	8	0	0
10	18000875	.	A	G	2	2	4	0	0	4	0	0
10	25366838	.	A	G	8	2	10	0	0	10	0	0
10	45751866	.	T	C	1	3	4	1	1	6	0	0
10	45752162	.	G	A	9	3	12	16	1	29	0	0
10	49118584	.	T	C	2	9	11	0	0	11	0	0
10	49118640	.	T	C	8	6	14	0	1	15	0	0
10	49148885	.	T	C	5	28	33	0	2	35	0	0
10	80178535	.	T	G	2	3	5	0	0	5	0	0
10	81182083	.	T	C	18	3	21	0	1	22	0	0
10	81200238	.	A	T	13	2	15	0	3	18	0	0
10	81200244	.	G	T	13	3	16	0	4	20	0	0
10	82486613	.	T	C	13	4	17	0	0	17	0	0
10	93801926	.	T	C	4	3	7	0	0	7	0	0
10	94057224	.	A	G	18	7	25	0	0	25	0	0
10	95326833	.	T	C	1	2	3	0	0	3	0	0
10	112299837	.	A	T	14	1	15	0	7	22	0	0
10	116918901	.	T	C	1	2	3	0	0	3	0	0
10	116919409	.	T	C	1	2	3	0	0	3	0	0
10	126903751	.	T	C	99	15	114	0	2	116	0	0
11	3077575	.	C	A	2	2	4	8	1	13	0	0
11	3407590	.	A	G	8	2	10	0	0	10	0	0
11	5919668	.	A	T	14	4	18	0	0	18	0	0
11	20178606	.	T	C	16	3	19	0	0	19	0	0
11	43572939	.	A	G	7	2	9	0	0	9	0	0
11	45821425	.	T	C	9	6	15	0	0	15	0	0
11	46163470	.	T	C	83	346	429	0	8	437	0	0
11	54730814	.	T	C	14	2	16	0	0	16	0	0
11	69923490	.	A	G	3	3	6	0	0	6	0	0
11	69927869	.	A	G	3	10	13	0	0	13	0	0
11	75067258	.	T	C	20	9	29	0	0	29	0	0
11	75467187	.	G	T	3	3	6	0	0	6	0	0
11	77426880	.	T	C	54	16	70	0	0	70	0	0
11	78736658	.	A	G	12	2	14	0	0	14	0	0
11	82854512	.	A	G	6	3	9	0	0	9	0	0
11	83674148	.	C	T	3	2	5	0	0	5	0	0
11	87014114	.	A	G	13	5	18	0	0	18	0	0
11	94299330	.	C	T	6	2	8	0	0	8	0	0
11	94299332	.	C	T	6	1	7	0	1	8	0	0
11	94431318	.	T	C	8	3	11	0	0	11	0	0
11	94431842	.	T	C	13	2	15	0	0	15	0	0
11	95962283	.	T	C	14	2	16	0	0	16	0	0
11	95962333	.	T	C	9	2	11	0	0	11	0	0
11	97535375	.	T	C	9	3	12	0	0	12	0	0
11	97535690	.	T	C	7	4	11	0	0	11	0	0
11	97536428	.	T	C	16	2	18	0	0	18	0	0
11	98943476	.	T	C	2	2	4	0	0	4	0	0
11	101089557	.	T	C	23	5	28	0	0	28	0	0
11	101089802	.	T	C	6	12	18	0	1	19	0	0
11	106048604	.	T	C	24	3	27	0	0	27	0	0
11	109343566	.	G	T	10	4	14	0	0	14	0	0
11	115915085	.	T	C	8	2	10	0	0	10	0	0
11	116471963	.	T	C	10	35	45	0	3	48	0	0
11	116694266	.	A	G	2	3	5	0	0	5	0	0
12	3454168	.	A	G	45	10	55	13	1	69	0	0
12	3454248	.	A	G	26	43	69	8	6	83	0	0
12	17479686	.	A	G	21	6	27	0	3	30	0	0
12	17479809	.	A	G	18	12	30	0	0	30	0	0
12	31644236	.	T	C	4	2	6	0	0	6	0	0
12	46747117	.	T	C	46	18	64	0	0	64	0	0
12	54718540	.	T	C	34	5	39	0	0	39	0	0
12	54719070	.	T	C	41	8	49	1	1	51	0	0
12	54719142	.	T	C	45	7	52	0	0	52	0	0
12	65113982	.	T	C	6	5	11	0	0	11	0	0
12	69244102	.	A	G	17	12	29	0	0	29	0	0
12	80154594	.	C	T	5	4	9	0	6	15	0	0
12	81245339	.	G	A	17	14	31	0	1	32	0	0
12	83997166	.	T	C	2	2	4	0	0	4	0	0
12	85281423	.	T	C	16	3	19	0	0	19	0	0
12	90715239	.	T	C	3	2	5	0	0	5	0	0
12	91605436	.	T	C	19	3	22	0	1	23	0	0
12	101030534	.	T	C	1	2	3	0	0	3	0	0
12	101030549	.	T	C	1	1	2	0	1	3	0	0
12	101887890	.	T	C	14	7	21	0	0	21	0	0
12	104184586	.	G	A	1	2	3	25	0	28	0	0
12	108861745	.	A	G	4	2	6	0	0	6	0	0
12	109557305	.	C	T	5	2	7	0	0	7	0	0
12	116018543	.	A	G	2	7	9	0	0	9	0	0
13	8901801	.	T	C	16	15	31	2	0	33	0	0
13	14225628	.	T	C	37	7	44	0	1	45	0	0
13	14228102	.	T	C	33	4	37	0	0	37	0	0
13	15989053	.	T	C	2	2	4	0	0	4	0	0
13	17979133	.	T	C	8	4	12	0	0	12	0	0
13	21574169	.	T	C	6	5	11	0	0	11	0	0
13	21576650	.	T	C	10	4	14	0	0	14	0	0
13	24997761	.	G	T	10	3	13	0	1	14	0	0
13	24998572	.	A	G	2	2	4	0	0	4	0	0
13	49683865	.	T	C	8	2	10	0	0	10	0	0
13	49685058	.	A	G	3	2	5	0	1	6	0	0
13	54247412	.	A	T	1	1	2	0	0	2	0	0
13	63690911	.	C	T	4	1	5	0	0	5	0	0
13	64437994	.	T	C	14	4	18	0	0	18	0	0
13	64438124	.	T	C	12	3	15	0	1	16	0	0
13	67967765	.	T	C	4	3	7	0	0	7	0	0
13	94493087	.	T	C	2	2	4	0	0	4	0	0
13	107861323	.	C	T	9	3	12	0	2	14	0	0
13	119625401	.	G	T	21	25	46	0	0	47	1	0
14	9647289	.	A	G	81	22	103	0	3	106	0	0
14	10058181	.	A	G	121	39	160	0	3	163	0	0
14	14533725	.	T	C	1	14	15	1	0	16	0	0
14	21846832	.	A	G	17	37	54	0	0	54	0	0
14	21846833	.	A	G	44	7	51	0	2	53	0	0
14	21847779	.	A	G	76	16	92	0	1	93	0	0
14	26381874	.	T	C	6	3	9	0	0	9	0	0
14	26381875	.	T	C	6	2	8	0	0	8	0	0
14	26382360	.	T	C	2	4	6	0	0	6	0	0
14	26382413	.	T	C	5	3	8	0	0	8	0	0
14	29717268	.	A	G	3	2	5	0	0	5	0	0
14	29788070	.	T	C	21	6	27	0	0	27	0	0
14	29788078	.	T	C	19	11	30	0	0	30	0	0
14	32018582	.	A	G	28	11	39	0	0	39	0	0
14	33104119	.	A	G	6	2	8	0	0	8	0	0
14	51013458	.	T	C	10	2	12	0	0	12	0	0
14	51109987	.	A	G	7	4	11	0	0	11	0	0
14	56488182	.	G	A	2	1	3	0	0	3	0	0
14	60451313	.	T	C	2	3	5	0	0	5	0	0
14	62778406	.	G	T	1	4	5	2	0	7	0	0
14	65291200	.	A	G	14	2	16	0	18	34	0	0
14	70759709	.	T	C	6	1	7	0	1	8	0	0
14	75957159	.	T	C	18	10	28	0	3	31	0	0
14	103584115	.	T	C	25	10	35	0	1	36	0	0
14	118470948	.	C	T	3	2	5	0	4	9	0	0
14	121273016	.	A	G	10	3	13	0	0	13	0	0
15	5150309	.	T	C	5	2	7	17	0	24	0	0
15	8187674	.	A	G	4	5	9	0	1	10	0	0
15	8188973	.	A	G	4	5	9	0	3	12	0	0
15	55118258	.	A	G	12	3	15	0	0	15	0	0
15	75525421	.	T	C	2	2	4	0	0	4	0	0
15	79142612	.	A	G	4	2	6	0	0	6	0	0
15	79571382	.	G	A	29	9	38	0	10	48	0	0
15	80853421	.	A	G	3	2	5	0	0	5	0	0
15	81074873	.	T	G	1	1	2	0	1	3	0	0
15	81799307	.	G	A	31	6	37	0	16	53	0	0
15	84836683	.	T	C	11	2	13	0	0	13	0	0
15	98634993	.	T	C	14	25	39	0	1	40	0	0
15	98731431	.	T	C	27	4	31	0	0	31	0	0
15	98932415	.	C	T	1	2	3	255	0	258	0	0
15	99024474	.	G	C	9	1	10	0	0	10	0	0
15	99024475	.	G	C	10	1	11	0	0	11	0	0
15	99142536	.	T	C	6	5	11	4	0	15	0	0
15	99626091	.	A	G	2	10	12	0	2	14	0	0
15	103406316	.	A	G	8	2	10	0	0	10	0	0
16	3680985	.	T	C	24	8	32	0	0	32	0	0
16	13520445	.	A	G	38	9	47	0	1	48	0	0
16	13651947	.	T	C	16	8	24	0	0	24	0	0
16	17321752	.	A	G	9	2	11	0	0	11	0	0
16	18444429	.	G	A	5	2	7	0	0	7	0	0
16	18653678	.	A	G	60	12	72	0	1	73	0	0
16	19942498	.	A	G	35	19	54	0	1	55	0	0
16	30330773	.	T	C	9	4	13	0	0	13	0	0
16	32119150	.	A	G	15	13	28	0	0	28	0	0
16	43453695	.	C	T	6	2	8	0	1	9	0	0
16	52026501	.	G	T	3	2	5	0	0	5	0	0
16	87230813	.	T	C	11	4	15	0	1	16	0	0
16	87230814	.	T	C	12	5	17	0	0	17	0	0
16	91287619	.	A	G	2	2	4	0	0	4	0	0
16	91453021	.	A	G	99	15	114	0	2	116	0	0
16	97658547	.	T	C	5	2	7	0	0	7	0	0
17	6173291	.	A	G	8	3	11	0	2	13	0	0
17	15741073	.	A	G	2	4	6	0	0	6	0	0
17	23392907	.	A	G	6	3	9	0	0	9	0	0
17	29919711	.	G	T	2	4	6	0	0	7	1	0
17	33037766	.	T	C	17	2	19	0	0	19	0	0
17	33037804	.	T	C	13	2	15	0	1	16	0	0
17	33552004	.	T	C	14	4	18	0	0	18	0	0
17	34147531	.	A	G	21	16	37	0	1	38	0	0
17	40158498	.	T	C	3910	5219	9129	0	173	9726	424	0
17	40159543	.	T	C	27	245	272	0	4	276	0	0
17	45973875	.	T	C	40	101	141	0	7	148	0	0
17	46727582	.	A	G	3	2	5	0	0	5	0	0
17	80354319	.	T	C	4	3	7	0	0	7	0	0
17	95067479	.	T	C	15	16	31	0	2	33	0	0
17	95183584	.	T	C	1	2	3	1	0	4	0	0
17	95183592	.	A	G	1	2	3	1	0	4	0	0
18	32235930	.	A	G	5	2	7	0	0	7	0	0
18	32236019	.	A	G	6	2	8	0	0	8	0	0
18	32561134	.	A	G	37	11	48	0	0	48	0	0
18	35807586	.	T	C	68	14	82	0	1	83	0	0
18	53040085	.	C	T	2	2	4	0	0	4	0	0
18	61328635	.	T	C	7	2	9	0	0	9	0	0
18	61328636	.	T	C	7	2	9	0	0	9	0	0
18	65610162	.	A	G	2	1	3	0	1	4	0	0
18	70600805	.	T	A	2	2	4	0	0	4	0	0
18	74828534	.	G	C	9	1	10	0	0	10	0	0
18	74828538	.	T	A	9	1	10	0	0	10	0	0
18	82712421	.	T	C	2	3	5	5	0	10	0	0
19	3940126	.	A	G	1	2	3	0	0	3	0	0
19	4813117	.	T	C	6	2	8	0	0	8	0	0
19	4938619	.	T	C	14	3	17	1	0	18	0	0
19	5015429	.	A	G	4	2	6	0	0	6	0	0
19	7515480	.	A	G	25	10	35	0	1	36	0	0
19	8868484	.	A	G	7	2	9	0	0	9	0	0
19	8900203	.	A	G	2	2	4	0	1	5	0	0
19	10223060	.	T	C	35	68	103	0	1	104	0	0
19	10885930	.	A	G	2	4	6	0	0	6	0	0
19	12441626	.	A	G	37	4	41	0	0	41	0	0
19	32443360	.	A	G	1	1	2	31	3	36	0	0
19	43429365	.	A	G	17	7	24	0	0	24	0	0
19	43429601	.	A	G	17	13	30	0	0	30	0	0
19	43429686	.	A	G	41	7	48	0	1	49	0	0
19	43429753	.	A	G	30	8	38	0	2	40	0	0
19	44993669	.	T	C	61	6	67	0	0	67	0	0
19	59891374	.	A	G	13	2	15	0	1	16	0	0
2	14152860	.	A	G	44	7	51	0	0	51	0	0
2	18220113	.	T	C	15	4	19	0	1	20	0	0
2	22478526	.	A	G	1	2	3	8	2	13	0	0
2	22478670	.	T	A	2	1	3	20	7	30	0	0
2	26278313	.	A	G	5	2	7	0	0	7	0	0
2	26278314	.	A	G	5	2	7	0	0	7	0	0
2	27153718	.	T	C	11	2	13	0	0	13	0	0
2	29666798	.	T	C	26	3	29	4	0	33	0	0
2	31937444	.	A	G	16	3	19	0	0	19	0	0
2	32174582	.	T	C	7	2	9	0	0	9	0	0
2	32196762	.	A	G	59	10	69	0	4	73	0	0
2	35230886	.	G	A	4	2	6	20	1	27	0	0
2	38614173	.	T	C	3	2	5	0	0	5	0	0
2	39086578	.	T	A	13	3	16	0	2	18	0	0
2	40445910	.	G	T	1	4	5	4	2	11	0	0
2	40446473	.	T	C	1	3	4	8	0	12	0	0
2	66314260	.	G	C	1	4	5	4	0	9	0	0
2	91043632	.	A	G	48	10	58	0	1	59	0	0
2	102612558	.	T	A	213	58	271	1	19	291	0	0
2	104122759	.	T	A	1	0	1	0	2	3	0	0
2	104122765	.	T	G	1	3	4	0	0	4	0	0
2	117173318	.	C	A	111	94	205	0	7	212	0	0
2	120451649	.	A	G	23	9	32	3	0	35	0	0
2	130715901	.	T	C	3	5	8	0	0	8	0	0
2	132151800	.	A	G	67	313	380	0	7	387	0	0
2	144382358	.	A	G	24	3	27	0	0	27	0	0
2	152114942	.	A	G	2	5	7	0	0	7	0	0
2	152114977	.	A	G	8	2	10	0	0	10	0	0
2	153108264	.	A	G	7	2	9	0	0	9	0	0
2	154379850	.	A	G	30	8	38	0	0	38	0	0
2	157400030	.	T	C	118	21	139	10	3	152	0	0
2	158170335	.	T	C	5	2	7	0	0	7	0	0
2	158225545	.	A	G	305	64	369	0	4	373	0	0
2	158226873	.	A	G	83	293	376	1	13	391	1	0
2	158438124	.	T	C	16	3	19	0	0	19	0	0
2	163309459	.	T	C	7	9	16	0	0	16	0	0
2	164953669	.	T	C	44	9	53	0	0	53	0	0
2	164953773	.	T	C	34	9	43	0	1	44	0	0
2	169913325	.	A	G	3	3	6	0	0	6	0	0
2	169913421	.	A	G	8	3	11	0	0	11	0	0
2	174169694	.	A	G	142	18	160	0	6	166	0	0
2	174179551	.	T	C	2	0	2	0	3	5	0	0
3	19279149	.	T	C	10	2	12	0	0	12	0	0
3	32566339	.	A	G	6	3	9	0	1	10	0	0
3	32635577	.	T	C	6	2	8	0	0	8	0	0
3	32636549	.	T	C	21	5	26	0	1	27	0	0
3	36146600	.	A	G	2	4	6	5	0	11	0	0
3	40748697	.	A	G	47	6	53	14	1	68	0	0
3	57551841	.	T	C	2	2	4	0	0	4	0	0
3	57551908	.	T	C	1	6	7	0	0	7	0	0
3	57551912	.	T	C	5	2	7	0	0	7	0	0
3	60525133	.	A	G	5	2	7	0	0	7	0	0
3	80599593	.	T	C	32	51	83	0	0	83	0	0
3	80613850	.	T	C	17	8	25	0	0	25	0	0
3	80614159	.	T	C	6	10	16	0	0	16	0	0
3	80614215	.	T	C	147	48	195	0	0	195	0	0
3	85463819	.	T	C	2	2	4	0	0	4	0	0
3	88259549	.	A	G	4	2	6	0	0	6	0	0
3	88259584	.	A	G	7	2	9	0	0	9	0	0
3	89090052	.	G	A	6	1	7	0	3	10	0	0
3	94407989	.	C	T	47	9	56	0	3	59	0	0
3	96539776	.	A	G	4	27	31	0	0	31	0	0
3	96540029	.	A	G	28	9	37	0	2	39	0	0
3	102973406	.	A	G	30	5	35	0	0	35	0	0
3	103187243	.	A	G	24	4	28	0	1	29	0	0
3	104835351	.	A	G	5	3	8	0	0	8	0	0
3	135112631	.	T	C	55	13	68	0	2	70	0	0
3	138265030	.	A	G	19	3	22	0	0	22	0	0
4	21911309	.	A	G	22	6	28	0	1	29	0	0
4	21911886	.	A	G	12	2	14	0	0	14	0	0
4	32022582	.	A	G	31	8	39	0	0	39	0	0
4	33019420	.	A	G	94	32	126	0	2	128	0	0
4	33020417	.	A	G	59	58	117	0	1	118	0	0
4	41025845	.	A	G	11	3	14	0	0	14	0	0
4	41507658	.	G	T	5	2	7	0	1	8	0	0
4	41518514	.	T	C	204	48	252	0	1	253	0	0
4	53030901	.	C	T	4	2	6	0	1	7	0	0
4	62342224	.	A	G	19	5	24	0	0	24	0	0
4	62371673	.	T	C	2	3	5	0	0	5	0	0
4	69844043	.	C	T	2	1	3	10	1	14	0	0
4	86495344	.	G	T	54	11	65	0	2	69	2	0
4	94477968	.	T	C	1	2	3	0	0	3	0	0
4	108198313	.	A	G	6	4	10	0	1	11	0	0
4	118484005	.	A	G	9	23	32	0	2	34	0	0
4	118484020	.	A	G	22	7	29	0	4	33	0	0
4	118484072	.	A	G	27	11	38	0	0	38	0	0
4	119080668	.	T	C	13	4	17	0	2	19	0	0
4	123830781	.	T	C	4	2	6	0	1	7	0	0
4	124698932	.	C	T	0	2	2	0	1	3	0	0
4	124838094	.	A	G	13	10	23	0	0	23	0	0
4	125982944	.	A	G	12	11	23	0	0	23	0	0
4	125982950	.	A	G	22	4	26	0	0	26	0	0
4	125985458	.	A	G	17	6	23	0	0	23	0	0
4	129742181	.	C	A	10	5	15	0	5	20	0	0
4	133389520	.	T	C	9	4	13	0	1	14	0	0
4	137987341	.	A	G	78	17	95	0	1	96	0	0
4	137987354	.	A	G	57	33	90	0	2	92	0	0
4	140678893	.	A	G	15	3	18	0	0	18	0	0
4	141488012	.	T	C	35	8	43	0	0	43	0	0
4	144314687	.	A	G	1	2	3	21	0	24	0	0
4	147595230	.	T	C	3	1	4	0	0	4	0	0
4	147907821	.	T	C	6	4	10	0	0	10	0	0
4	148140817	.	A	G	15	3	18	0	0	18	0	0
4	149203211	.	A	G	20	5	25	0	1	26	0	0
4	149552635	.	T	C	3	3	6	0	1	7	0	0
4	155706828	.	A	G	8	7	15	0	1	16	0	0
4	155800382	.	A	G	7	2	9	0	0	9	0	0
4	155800978	.	A	G	5	4	9	0	0	9	0	0
4	156095123	.	A	G	66	63	129	0	1	130	0	0
4	156105638	.	T	C	5	2	7	0	0	7	0	0
5	9016048	.	A	G	3	2	5	0	0	5	0	0
5	22733550	.	C	T	3	4	7	4	0	11	0	0
5	23749540	.	T	C	1	2	3	0	0	3	0	0
5	24649635	.	T	C	26	7	33	0	1	34	0	0
5	29658129	.	A	G	1	7	8	0	0	8	0	0
5	31330824	.	T	C	7	5	12	0	0	12	0	0
5	33151062	.	T	A	6	11	17	0	0	17	0	0
5	33762299	.	T	C	1	2	3	0	0	3	0	0
5	37025998	.	G	C	3	2	5	0	4	9	0	0
5	37026002	.	G	C	5	3	8	0	4	12	0	0
5	41786041	.	T	C	8	3	11	0	0	11	0	0
5	65605388	.	T	C	59	17	76	0	0	76	0	0
5	65605389	.	T	C	50	22	72	0	2	74	0	0
5	77555578	.	T	C	3	11	14	0	0	14	0	0
5	77555630	.	T	C	5	12	17	0	0	17	0	0
5	81168532	.	G	A	7	2	9	0	0	9	0	0
5	110081429	.	C	T	2	3	5	0	0	5	0	0
5	110081431	.	C	T	2	3	5	0	0	5	0	0
5	114866901	.	T	C	9	2	11	0	0	11	0	0
5	114894318	.	T	C	1	2	3	0	0	3	0	0
5	121683511	.	T	C	15	4	19	0	0	19	0	0
5	121683667	.	T	C	16	2	18	0	0	18	0	0
5	121941595	.	A	G	1	3	4	0	0	4	0	0
5	122546590	.	A	G	15	3	18	0	0	18	0	0
5	122546790	.	A	G	12	3	15	0	0	15	0	0
5	123386729	.	A	G	25	12	37	0	1	38	0	0
5	123880062	.	T	C	4	2	6	0	0	6	0	0
5	125534541	.	A	G	63	41	104	1	2	107	0	0
5	129795880	.	A	G	19	5	24	0	1	25	0	0
5	130014307	.	A	G	71	9	80	0	1	81	0	0
5	135193588	.	A	G	2	5	7	0	0	7	0	0
5	135437709	.	T	C	11	8	19	0	0	19	0	0
5	135665678	.	A	G	1	2	3	0	0	3	0	0
5	136941953	.	A	G	77	29	106	0	5	112	1	0
5	142655047	.	A	G	72	23	95	0	1	96	0	0
5	142856760	.	T	C	15	4	19	0	1	20	0	0
5	143382050	.	A	G	4	3	7	0	0	7	0	0
5	143382364	.	A	G	1	2	3	0	0	3	0	0
5	143840226	.	A	G	14	2	16	0	1	17	0	0
5	145045567	.	C	A	4	4	8	0	0	8	0	0
6	5423400	.	G	A	1	4	5	0	0	5	0	0
6	8457537	.	C	T	1	4	5	0	0	5	0	0
6	8457544	.	C	T	1	5	6	0	0	6	0	0
6	8593048	.	C	T	1	5	6	4	1	11	0	0
6	11933901	.	C	G	6	2	8	5	0	13	0	0
6	11933902	.	C	G	6	2	8	5	0	13	0	0
6	12041543	.	T	A	18	8	26	1	2	29	0	0
6	15378021	.	A	G	6	7	13	0	0	13	0	0
6	15378033	.	G	A	9	3	12	0	0	12	0	0
6	18433384	.	A	G	1	10	11	0	1	12	0	0
6	18433782	.	T	C	2	11	13	0	0	13	0	0
6	25689644	.	G	A	18	22	40	0	2	42	0	0
6	29761302	.	T	C	7	2	9	0	0	9	0	0
6	31492600	.	A	G	17	2	19	0	0	19	0	0
6	31492602	.	A	G	8	6	14	0	3	17	0	0
6	37783131	.	C	T	0	0	0	10	4	14	0	0
6	37847782	.	A	G	17	3	20	0	1	21	0	0
6	38266059	.	T	C	6	2	8	0	0	8	0	0
6	39312088	.	T	C	25	4	29	0	0	29	0	0
6	39312096	.	T	C	22	6	28	0	0	28	0	0
6	42291298	.	G	C	1	1	2	0	2	4	0	0
6	42291301	.	A	C	1	2	3	0	1	4	0	0
6	57994494	.	G	T	4	2	6	31	3	40	0	0
6	65684467	.	A	G	4	3	7	0	0	7	0	0
6	66517065	.	A	G	5	2	7	0	0	7	0	0
6	66517625	.	A	G	9	14	23	0	0	23	0	0
6	66517635	.	A	G	18	7	25	0	0	25	0	0
6	67273501	.	A	G	6	2	8	0	0	8	0	0
6	72584973	.	T	C	11	2	13	0	0	13	0	0
6	75273522	.	C	T	1	2	3	68	1	72	0	0
6	83273717	.	T	A	6	2	8	0	0	8	0	0
6	86398969	.	A	G	9	2	11	0	0	11	0	0
6	86714112	.	C	T	1	6	7	0	0	7	0	0
6	86974677	.	T	C	1	10	11	0	1	12	0	0
6	96010183	.	T	C	3	2	5	2	0	7	0	0
6	120177008	.	T	G	1	3	4	0	0	4	0	0
6	120177009	.	G	A	1	3	4	0	0	4	0	0
6	120746026	.	A	G	1	2	3	0	0	3	0	0
6	124717179	.	T	C	14	2	16	0	0	16	0	0
6	124717185	.	T	C	11	3	14	0	0	14	0	0
6	126619121	.	T	C	74	41	115	0	2	117	0	0
6	145765195	.	T	C	3	2	5	0	1	6	0	0
6	146734488	.	G	T	7	2	9	0	0	9	0	0
7	3463600	.	A	G	103	22	125	0	1	126	0	0
7	4123496	.	T	G	3	2	5	0	1	6	0	0
7	6967217	.	A	G	35	4	39	1	0	40	0	0
7	6969234	.	A	G	26	4	30	0	0	30	0	0
7	12659914	.	G	T	0	2	2	0	0	2	0	0
7	16619272	.	A	G	4	40	44	1	2	47	0	0
7	16619450	.	A	G	10	2	12	0	0	12	0	0
7	16619714	.	A	G	57	23	80	0	1	81	0	0
7	18871912	.	A	G	1	8	9	0	0	9	0	0
7	18873733	.	T	C	10	4	14	0	1	15	0	0
7	18955536	.	G	T	1	8	9	0	1	10	0	0
7	19013462	.	A	T	1	1	2	0	0	2	0	0
7	19013465	.	A	C	2	1	3	0	0	3	0	0
7	23840986	.	C	A	12	2	14	3	0	17	0	0
7	23899047	.	T	C	1	9	10	0	0	10	0	0
7	25502766	.	T	C	5	2	7	0	0	7	0	0
7	26904992	.	A	G	6	3	9	0	0	9	0	0
7	26904993	.	A	G	4	5	9	0	0	9	0	0
7	26905060	.	A	G	7	5	12	0	0	12	0	0
7	27189439	.	G	T	1	13	14	0	0	14	0	0
7	27227593	.	T	C	43	11	54	0	3	57	0	0
7	27451386	.	T	C	1	2	3	0	0	3	0	0
7	27520956	.	A	G	12	4	16	0	0	16	0	0
7	27663507	.	T	C	1	2	3	0	1	4	0	0
7	27663582	.	A	G	3	3	6	0	0	6	0	0
7	27663968	.	C	T	1	3	4	6	0	10	0	0
7	27879779	.	G	A	1	2	3	0	0	3	0	0
7	28848060	.	A	G	1	3	4	0	0	4	0	0
7	28922504	.	T	C	4	2	6	0	0	6	0	0
7	30770338	.	T	C	6	2	8	0	0	8	0	0
7	30908086	.	A	G	2	2	4	0	0	4	0	0
7	45032973	.	T	C	2	9	11	0	0	11	0	0
7	45123845	.	A	T	9	4	13	0	0	13	0	0
7	49205135	.	A	G	5	2	7	0	0	7	0	0
7	55428344	.	G	A	7	3	10	0	0	10	0	0
7	59328655	.	A	G	9	2	11	4	0	15	0	0
7	79889662	.	A	G	2	2	4	0	0	4	0	0
7	81522050	.	A	G	2	2	4	0	0	4	0	0
7	81533652	.	C	T	26	19	45	0	1	46	0	0
7	83274886	.	T	C	6	4	10	0	1	11	0	0
7	92286491	.	G	T	4	1	5	0	1	6	0	0
7	92286496	.	G	T	3	1	4	0	2	6	0	0
7	98969304	.	A	G	16	2	18	0	0	18	0	0
7	104060021	.	G	T	1	1	2	0	1	3	0	0
7	110655309	.	T	C	20	10	30	0	2	32	0	0
7	123582103	.	A	G	19	4	23	0	0	23	0	0
7	126853494	.	A	G	51	7	58	0	2	60	0	0
7	126853784	.	A	G	55	7	62	0	1	63	0	0
7	127003345	.	G	T	4	2	6	1	1	8	0	0
7	127519065	.	A	G	3	2	5	0	0	5	0	0
7	139716520	.	A	G	3	3	6	0	0	6	0	0
7	140916604	.	A	G	35	4	39	0	1	40	0	0
7	142207010	.	T	C	69	15	84	0	2	86	0	0
8	14140659	.	G	A	37	4	41	0	1	42	0	0
8	14140661	.	A	C	34	5	39	0	1	40	0	0
8	19741629	.	C	T	7	4	11	9	0	20	0	0
8	19747710	.	G	A	8	2	10	15	0	25	0	0
8	19834807	.	A	T	16	3	19	43	1	63	0	0
8	19834818	.	G	A	14	2	16	32	1	49	0	0
8	20030843	.	C	T	20	5	25	7	1	33	0	0
8	20030855	.	G	A	17	2	19	7	0	26	0	0
8	20698008	.	A	T	16	6	22	17	0	39	0	0
8	20727130	.	G	A	40	10	50	6	1	57	0	0
8	26305538	.	T	C	7	2	9	0	1	10	0	0
8	26305539	.	T	C	7	4	11	0	0	11	0	0
8	42700052	.	A	G	1	2	3	4	0	7	0	0
8	48564795	.	A	G	1	8	9	0	0	9	0	0
8	48593676	.	A	T	1	2	3	0	0	3	0	0
8	48593679	.	T	C	1	2	3	0	0	3	0	0
8	48593781	.	A	T	1	8	9	0	0	9	0	0
8	61958891	.	G	T	6	2	8	0	0	8	0	0
8	70346834	.	A	T	14	3	17	0	1	18	0	0
8	72935941	.	A	G	4	3	7	0	0	7	0	0
8	72935942	.	A	G	3	3	6	0	0	6	0	0
8	72977426	.	A	G	15	24	39	0	1	40	0	0
8	84723069	.	T	A	8	2	10	0	0	10	0	0
8	84977744	.	T	C	2	3	5	0	0	5	0	0
8	88685947	.	T	C	3	2	5	0	0	5	0	0
8	104987504	.	A	G	1	2	3	0	0	3	0	0
8	107299930	.	C	T	0	2	2	5	1	8	0	0
8	110817217	.	A	G	25	9	34	0	1	35	0	0
8	111731758	.	T	C	21	3	24	0	0	24	0	0
8	123983917	.	A	G	1	2	3	0	0	3	0	0
8	125620546	.	T	C	18	3	21	0	1	22	0	0
8	125620861	.	T	C	27	8	35	0	0	35	0	0
9	3387701	.	A	G	12	4	16	0	0	16	0	0
9	3387771	.	A	G	23	4	27	0	0	27	0	0
9	4456006	.	T	C	2	4	6	0	0	6	0	0
9	20512443	.	A	G	7	2	9	0	0	9	0	0
9	20513879	.	A	G	2	5	7	0	0	7	0	0
9	32640002	.	T	C	7	0	7	0	0	7	0	0
9	44164317	.	C	T	7	2	9	0	0	9	0	0
9	44203921	.	T	C	11	2	13	0	0	13	0	0
9	55056705	.	A	G	10	2	12	0	0	12	0	0
9	57051592	.	T	C	6	2	8	0	0	8	0	0
9	64047190	.	G	A	2	1	3	0	0	3	0	0
9	65253476	.	A	G	6	2	8	0	0	8	0	0
9	65253551	.	A	G	10	2	12	0	1	13	0	0
9	65253624	.	A	G	9	2	11	0	0	11	0	0
9	67127254	.	T	C	21	3	24	0	0	24	0	0
9	72366578	.	T	C	1	2	3	0	1	4	0	0
9	72857136	.	A	G	23	4	27	0	0	27	0	0
9	87072713	.	A	G	3	3	6	0	0	6	0	0
9	95939293	.	A	G	25	8	33	0	0	33	0	0
9	96777818	.	T	C	4	2	6	258	1	265	0	0
9	103062470	.	C	A	16	3	19	0	0	19	0	0
9	103062472	.	C	A	4	5	9	0	0	9	0	0
9	103357245	.	C	T	6	2	8	0	0	8	0	0
9	109659804	.	T	C	12	2	14	0	1	15	0	0
9	109660362	.	C	T	6	2	8	0	0	8	0	0
9	113684258	.	G	A	1	0	1	0	2	3	0	0
9	113684267	.	C	A	1	1	2	0	1	3	0	0
9	119878923	.	C	T	23	34	57	0	2	59	0	0
9	122725978	.	A	G	2	3	5	0	0	5	0	0
9	124034058	.	T	G	25	10	35	2	0	37	0	0
X	9133894	.	A	G	8	2	10	0	0	10	0	0
X	35462802	.	T	C	14	3	17	0	0	18	1	0
X	36451244	.	A	T	2	2	4	0	0	4	0	0
X	40743129	.	A	G	14	98	112	0	1	113	0	0
X	55633003	.	T	C	37	10	47	0	0	47	0	0
X	60231705	.	A	G	10	7	17	0	0	17	0	0
X	73270255	.	T	C	7	7	14	0	0	14	0	0
X	73270256	.	T	C	3	10	13	0	1	14	0	0
X	73270468	.	T	C	3	10	13	0	0	13	0	0
X	80866141	.	T	C	2	2	4	11	0	15	0	0
X	102623385	.	T	C	4	3	7	0	0	7	0	0
X	106830700	.	T	C	54	11	65	0	1	66	0	0
X	119547306	.	G	A	6	0	6	0	0	6	0	0
X	145978689	.	A	G	68	12	80	0	0	80	0	0
X	149766871	.	T	C	42	13	55	1	5	61	0	0
X	149767614	.	T	C	87	70	157	2	8	167	0	0
Y	1016394	.	A	G	6	9	15	0	1	16	0	0
