contig	position	variantID	refAllele	altAllele	refCount	altCount	totalCount	lowMAPQDepth	lowBaseQDepth	rawDepth	otherBases	improperPairs
1	4562857	.	C	T	2	2	4	0	0	4	0	0
1	16717060	.	T	C	4	3	7	0	1	8	0	0
1	17074463	.	C	A	12	1	13	0	0	13	0	0
1	17074465	.	T	C	11	1	12	0	0	12	0	0
1	22031785	.	T	C	1	6	7	0	0	7	0	0
1	24655265	.	A	T	1	3	4	36	0	40	0	0
1	24655267	.	T	A	1	3	4	2	0	6	0	0
1	38906327	.	T	C	1	2	3	0	0	3	0	0
1	59756998	.	A	G	5	2	7	0	1	8	0	0
1	59913367	.	A	G	36	22	58	0	2	60	0	0
1	60517747	.	A	G	37	26	63	1	7	71	0	0
1	63156443	.	A	G	3	3	6	0	0	6	0	0
1	66711873	.	A	G	65	40	105	1	1	107	0	0
1	75398649	.	A	G	17	6	23	0	1	24	0	0
1	75398708	.	A	G	2	13	15	0	0	15	0	0
1	82721604	.	A	T	5	2	7	0	0	7	0	0
1	82721605	.	A	T	5	1	6	0	1	7	0	0
1	84883650	.	T	C	5	2	7	0	0	7	0	0
1	85982554	.	T	C	4	2	6	0	1	7	0	0
1	86275650	.	T	C	19	3	22	0	1	23	0	0
1	86276528	.	T	C	12	3	15	0	0	15	0	0
1	88187259	.	T	C	1	2	3	0	0	3	0	0
1	88188057	.	A	C	1	3	4	0	0	4	0	0
1	88188255	.	C	T	1	3	4	0	0	4	0	0
1	88188277	.	C	G	2	2	4	0	0	4	0	0
1	88188745	.	T	A	5	3	8	0	0	8	0	0
1	88189031	.	G	A	2	2	4	0	0	4	0	0
1	88189611	.	A	G	1	2	3	0	0	3	0	0
1	88189685	.	C	A	2	2	4	0	0	4	0	0
1	88190679	.	A	G	3	2	5	0	0	5	0	0
1	88190921	.	C	T	3	10	13	0	1	14	0	0
1	88191237	.	A	C	15	20	35	0	2	37	0	0
1	88191281	.	A	G	31	9	40	0	1	41	0	0
1	88191320	.	C	T	15	26	41	0	0	41	0	0
1	88191706	.	G	A	24	10	34	0	0	34	0	0
1	88191710	.	T	C	14	15	29	0	1	30	0	0
1	88191864	.	G	T	37	7	44	0	0	44	0	0
1	88191993	.	A	G	4	39	43	0	9	52	0	0
1	88192008	.	C	T	37	8	45	0	5	50	0	0
1	88192037	.	T	A	3	14	17	0	0	17	0	0
1	88192048	.	G	C	17	21	38	0	1	39	0	0
1	88192098	.	G	A	44	5	49	0	0	49	0	0
1	88192180	.	G	T	43	6	49	0	1	50	0	0
1	88192184	.	T	A	45	7	52	0	2	54	0	0
1	88192243	.	A	G	9	40	49	0	0	49	0	0
1	88192700	.	G	A	5	17	22	0	1	23	0	0
1	88192756	.	G	A	7	36	43	0	0	43	0	0
1	88192844	.	G	A	2	22	24	0	0	24	0	0
1	88192980	.	A	G	3	19	22	1	2	25	0	0
1	88193031	.	C	G	4	11	15	0	1	16	0	0
1	88193194	.	C	T	2	6	8	4	0	12	0	0
1	88193292	.	T	A	2	2	4	3	0	7	0	0
1	88193568	.	A	C	1	4	5	27	0	32	0	0
1	88193917	.	G	A	4	16	20	17	0	37	0	0
1	88194314	.	C	A	37	11	48	4	0	52	0	0
1	88197053	.	T	C	0	7	7	0	0	7	0	0
1	88197991	.	A	G	7	39	46	0	1	47	0	0
1	88200605	.	C	A	1	9	10	0	0	10	0	0
1	88200653	.	A	C	2	19	21	0	1	22	0	0
1	88200670	.	G	A	2	21	23	0	0	23	0	0
1	88200718	.	C	A	3	9	12	0	0	12	0	0
1	88200832	.	C	T	3	15	18	0	1	19	0	0
1	88202664	.	A	G	2	3	5	0	0	5	0	0
1	88202772	.	A	T	1	1	2	1	0	3	0	0
1	88205286	.	A	T	9	2	11	4	1	16	0	0
1	93712789	.	T	G	1	1	2	0	1	3	0	0
1	133065748	.	A	G	37	8	45	0	1	46	0	0
1	133628927	.	T	C	1	3	4	0	0	4	0	0
1	135160587	.	A	G	1	2	3	3	0	6	0	0
1	152713324	.	G	A	20	7	27	0	4	31	0	0
1	156255182	.	T	C	7	13	20	0	0	20	0	0
1	156255601	.	T	C	5	5	10	0	0	10	0	0
1	160835343	.	T	C	5	2	7	0	0	7	0	0
1	165058059	.	T	C	8	4	12	0	0	12	0	0
1	178779916	.	T	C	8	2	10	0	0	10	0	0
1	180924020	.	T	C	11	6	17	0	0	17	0	0
1	183190594	.	A	G	11	3	14	0	0	14	0	0
1	183190682	.	A	G	9	3	12	0	0	12	0	0
10	13405211	.	T	C	2	2	4	0	0	4	0	0
10	49118584	.	T	C	2	4	6	0	0	6	0	0
10	49148872	.	T	C	2	20	22	0	0	22	0	0
10	49148885	.	T	C	3	22	25	0	0	25	0	0
10	57391874	.	C	T	14	4	18	0	2	20	0	0
10	80521810	.	T	C	12	2	14	0	0	14	0	0
10	81366434	.	G	T	5	3	8	0	5	13	0	0
10	82486613	.	T	C	16	11	27	0	1	28	0	0
10	92651841	.	C	T	3	2	5	0	0	5	0	0
10	94057224	.	A	G	9	2	11	0	0	11	0	0
10	126903751	.	T	C	57	12	69	0	0	69	0	0
10	127038297	.	T	C	2	4	6	1	0	7	0	0
10	127038306	.	T	C	5	2	7	1	0	8	0	0
10	127149485	.	A	C	2	2	4	0	0	4	0	0
11	3079274	.	C	T	2	1	3	2	0	5	0	0
11	4091399	.	T	C	12	7	19	0	0	19	0	0
11	19671034	.	A	G	1	2	3	3	0	6	0	0
11	20178606	.	T	C	12	3	15	0	0	15	0	0
11	46163470	.	T	C	71	317	388	1	6	395	0	0
11	53440228	.	A	G	115	97	212	0	8	220	0	0
11	54730814	.	T	C	11	3	14	0	0	14	0	0
11	59348432	.	G	A	12	6	18	0	2	20	0	0
11	69673957	.	A	G	11	2	13	0	0	13	0	0
11	69674128	.	A	G	8	3	11	0	0	11	0	0
11	69922901	.	A	G	5	3	8	0	0	8	0	0
11	69924806	.	A	G	8	2	10	0	0	10	0	0
11	69926648	.	A	G	9	2	11	0	0	11	0	0
11	69927869	.	A	G	2	3	5	0	0	5	0	0
11	69937302	.	A	G	9	5	14	0	1	15	0	0
11	69937304	.	A	G	13	2	15	0	1	16	0	0
11	75067258	.	T	C	23	9	32	0	1	33	0	0
11	77185313	.	C	T	9	1	10	220	2	232	0	0
11	77185315	.	G	T	9	2	11	293	2	306	0	0
11	77426880	.	T	C	47	13	60	0	0	61	1	0
11	77600713	.	C	T	10	2	12	0	1	13	0	0
11	77600717	.	T	C	13	1	14	0	0	14	0	0
11	83331406	.	G	T	1	1	2	0	0	2	0	0
11	83331408	.	G	T	1	1	2	0	0	2	0	0
11	86521574	.	T	C	1	2	3	4	0	7	0	0
11	87014114	.	A	G	11	2	13	0	0	13	0	0
11	97978020	.	A	G	1	2	3	0	0	3	0	0
11	100488792	.	T	C	4	3	7	0	0	7	0	0
11	103222923	.	C	T	4	4	8	0	0	8	0	0
11	106047713	.	G	A	7	2	9	0	0	9	0	0
11	115360085	.	G	C	3	1	4	0	0	4	0	0
11	115360087	.	G	T	3	1	4	0	0	4	0	0
11	116471963	.	T	C	3	12	15	0	2	17	0	0
12	3454168	.	A	G	45	11	56	10	0	66	0	0
12	3454248	.	A	G	21	40	61	9	1	71	0	0
12	17479686	.	A	G	6	2	8	0	1	9	0	0
12	17479809	.	A	G	5	8	13	0	0	13	0	0
12	46747117	.	T	C	22	16	38	0	1	39	0	0
12	54118387	.	C	T	5	2	7	0	1	8	0	0
12	54118393	.	C	T	6	1	7	0	1	8	0	0
12	54718540	.	T	C	18	6	24	0	1	25	0	0
12	54719070	.	T	C	28	4	32	0	1	33	0	0
12	54719142	.	T	C	26	10	36	0	1	37	0	0
12	71041403	.	A	G	4	21	25	0	2	27	0	0
12	71041945	.	A	G	25	4	29	0	1	30	0	0
12	73975614	.	A	G	2	3	5	0	0	5	0	0
12	78887986	.	T	C	4	3	7	0	0	7	0	0
12	80154594	.	C	T	6	1	7	0	2	9	0	0
12	98949293	.	C	A	9	1	10	0	3	13	0	0
12	100843672	.	T	C	16	2	18	0	0	18	0	0
12	101887890	.	T	C	9	7	16	0	0	16	0	0
12	104183610	.	T	C	1	2	3	0	0	3	0	0
12	109690223	.	A	G	2	2	4	0	0	4	0	0
12	109693307	.	A	G	1	3	4	0	0	4	0	0
12	109709598	.	T	C	5	2	7	0	1	8	0	0
12	116226503	.	A	G	1	5	6	0	1	7	0	0
12	117245811	.	C	T	4	2	6	0	0	6	0	0
13	8901801	.	T	C	6	4	10	1	0	11	0	0
13	14225628	.	T	C	19	8	27	0	0	27	0	0
13	14226674	.	T	C	36	6	42	0	0	42	0	0
13	14228102	.	T	C	30	5	35	1	1	37	0	0
13	21574169	.	T	C	6	3	9	0	0	9	0	0
13	21574188	.	T	C	10	3	13	0	1	14	0	0
13	63690911	.	C	T	0	4	4	0	0	4	0	0
13	64437994	.	T	C	11	3	14	0	0	14	0	0
13	74508407	.	A	G	7	3	10	0	1	11	0	0
13	92577452	.	G	A	4	2	6	0	1	7	0	0
14	9647289	.	A	G	60	7	67	0	1	68	0	0
14	10058181	.	A	G	102	34	136	0	5	141	0	0
14	14533725	.	T	C	1	15	16	0	1	17	0	0
14	14533732	.	T	C	16	2	18	0	0	18	0	0
14	21846832	.	A	G	17	31	48	1	1	50	0	0
14	21847779	.	A	G	54	10	64	0	1	65	0	0
14	26381874	.	T	C	6	2	8	0	0	8	0	0
14	26381875	.	T	C	4	4	8	0	0	8	0	0
14	26382413	.	T	C	2	3	5	0	0	5	0	0
14	26827131	.	A	G	2	2	4	0	0	4	0	0
14	28227215	.	T	C	2	2	4	0	0	4	0	0
14	29788070	.	T	C	24	5	29	0	0	29	0	0
14	29788078	.	T	C	21	11	32	0	0	32	0	0
14	31083156	.	A	G	6	2	8	0	0	8	0	0
14	32018582	.	A	G	23	9	32	0	1	33	0	0
14	32300088	.	A	G	4	3	7	0	2	9	0	0
14	51013458	.	T	C	4	3	7	0	1	8	0	0
14	51109987	.	A	G	2	1	3	0	1	4	0	0
14	60451313	.	T	C	3	4	7	0	0	7	0	0
14	75957159	.	T	C	8	3	11	0	1	12	0	0
14	77852920	.	C	T	13	5	18	0	0	18	0	0
14	99552141	.	C	T	2	3	5	0	0	5	0	0
14	103584115	.	T	C	22	8	30	0	1	31	0	0
14	121273016	.	A	G	3	5	8	0	0	8	0	0
15	5150549	.	A	G	3	2	5	1	0	6	0	0
15	8187674	.	A	G	5	7	12	0	0	12	0	0
15	8188973	.	A	G	1	4	5	0	0	5	0	0
15	10988866	.	A	G	5	1	6	0	0	6	0	0
15	66158075	.	T	C	15	4	19	0	0	19	0	0
15	79133222	.	G	A	28	18	46	0	0	46	0	0
15	81791419	.	A	G	2	2	4	0	0	4	0	0
15	83742681	.	G	A	3	2	5	0	0	5	0	0
15	98634993	.	T	C	16	31	47	0	2	49	0	0
15	98731431	.	T	C	33	6	39	0	1	40	0	0
15	98932415	.	C	T	1	2	3	162	0	165	0	0
15	99142536	.	T	C	9	7	16	2	0	18	0	0
15	99626091	.	A	G	7	2	9	0	0	9	0	0
16	3683212	.	T	C	7	2	9	0	0	9	0	0
16	3901834	.	G	A	19	5	24	0	5	29	0	0
16	4444240	.	T	C	4	3	7	0	1	8	0	0
16	13520445	.	A	G	20	6	26	0	0	26	0	0
16	16866848	.	A	G	4	3	7	0	1	8	0	0
16	18653678	.	A	G	40	14	54	0	1	55	0	0
16	19942498	.	A	G	44	23	67	0	1	68	0	0
16	20363153	.	A	G	1	2	3	0	0	3	0	0
16	32119150	.	A	G	18	10	28	0	0	28	0	0
16	35834348	.	A	G	1	2	3	0	0	3	0	0
16	35834520	.	A	G	1	2	3	0	0	3	0	0
16	87230814	.	T	C	7	3	10	0	0	10	0	0
16	87270467	.	A	G	9	2	11	0	0	11	0	0
16	87737431	.	T	C	1	1	2	0	0	2	0	0
16	91453021	.	A	G	64	18	82	1	1	84	0	0
17	17566113	.	A	G	4	2	6	41	2	49	0	0
17	18050496	.	A	G	2	3	5	0	0	5	0	0
17	21943290	.	A	G	9	3	12	0	0	12	0	0
17	23394030	.	C	T	11	4	15	0	3	18	0	0
17	23984765	.	T	C	9	3	12	0	0	12	0	0
17	29521001	.	A	G	2	6	8	0	1	9	0	0
17	32280157	.	A	G	4	3	7	0	0	7	0	0
17	34147531	.	A	G	9	5	14	0	1	15	0	0
17	36580955	.	T	C	3	2	5	0	0	5	0	0
17	40158498	.	T	C	3532	4475	8007	4	194	8502	297	0
17	40159543	.	T	C	22	194	216	0	4	220	0	0
17	45973875	.	T	C	21	75	96	0	5	101	0	0
17	50586902	.	G	A	4	2	6	0	0	6	0	0
17	52159296	.	A	G	2	2	4	0	0	4	0	0
17	56901870	.	A	G	4	2	6	0	0	6	0	0
17	95067479	.	T	C	15	13	28	0	0	28	0	0
17	95068552	.	T	C	39	5	44	0	0	44	0	0
18	6792650	.	A	G	27	4	31	0	1	32	0	0
18	24097953	.	A	G	5	3	8	0	0	8	0	0
18	32232655	.	A	G	8	1	9	0	0	9	0	0
18	32235930	.	A	G	2	3	5	0	0	5	0	0
18	32561134	.	A	G	44	7	51	0	0	51	0	0
18	34343091	.	A	G	4	2	6	0	0	6	0	0
18	35743341	.	A	G	10	6	16	0	0	16	0	0
18	35807586	.	T	C	59	12	71	0	1	72	0	0
18	35935410	.	A	G	1	2	3	0	1	4	0	0
18	46869696	.	T	C	4	2	6	0	0	6	0	0
18	62797640	.	A	G	1	2	3	0	0	3	0	0
18	65610148	.	A	G	2	4	6	0	0	6	0	0
18	65610162	.	A	G	5	2	7	0	0	7	0	0
18	70117369	.	C	T	10	1	11	0	3	14	0	0
18	70117372	.	A	T	11	0	11	0	3	14	0	0
18	77345695	.	A	G	1	2	3	0	0	3	0	0
18	77345701	.	A	G	1	0	1	0	0	1	0	0
18	77720998	.	C	A	17	0	17	0	7	24	0	0
18	77721001	.	G	A	16	1	17	0	7	24	0	0
19	3916452	.	A	G	12	2	14	0	0	14	0	0
19	10223060	.	T	C	23	46	69	0	4	73	0	0
19	10498402	.	T	C	2	2	4	0	0	4	0	0
19	10551492	.	T	C	1	3	4	1	0	5	0	0
19	12441626	.	A	G	24	5	29	0	1	30	0	0
19	23185389	.	A	G	10	3	13	0	1	14	0	0
19	36860342	.	A	G	2	2	4	0	0	4	0	0
19	43429365	.	A	G	5	2	7	0	0	7	0	0
19	43429601	.	A	G	10	15	25	0	1	26	0	0
19	43429686	.	A	G	24	5	29	0	0	29	0	0
19	43429753	.	A	G	16	6	22	0	0	22	0	0
19	44993669	.	T	C	25	4	29	0	0	29	0	0
19	44993727	.	T	C	34	4	38	0	1	39	0	0
19	46269407	.	A	G	2	2	4	0	0	4	0	0
19	46583614	.	A	G	2	2	4	0	0	4	0	0
19	46873054	.	A	G	11	3	14	0	1	15	0	0
19	47072011	.	A	G	3	2	5	0	0	5	0	0
19	54034084	.	G	C	13	1	14	0	0	14	0	0
19	54034085	.	G	C	11	1	12	0	0	12	0	0
2	3461293	.	A	G	1	4	5	0	0	5	0	0
2	3461313	.	A	G	3	2	5	0	0	5	0	0
2	6448875	.	C	T	3	2	5	0	1	6	0	0
2	18220113	.	T	C	7	2	9	0	0	9	0	0
2	22478526	.	A	G	2	2	4	6	1	11	0	0
2	23404783	.	T	C	1	2	3	0	0	3	0	0
2	31937444	.	A	G	9	2	11	0	1	12	0	0
2	32506353	.	A	G	2	2	4	0	0	4	0	0
2	65854573	.	A	T	1	17	18	0	1	19	0	0
2	91043632	.	A	G	48	7	55	0	1	56	0	0
2	94215387	.	T	C	0	2	2	0	1	3	0	0
2	102612558	.	T	A	199	59	258	0	15	274	1	0
2	104511430	.	T	C	15	2	17	0	0	17	0	0
2	112185846	.	A	G	5	3	8	0	0	8	0	0
2	112186230	.	A	G	7	3	10	0	0	10	0	0
2	118700801	.	A	G	10	5	15	0	0	15	0	0
2	120451649	.	A	G	20	6	26	1	0	27	0	0
2	121374289	.	A	G	1	3	4	0	0	4	0	0
2	132151800	.	A	G	48	286	334	1	7	342	0	0
2	144408755	.	C	T	21	30	51	0	1	52	0	0
2	149585866	.	C	A	2	2	4	0	0	4	0	0
2	149585867	.	G	A	2	1	3	0	1	4	0	0
2	152114942	.	A	G	1	3	4	0	0	4	0	0
2	152121490	.	A	G	7	2	9	4	2	15	0	0
2	153108492	.	A	G	10	2	12	0	0	12	0	0
2	154379850	.	A	G	19	5	24	0	1	25	0	0
2	155980520	.	T	C	2	2	4	0	0	4	0	0
2	157400030	.	T	C	66	11	77	4	0	81	0	0
2	158225545	.	A	G	356	43	399	0	2	401	0	0
2	158226873	.	A	G	106	308	414	0	13	427	0	0
2	163309459	.	T	C	7	11	18	0	0	18	0	0
2	164953773	.	T	C	29	7	36	0	0	36	0	0
2	168057882	.	T	C	3	3	6	0	0	6	0	0
2	174169694	.	A	G	70	14	84	0	3	87	0	0
2	180625950	.	A	G	15	3	18	0	1	19	0	0
3	19278361	.	T	C	9	2	11	0	0	11	0	0
3	32636549	.	T	C	14	2	16	0	2	18	0	0
3	40748697	.	A	G	47	5	52	9	0	61	0	0
3	40781887	.	A	T	1	2	3	0	0	3	0	0
3	45394888	.	T	C	3	2	5	0	0	5	0	0
3	58582415	.	A	G	7	2	9	0	1	10	0	0
3	65866372	.	A	G	2	3	5	0	0	5	0	0
3	65879022	.	A	G	1	2	3	0	0	3	0	0
3	80599593	.	T	C	27	51	78	0	1	79	0	0
3	80613850	.	T	C	17	3	20	0	0	20	0	0
3	80614159	.	T	C	17	8	25	0	0	25	0	0
3	80614215	.	T	C	99	47	146	0	1	147	0	0
3	80707571	.	T	G	1	3	4	0	0	4	0	0
3	89968020	.	A	G	4	2	6	0	1	7	0	0
3	94794244	.	T	A	10	2	12	0	1	13	0	0
3	94794245	.	G	A	11	2	13	0	0	13	0	0
3	95091560	.	T	C	8	2	10	0	0	10	0	0
3	96539776	.	A	G	2	14	16	0	0	16	0	0
3	102973406	.	A	G	39	7	46	0	1	47	0	0
3	104835351	.	A	G	5	4	9	0	0	9	0	0
3	104835352	.	A	G	7	2	9	0	0	9	0	0
3	107389447	.	C	G	7	2	9	0	0	9	0	0
3	116423211	.	A	G	4	2	6	0	1	7	0	0
3	116423212	.	A	G	4	3	7	0	0	7	0	0
3	116426399	.	T	C	8	2	10	0	0	10	0	0
3	135112631	.	T	C	44	11	55	0	0	55	0	0
4	21836550	.	A	G	25	4	29	0	1	30	0	0
4	21911886	.	A	G	6	2	8	0	0	8	0	0
4	32022582	.	A	G	20	7	27	0	0	27	0	0
4	33019420	.	A	G	73	15	88	0	2	90	0	0
4	33020417	.	A	G	59	49	108	0	1	110	1	0
4	41518514	.	T	C	145	26	171	0	4	175	0	0
4	62342224	.	A	G	10	2	12	0	1	13	0	0
4	62371673	.	T	C	1	2	3	0	0	3	0	0
4	69844043	.	C	T	1	3	4	6	0	10	0	0
4	75860914	.	G	T	4	3	7	0	4	11	0	0
4	86495344	.	G	T	55	6	61	1	0	62	0	0
4	108198313	.	A	G	6	7	13	0	0	13	0	0
4	116410052	.	T	C	12	2	14	0	0	14	0	0
4	116410105	.	T	C	11	3	14	0	0	14	0	0
4	118484005	.	A	G	10	15	25	0	0	25	0	0
4	118484072	.	A	G	9	5	14	0	0	14	0	0
4	119081410	.	T	C	16	4	20	0	1	21	0	0
4	124838094	.	A	G	8	7	15	0	0	15	0	0
4	125982944	.	A	G	6	7	13	0	0	13	0	0
4	125982950	.	A	G	12	2	14	0	0	14	0	0
4	125982989	.	A	G	9	2	11	0	0	11	0	0
4	137987341	.	A	G	62	9	71	0	1	72	0	0
4	137987354	.	A	G	48	20	68	0	0	68	0	0
4	140678893	.	A	G	10	4	14	0	0	14	0	0
4	141488012	.	T	C	35	4	39	0	1	40	0	0
4	148140817	.	A	G	7	2	9	0	0	9	0	0
4	149202654	.	A	G	20	3	23	1	1	25	0	0
4	149552635	.	T	C	4	3	7	0	1	8	0	0
4	149552818	.	T	C	1	2	3	0	0	3	0	0
4	155705483	.	A	G	35	5	40	0	0	41	1	0
4	155706828	.	A	G	12	6	18	0	3	21	0	0
4	155800382	.	A	G	9	3	12	1	0	13	0	0
4	155800978	.	A	G	9	2	11	0	0	11	0	0
4	156095123	.	A	G	60	32	92	0	1	93	0	0
5	24649635	.	T	C	23	2	25	0	0	25	0	0
5	25430722	.	A	G	3	3	6	0	0	6	0	0
5	30780634	.	C	T	7	5	12	0	0	12	0	0
5	31330824	.	T	C	7	9	16	0	0	16	0	0
5	31330825	.	T	C	12	3	15	0	0	15	0	0
5	65605388	.	T	C	47	21	68	0	2	70	0	0
5	65605389	.	T	C	45	22	67	0	3	70	0	0
5	77062100	.	A	T	6	2	8	0	1	9	0	0
5	77062101	.	A	T	8	2	10	0	0	10	0	0
5	77555578	.	T	C	5	8	13	0	0	13	0	0
5	77555630	.	T	C	3	5	8	0	1	9	0	0
5	104652843	.	A	G	27	4	31	0	0	31	0	0
5	104652845	.	A	G	27	5	32	0	0	32	0	0
5	110081429	.	C	T	2	2	4	0	0	4	0	0
5	110081431	.	C	T	2	1	3	0	1	4	0	0
5	122546790	.	A	G	5	5	10	0	0	10	0	0
5	123386729	.	A	G	11	8	19	0	0	19	0	0
5	125094342	.	T	G	14	5	19	0	6	25	0	0
5	125534541	.	A	G	53	14	67	0	1	68	0	0
5	129798517	.	A	G	15	6	21	0	0	21	0	0
5	130014307	.	A	G	53	7	60	0	1	61	0	0
5	130901794	.	A	G	1	2	3	0	0	3	0	0
5	135437709	.	T	C	24	3	27	0	0	27	0	0
5	135437715	.	T	C	17	5	22	0	0	22	0	0
5	136195233	.	T	C	3	2	5	0	0	5	0	0
5	136941953	.	A	G	46	12	58	0	1	59	0	0
5	142655047	.	A	G	74	17	91	0	0	91	0	0
5	142856760	.	T	C	15	4	19	0	1	20	0	0
5	143382050	.	A	G	3	2	5	0	0	5	0	0
5	143751019	.	A	G	11	2	13	0	0	13	0	0
5	143840226	.	A	G	6	2	8	0	2	10	0	0
5	150559490	.	A	C	1	2	3	0	0	3	0	0
6	7871529	.	A	G	1	11	12	0	0	12	0	0
6	7872587	.	G	A	1	8	9	0	0	9	0	0
6	12041543	.	T	A	16	8	24	0	0	24	0	0
6	12042840	.	A	G	1	6	7	0	2	9	0	0
6	17531542	.	G	A	1	2	3	0	0	3	0	0
6	25689644	.	G	A	16	12	28	0	1	29	0	0
6	31492600	.	A	G	14	5	19	0	1	20	0	0
6	31492602	.	A	G	10	9	19	0	1	20	0	0
6	47501555	.	G	A	66	45	111	0	3	114	0	0
6	47503006	.	T	C	4	2	6	0	0	6	0	0
6	47773202	.	G	A	1	0	1	0	4	5	0	0
6	47849226	.	A	G	6	2	8	0	0	8	0	0
6	49231811	.	T	C	8	4	12	0	1	13	0	0
6	49231812	.	T	C	6	6	12	0	1	13	0	0
6	49233394	.	T	C	11	4	15	0	0	15	0	0
6	66517065	.	A	G	1	3	4	0	1	5	0	0
6	66517625	.	A	G	2	7	9	0	0	9	0	0
6	66517635	.	A	G	7	2	9	0	0	9	0	0
6	85878060	.	T	C	1	7	8	1	0	9	0	0
6	85878069	.	C	T	1	6	7	2	0	9	0	0
6	86399264	.	A	T	1	8	9	0	0	9	0	0
6	86504429	.	A	G	1	2	3	0	0	3	0	0
6	86624702	.	C	T	1	14	15	0	0	15	0	0
6	86826197	.	G	A	1	6	7	0	0	7	0	0
6	86969772	.	T	C	1	4	5	0	1	6	0	0
6	96010042	.	T	C	1	1	2	2	1	5	0	0
6	96010333	.	A	G	3	2	5	0	0	5	0	0
6	117152626	.	C	T	1	2	3	0	0	3	0	0
6	118538893	.	A	G	1	12	13	0	0	13	0	0
6	118566945	.	T	C	2	24	26	0	0	26	0	0
6	124717179	.	T	C	6	1	7	0	0	7	0	0
6	124717185	.	T	C	5	2	7	0	0	7	0	0
6	126619121	.	T	C	54	30	84	0	2	86	0	0
7	3386270	.	A	G	9	2	11	0	0	11	0	0
7	3463600	.	A	G	75	13	88	0	1	89	0	0
7	6357880	.	A	G	4	3	7	0	0	7	0	0
7	6967217	.	A	G	20	3	23	0	0	23	0	0
7	6969234	.	A	G	9	2	11	0	0	11	0	0
7	12624932	.	G	A	1	5	6	0	0	6	0	0
7	12707548	.	A	G	1	2	3	0	0	3	0	0
7	15931162	.	A	G	1	2	3	0	0	3	0	0
7	16348501	.	T	G	10	6	16	1	0	17	0	0
7	16348503	.	A	T	10	6	16	1	0	17	0	0
7	16568569	.	A	C	3	3	6	0	1	7	0	0
7	16619272	.	A	G	4	15	19	0	0	19	0	0
7	16619714	.	A	G	28	12	40	0	1	41	0	0
7	18696483	.	T	C	16	9	25	0	0	25	0	0
7	18698973	.	A	T	1	12	13	0	0	13	0	0
7	18873733	.	T	C	11	3	14	0	0	14	0	0
7	18981774	.	C	G	1	4	5	0	0	5	0	0
7	19192472	.	T	G	3	2	5	1	1	7	0	0
7	23991116	.	C	T	1	11	12	0	0	12	0	0
7	24002349	.	G	A	1	13	14	0	0	14	0	0
7	26904992	.	A	G	9	4	13	0	0	13	0	0
7	26905060	.	A	G	3	3	6	0	0	6	0	0
7	27227593	.	T	C	33	8	41	0	3	44	0	0
7	27520956	.	A	G	3	2	5	0	0	5	0	0
7	27663968	.	C	T	1	4	5	5	0	10	0	0
7	27706778	.	C	T	5	3	8	1	0	9	0	0
7	27706780	.	C	T	6	3	9	1	0	10	0	0
7	28868929	.	T	C	5	2	7	0	0	7	0	0
7	28922504	.	T	C	3	2	5	0	0	5	0	0
7	30147339	.	C	A	1	7	8	0	0	8	0	0
7	30147622	.	T	A	1	5	6	0	0	6	0	0
7	33901179	.	G	A	1	12	13	0	0	13	0	0
7	35090723	.	A	G	4	3	7	0	0	7	0	0
7	35090726	.	A	G	5	2	7	0	0	7	0	0
7	39217068	.	A	G	16	3	19	0	0	19	0	0
7	39218901	.	A	G	7	2	9	0	0	9	0	0
7	45032973	.	T	C	8	8	16	0	0	16	0	0
7	45484581	.	A	G	2	2	4	0	0	4	0	0
7	58980132	.	T	C	1	2	3	0	0	3	0	0
7	59101097	.	T	C	5	3	8	4	0	12	0	0
7	59627377	.	G	A	7	4	11	0	7	18	0	0
7	73387821	.	T	C	7	3	10	0	0	10	0	0
7	81522050	.	A	G	3	5	8	0	0	8	0	0
7	109658909	.	T	C	2	2	4	1	0	5	0	0
7	109659027	.	T	C	1	2	3	1	0	4	0	0
7	110655309	.	T	C	25	7	32	0	3	35	0	0
7	126853494	.	A	G	25	5	30	0	0	30	0	0
7	126853784	.	A	G	42	8	50	0	0	50	0	0
7	127519013	.	A	G	2	2	4	0	0	4	0	0
7	130360893	.	A	T	1	11	12	0	0	12	0	0
7	133274642	.	C	T	3	2	5	0	0	5	0	0
7	140916604	.	A	G	29	4	33	0	0	33	0	0
7	142207010	.	T	C	23	11	34	0	0	34	0	0
7	144474176	.	A	G	12	2	14	0	0	14	0	0
8	3589493	.	A	G	6	2	8	0	0	8	0	0
8	5690030	.	A	G	1	4	5	6	1	12	0	0
8	19741629	.	C	T	2	2	4	1	0	5	0	0
8	19747710	.	G	A	4	2	6	4	0	10	0	0
8	20030843	.	C	T	11	2	13	4	0	17	0	0
8	20030855	.	G	A	8	3	11	4	0	15	0	0
8	20170102	.	A	G	4	2	6	6	0	12	0	0
8	20698008	.	A	T	19	4	23	21	0	44	0	0
8	20727130	.	G	A	19	10	29	0	0	29	0	0
8	26306143	.	T	C	10	3	13	0	0	13	0	0
8	26306360	.	T	C	8	2	10	0	0	10	0	0
8	69565992	.	C	T	283	301	584	0	8	592	0	0
8	70017218	.	C	G	1	6	7	8	0	15	0	0
8	70017232	.	G	A	1	7	8	1	0	9	0	0
8	70156869	.	T	C	1	3	4	0	0	4	0	0
8	70156871	.	T	C	2	2	4	0	0	4	0	0
8	72935942	.	A	G	2	3	5	0	0	5	0	0
8	72977426	.	A	G	12	14	26	0	0	26	0	0
8	84977744	.	T	C	6	2	8	0	0	8	0	0
8	85684004	.	T	C	6	2	8	0	0	8	0	0
8	91813651	.	G	T	10	10	20	0	2	22	0	0
8	94744441	.	A	T	14	1	15	2	12	29	0	0
8	104987504	.	A	G	1	4	5	0	0	5	0	0
8	106041448	.	T	C	1	1	2	0	1	3	0	0
8	107299930	.	C	T	0	2	2	5	2	9	0	0
8	110817217	.	A	G	22	7	29	0	2	31	0	0
8	111731758	.	T	C	16	6	22	0	0	22	0	0
8	124261954	.	A	G	6	3	9	0	1	10	0	0
8	125620546	.	T	C	22	3	25	0	1	26	0	0
8	125620861	.	T	C	24	7	31	0	0	31	0	0
9	3387716	.	A	G	8	2	10	0	0	10	0	0
9	4456006	.	T	C	2	1	3	0	0	3	0	0
9	21819883	.	C	T	4	0	4	0	4	8	0	0
9	21819886	.	A	C	3	0	3	0	5	8	0	0
9	43957544	.	A	G	7	4	11	0	0	11	0	0
9	51914072	.	G	A	1	2	3	0	0	3	0	0
9	55056705	.	A	G	10	2	12	0	1	14	1	0
9	65253476	.	A	G	4	3	7	0	0	7	0	0
9	66280825	.	A	G	1	2	3	0	0	3	0	0
9	78076674	.	A	G	7	3	10	0	0	10	0	0
9	88478739	.	T	C	2	2	4	0	1	5	0	0
9	95939293	.	A	G	11	5	16	0	0	16	0	0
9	96777818	.	T	C	3	2	5	218	1	224	0	0
9	108178884	.	G	A	10	2	12	0	0	12	0	0
9	108683376	.	C	T	2	2	4	0	0	4	0	0
9	109722252	.	T	A	4	0	4	0	2	6	0	0
9	119878923	.	C	T	18	14	32	0	2	34	0	0
9	124034058	.	T	G	23	13	36	0	1	37	0	0
X	37697716	.	A	G	4	2	6	0	0	6	0	0
X	40743165	.	A	G	4	3	7	0	0	7	0	0
X	55633003	.	T	C	37	7	44	0	1	45	0	0
X	56429832	.	C	A	16	2	18	0	5	23	0	0
X	60231705	.	A	G	19	11	30	0	1	31	0	0
X	69388256	.	T	C	40	6	46	0	0	46	0	0
X	70883164	.	A	G	1	2	3	0	0	3	0	0
X	73270255	.	T	C	9	6	15	0	0	15	0	0
X	73270256	.	T	C	3	12	15	0	0	15	0	0
X	73270468	.	T	C	1	11	12	0	0	12	0	0
X	73328765	.	A	G	11	2	13	0	0	13	0	0
X	80866141	.	T	C	1	3	4	10	1	15	0	0
X	102547484	.	A	G	1	2	3	0	0	3	0	0
X	102620158	.	T	C	3	7	10	0	0	10	0	0
X	102620159	.	T	C	4	6	10	0	0	10	0	0
X	102623385	.	T	C	5	3	8	0	0	8	0	0
X	103389699	.	G	A	0	2	2	2	2	6	0	0
X	106830700	.	T	C	38	11	49	0	0	49	0	0
X	145978689	.	A	G	42	15	57	0	0	57	0	0
X	149766871	.	T	C	31	5	36	1	6	43	0	0
X	149767614	.	T	C	79	70	149	0	6	155	0	0
X	164972992	.	A	G	7	3	10	3	0	13	0	0
