contig	position	variantID	refAllele	altAllele	refCount	altCount	totalCount	lowMAPQDepth	lowBaseQDepth	rawDepth	otherBases	improperPairs
1	6280352	.	T	C	1	2	3	0	0	3	0	0
1	10101253	.	T	C	1	2	3	0	0	3	0	0
1	15790832	.	A	T	5	2	7	0	1	8	0	0
1	17834918	.	T	C	4	2	6	0	1	7	0	0
1	36405381	.	T	C	4	2	6	0	0	6	0	0
1	39694447	.	C	T	1	6	7	0	0	7	0	0
1	42789922	.	A	G	3	2	5	0	0	5	0	0
1	57982191	.	A	C	18	8	26	0	1	27	0	0
1	59913367	.	A	G	56	19	75	0	1	76	0	0
1	60517747	.	A	G	43	21	64	1	13	78	0	0
1	63156443	.	A	G	3	2	5	0	0	5	0	0
1	66711873	.	A	G	80	14	94	0	5	99	0	0
1	74631584	.	A	G	2	2	4	0	0	4	0	0
1	75398649	.	A	G	18	10	28	0	1	29	0	0
1	75398708	.	A	G	4	19	23	0	0	23	0	0
1	86275689	.	T	C	28	5	33	0	1	34	0	0
1	86276528	.	T	C	12	5	17	0	0	17	0	0
1	87923572	.	G	A	6	2	8	0	1	9	0	0
1	88187311	.	C	T	2	2	4	0	0	4	0	0
1	88188255	.	C	T	2	3	5	0	0	5	0	0
1	88188277	.	C	G	1	2	3	0	0	3	0	0
1	88189360	.	G	A	2	2	4	0	0	4	0	0
1	88189462	.	G	A	1	3	4	0	0	4	0	0
1	88189707	.	C	T	1	3	4	0	0	4	0	0
1	88189910	.	T	C	1	1	2	0	1	3	0	0
1	88190661	.	G	C	3	2	5	0	0	5	0	0
1	88190921	.	C	T	2	6	8	0	0	8	0	0
1	88191237	.	A	C	13	28	41	0	5	46	0	0
1	88191281	.	A	G	44	8	52	0	4	56	0	0
1	88191320	.	C	T	8	36	44	0	2	46	0	0
1	88191468	.	C	G	4	41	45	0	1	46	0	0
1	88191706	.	G	A	25	10	35	0	0	35	0	0
1	88191710	.	T	C	8	26	34	0	2	36	0	0
1	88191744	.	C	A	29	5	34	0	0	34	0	0
1	88191864	.	G	T	45	10	55	0	0	55	0	0
1	88191993	.	A	G	4	35	39	0	8	47	0	0
1	88192008	.	C	T	42	11	53	0	5	58	0	0
1	88192048	.	G	C	13	22	35	0	0	35	0	0
1	88192098	.	G	A	34	10	44	0	0	44	0	0
1	88192180	.	G	T	31	5	36	0	1	37	0	0
1	88192184	.	T	A	33	6	39	0	1	40	0	0
1	88192243	.	A	G	15	30	45	0	0	45	0	0
1	88192700	.	G	A	3	27	30	0	2	32	0	0
1	88192756	.	G	A	7	37	44	0	0	44	0	0
1	88192980	.	A	G	4	31	35	1	2	38	0	0
1	88193031	.	C	G	8	13	21	0	0	21	0	0
1	88193194	.	C	T	2	3	5	5	0	10	0	0
1	88193568	.	A	C	4	2	6	36	0	42	0	0
1	88193917	.	G	A	6	18	24	15	1	40	0	0
1	88194314	.	C	A	32	4	36	3	0	39	0	0
1	88197053	.	T	C	15	23	38	0	0	38	0	0
1	88197991	.	A	G	11	42	53	0	0	53	0	0
1	88200653	.	A	C	2	17	19	0	0	19	0	0
1	88200670	.	G	A	2	18	20	0	0	20	0	0
1	88200718	.	C	A	1	9	10	0	0	10	0	0
1	88200832	.	C	T	2	7	9	0	0	9	0	0
1	88202772	.	A	T	27	4	31	1	0	32	0	0
1	88203447	.	G	A	1	2	3	1	0	4	0	0
1	133065748	.	A	G	38	5	43	0	1	44	0	0
1	134707276	.	T	C	1	2	3	0	0	3	0	0
1	143021625	.	A	C	2	2	4	0	0	4	0	0
1	143618368	.	C	T	5	3	8	0	0	8	0	0
1	156255182	.	T	C	2	11	13	0	0	13	0	0
1	156255601	.	T	C	4	3	7	0	1	8	0	0
1	156351897	.	T	C	1	1	2	21	1	24	0	0
1	160797092	.	T	C	8	3	11	0	0	11	0	0
1	160839934	.	T	C	4	2	6	0	0	6	0	0
1	160842749	.	T	C	4	2	6	0	0	6	0	0
1	171331146	.	C	T	1	2	3	0	2	5	0	0
1	171716688	.	A	G	4	1	5	0	1	6	0	0
1	178779916	.	T	C	5	2	7	0	0	7	0	0
1	178781864	.	T	C	6	2	8	0	0	8	0	0
1	180154924	.	G	A	5	2	7	0	0	7	0	0
1	180924020	.	T	C	21	9	30	0	0	30	0	0
1	183105229	.	A	G	18	3	21	0	0	21	0	0
1	183105230	.	A	G	18	3	21	0	0	21	0	0
1	183190594	.	A	G	12	3	15	0	0	15	0	0
10	49118584	.	T	C	6	8	14	0	0	14	0	0
10	49118640	.	T	C	4	7	11	0	0	11	0	0
10	49148885	.	T	C	6	20	26	0	0	26	0	0
10	57383221	.	A	G	5	2	7	0	0	7	0	0
10	57391874	.	C	T	11	3	14	0	1	15	0	0
10	60207378	.	A	G	8	2	10	0	0	10	0	0
10	62645542	.	T	C	4	2	6	0	0	6	0	0
10	79593391	.	A	G	5	2	7	0	0	7	0	0
10	81182083	.	T	C	19	5	24	0	0	24	0	0
10	81501155	.	A	G	1	2	3	1	0	4	0	0
10	82486613	.	T	C	20	3	23	0	0	23	0	0
10	93801926	.	T	C	5	4	9	0	0	9	0	0
10	94057224	.	A	G	14	3	17	0	0	17	0	0
10	115207551	.	T	G	1	2	3	0	2	5	0	0
10	126903751	.	T	C	55	16	71	0	0	71	0	0
10	128404563	.	G	A	1	2	3	0	0	3	0	0
10	128505929	.	T	C	8	2	10	0	1	11	0	0
11	3075936	.	A	G	3	2	5	1	0	6	0	0
11	3077575	.	C	A	2	3	5	32	0	37	0	0
11	3079274	.	C	T	5	3	8	4	0	12	0	0
11	3099994	.	T	C	1	2	3	1	0	4	0	0
11	3302385	.	A	G	11	3	14	0	0	14	0	0
11	3448459	.	T	C	2	2	4	0	0	4	0	0
11	5732196	.	A	G	12	2	14	0	0	14	0	0
11	5919668	.	A	T	8	5	13	0	2	15	0	0
11	8428472	.	G	A	10	2	12	0	0	12	0	0
11	30051758	.	T	C	6	2	8	0	0	8	0	0
11	43573028	.	A	G	3	3	6	0	0	6	0	0
11	45821425	.	T	C	9	3	12	0	0	12	0	0
11	46163470	.	T	C	72	448	520	0	9	529	0	0
11	54730814	.	T	C	15	4	19	0	0	19	0	0
11	62032236	.	A	G	1	2	3	0	0	3	0	0
11	68876808	.	T	C	12	2	14	0	0	14	0	0
11	69674128	.	A	G	17	6	23	0	0	23	0	0
11	69922901	.	A	G	2	4	6	0	0	6	0	0
11	69923163	.	A	G	13	2	15	0	0	15	0	0
11	69924811	.	A	G	5	1	6	0	1	7	0	0
11	72570452	.	A	G	2	2	4	1	1	6	0	0
11	74747553	.	T	C	2	2	4	0	0	4	0	0
11	74747599	.	T	C	2	2	4	0	0	4	0	0
11	75067258	.	T	C	30	11	41	0	0	41	0	0
11	75067400	.	A	G	24	4	28	0	0	28	0	0
11	77426880	.	T	C	57	15	72	0	0	72	0	0
11	78184586	.	A	G	7	4	11	0	0	11	0	0
11	78187443	.	A	G	5	3	8	0	0	8	0	0
11	83674148	.	C	T	4	4	8	0	0	8	0	0
11	87014114	.	A	G	7	2	9	0	0	9	0	0
11	87014308	.	A	G	11	2	13	0	0	13	0	0
11	88928554	.	C	T	5	3	8	0	2	10	0	0
11	88928557	.	C	T	6	1	7	0	1	8	0	0
11	94431300	.	T	C	13	2	15	0	0	15	0	0
11	94431318	.	T	C	14	5	19	0	0	19	0	0
11	94431842	.	T	C	12	2	14	0	0	14	0	0
11	95962333	.	T	C	5	2	7	0	0	7	0	0
11	97598717	.	A	G	5	2	7	0	0	7	0	0
11	100488792	.	T	C	12	6	18	0	0	18	0	0
11	101089557	.	T	C	16	5	21	0	0	21	0	0
11	101089802	.	T	C	8	6	14	0	1	15	0	0
11	109341818	.	A	G	7	3	10	0	0	10	0	0
11	115297666	.	A	G	6	3	9	0	0	9	0	0
11	116245085	.	T	C	1	2	3	0	0	3	0	0
11	116303729	.	T	C	13	2	15	0	1	16	0	0
11	116471963	.	T	C	16	31	47	0	2	49	0	0
11	116694266	.	A	G	4	2	6	0	0	6	0	0
11	117643605	.	G	A	2	2	4	0	1	5	0	0
11	120490379	.	A	G	3	2	5	0	0	5	0	0
12	3454168	.	A	G	42	7	49	3	1	53	0	0
12	3454248	.	A	G	18	39	57	7	4	68	0	0
12	17479809	.	A	G	7	14	21	0	0	21	0	0
12	46747117	.	T	C	28	18	46	0	0	46	0	0
12	54718540	.	T	C	15	5	20	0	0	20	0	0
12	54719070	.	T	C	23	5	28	0	0	28	0	0
12	54719142	.	T	C	21	5	26	0	1	27	0	0
12	55612364	.	G	A	1	2	3	0	0	3	0	0
12	55612365	.	A	G	1	2	3	0	0	3	0	0
12	65114809	.	T	C	4	2	6	0	0	6	0	0
12	69244102	.	A	G	16	8	24	0	0	24	0	0
12	71041403	.	A	G	4	29	33	0	0	33	0	0
12	73975614	.	A	G	1	2	3	0	0	3	0	0
12	75677928	.	A	G	6	4	10	3	1	14	0	0
12	83684282	.	A	G	2	2	4	0	0	4	0	0
12	84421785	.	T	C	17	2	19	0	0	19	0	0
12	85281423	.	T	C	13	2	15	0	0	15	0	0
12	101886131	.	T	C	23	3	26	0	0	26	0	0
12	101887890	.	T	C	14	3	17	0	0	17	0	0
13	8901801	.	T	C	13	9	22	0	0	22	0	0
13	14225628	.	T	C	28	7	35	0	0	35	0	0
13	14226674	.	T	C	35	10	45	0	0	45	0	0
13	17978851	.	T	C	5	2	7	0	1	8	0	0
13	21574169	.	T	C	4	4	8	0	1	9	0	0
13	21576650	.	T	C	10	2	12	0	0	12	0	0
13	21685475	.	A	G	1	2	3	0	0	3	0	0
13	47400407	.	T	G	1	3	4	0	0	4	0	0
13	49684960	.	A	G	3	2	5	0	0	5	0	0
13	54835995	.	T	C	2	1	3	0	0	3	0	0
13	59757011	.	A	G	3	2	5	0	1	6	0	0
13	64437994	.	T	C	8	2	10	0	0	10	0	0
13	64438124	.	T	C	18	5	23	0	0	23	0	0
13	74873509	.	C	T	9	1	10	0	1	11	0	0
13	78347088	.	T	C	4	2	6	0	5	11	0	0
13	83981239	.	C	T	1	2	3	1	0	4	0	0
13	92577452	.	G	A	10	4	14	0	4	18	0	0
13	100156147	.	A	G	13	3	16	0	0	17	1	0
13	103901108	.	A	G	8	2	10	0	0	10	0	0
13	111852447	.	C	T	1	2	3	0	4	7	0	0
13	119625401	.	G	T	12	7	19	0	1	20	0	0
14	4187254	.	T	C	8	3	11	0	1	12	0	0
14	9647289	.	A	G	65	11	76	0	0	76	0	0
14	10058181	.	A	G	94	25	119	0	2	121	0	0
14	14533725	.	T	C	7	12	19	0	3	22	0	0
14	14533732	.	T	C	18	5	23	0	0	23	0	0
14	21846832	.	A	G	17	26	43	0	1	45	1	0
14	21846833	.	A	G	42	4	46	0	0	46	0	0
14	21847779	.	A	G	77	12	89	0	0	89	0	0
14	26382413	.	T	C	1	3	4	0	0	4	0	0
14	28247151	.	C	T	3	2	5	0	0	5	0	0
14	29788070	.	T	C	17	2	19	0	1	20	0	0
14	29788078	.	T	C	16	5	21	0	1	22	0	0
14	32018582	.	A	G	29	8	37	0	1	38	0	0
14	51013458	.	T	C	10	5	15	0	0	15	0	0
14	51014498	.	T	C	7	2	9	0	1	10	0	0
14	51108706	.	A	G	5	2	7	0	0	7	0	0
14	51109987	.	A	G	3	3	6	0	0	6	0	0
14	55749057	.	A	G	8	2	10	0	1	11	0	0
14	58064703	.	G	T	3	2	5	0	0	5	0	0
14	60451313	.	T	C	1	2	3	0	0	3	0	0
14	65291200	.	A	G	14	4	18	0	15	33	0	0
14	75957159	.	T	C	34	8	42	0	0	42	0	0
14	76678339	.	T	C	10	2	12	0	0	12	0	0
14	103584115	.	T	C	21	10	31	0	1	32	0	0
14	121273016	.	A	G	8	5	13	0	0	13	0	0
14	123864295	.	C	T	15	7	22	0	0	22	0	0
15	8187674	.	A	G	4	13	17	0	0	17	0	0
15	8188973	.	A	G	5	4	9	0	0	9	0	0
15	55118258	.	A	G	7	2	9	0	0	9	0	0
15	58044207	.	C	T	8	2	10	0	3	13	0	0
15	66158075	.	T	C	14	6	20	0	0	20	0	0
15	73279846	.	T	C	1	2	3	1	0	4	0	0
15	75525421	.	T	C	1	3	4	0	0	4	0	0
15	76248221	.	A	G	3	1	4	0	0	4	0	0
15	76248226	.	A	G	3	2	5	0	0	5	0	0
15	79496070	.	T	C	5	3	8	0	0	8	0	0
15	81338244	.	A	G	10	2	12	0	0	12	0	0
15	81799307	.	G	A	25	4	29	0	5	34	0	0
15	98634993	.	T	C	6	25	31	0	1	32	0	0
15	99142536	.	T	C	64	22	86	10	1	97	0	0
16	3680985	.	T	C	15	6	21	0	0	21	0	0
16	4604755	.	T	C	2	3	5	0	0	5	0	0
16	4844012	.	T	C	2	2	4	0	0	4	0	0
16	13520445	.	A	G	19	10	29	0	0	29	0	0
16	13520501	.	A	G	15	3	18	0	0	18	0	0
16	17321752	.	A	G	6	8	14	0	0	14	0	0
16	18653678	.	A	G	35	6	41	0	1	42	0	0
16	19942498	.	A	G	29	14	43	0	0	43	0	0
16	20508413	.	A	G	5	2	7	0	0	7	0	0
16	30330773	.	T	C	13	5	18	0	1	19	0	0
16	32119150	.	A	G	20	11	31	0	0	31	0	0
16	75399130	.	C	T	3	2	5	0	1	6	0	0
16	76087628	.	C	T	9	3	12	0	4	16	0	0
16	87230813	.	T	C	11	6	17	0	0	17	0	0
16	87230814	.	T	C	11	5	16	0	1	17	0	0
16	91453021	.	A	G	68	18	86	0	1	87	0	0
17	13142776	.	A	G	2	2	4	0	1	5	0	0
17	24635698	.	A	G	13	2	15	0	0	15	0	0
17	27721769	.	T	C	9	2	11	0	0	11	0	0
17	29521001	.	A	G	9	7	16	0	0	16	0	0
17	29919416	.	A	G	10	2	12	0	0	12	0	0
17	31875349	.	T	C	3	4	7	0	0	7	0	0
17	33522804	.	G	A	16	2	18	0	3	21	0	0
17	33552004	.	T	C	13	4	17	0	0	17	0	0
17	33966501	.	T	C	34	5	39	131	6	176	0	0
17	34147531	.	A	G	20	11	31	0	0	31	0	0
17	40158498	.	T	C	2908	3653	6561	1	127	6969	280	0
17	40159543	.	T	C	42	244	286	0	3	289	0	0
17	45973875	.	T	C	27	84	111	0	6	117	0	0
17	56549405	.	C	T	9	2	11	0	1	12	0	0
17	63806592	.	T	C	13	2	15	0	0	15	0	0
17	71651495	.	A	G	2	2	4	0	0	4	0	0
17	95067479	.	T	C	13	20	33	0	1	34	0	0
18	6792802	.	A	G	20	3	23	0	0	23	0	0
18	24097953	.	A	G	6	2	8	0	0	8	0	0
18	24639050	.	T	C	9	3	12	0	0	12	0	0
18	32235930	.	A	G	4	5	9	0	0	9	0	0
18	32236019	.	A	G	3	6	9	0	0	9	0	0
18	32236020	.	A	G	7	2	9	0	0	9	0	0
18	32561134	.	A	G	38	7	45	0	0	45	0	0
18	34343091	.	A	G	3	2	5	1	0	6	0	0
18	35807586	.	T	C	61	8	69	0	0	69	0	0
18	47380896	.	T	A	4	2	6	0	0	6	0	0
18	61328635	.	T	C	6	2	8	0	0	8	0	0
18	65610148	.	A	G	3	2	5	0	0	5	0	0
18	68397510	.	A	G	3	2	5	0	0	5	0	0
19	3916452	.	A	G	10	3	13	0	0	13	0	0
19	4816801	.	T	C	6	2	8	0	0	8	0	0
19	5845967	.	T	C	12	2	14	0	0	14	0	0
19	7376291	.	T	C	0	2	2	11	1	14	0	0
19	7512615	.	A	G	11	3	14	0	0	14	0	0
19	7515480	.	A	G	26	4	30	0	0	30	0	0
19	8900203	.	A	G	2	2	4	0	2	6	0	0
19	10223060	.	T	C	26	58	84	0	2	86	0	0
19	10886159	.	A	G	2	2	4	0	0	4	0	0
19	12441626	.	A	G	26	4	30	0	1	31	0	0
19	42161425	.	A	G	1	2	3	0	0	3	0	0
19	43429365	.	A	G	15	3	18	0	0	18	0	0
19	43429601	.	A	G	15	12	27	0	2	29	0	0
19	43429686	.	A	G	33	4	37	0	0	37	0	0
19	43429753	.	A	G	36	9	45	0	1	46	0	0
19	44993669	.	T	C	36	9	45	0	0	45	0	0
19	44993727	.	T	C	54	5	59	0	2	61	0	0
19	46269407	.	A	G	1	3	4	0	0	4	0	0
19	46583646	.	A	G	1	3	4	0	0	4	0	0
2	3461313	.	A	G	2	4	6	0	0	6	0	0
2	14152860	.	A	G	29	7	36	0	1	37	0	0
2	22477570	.	T	C	0	2	2	9	1	12	0	0
2	22478367	.	T	C	0	2	2	6	1	9	0	0
2	24950349	.	A	G	6	2	8	0	0	8	0	0
2	27152654	.	C	T	9	2	11	0	0	11	0	0
2	27152655	.	C	A	10	2	12	0	0	12	0	0
2	29664907	.	T	C	1	3	4	0	0	4	0	0
2	73105533	.	C	T	3	3	6	0	0	6	0	0
2	73105535	.	A	T	3	3	6	0	0	6	0	0
2	91043632	.	A	G	43	12	55	0	0	55	0	0
2	104487747	.	A	G	1	2	3	0	0	3	0	0
2	118700803	.	A	G	5	2	7	0	0	7	0	0
2	120451649	.	A	G	18	7	25	3	1	29	0	0
2	120508460	.	G	T	4	2	6	0	0	6	0	0
2	120508461	.	C	G	4	2	6	1	0	7	0	0
2	120561518	.	T	C	3	2	5	0	0	5	0	0
2	121323362	.	T	C	10	2	12	3	1	16	0	0
2	121374875	.	A	G	2	3	5	0	0	5	0	0
2	125100290	.	G	C	2	3	5	0	1	6	0	0
2	132151800	.	A	G	51	256	307	0	3	310	0	0
2	133403839	.	T	C	5	2	7	0	0	7	0	0
2	144382358	.	A	G	17	3	20	0	0	20	0	0
2	152114942	.	A	G	2	8	10	0	0	10	0	0
2	153108492	.	A	G	10	2	12	0	1	13	0	0
2	153459246	.	T	C	5	2	7	0	0	7	0	0
2	153463624	.	T	C	3	3	6	0	0	6	0	0
2	154379850	.	A	G	27	4	31	0	1	32	0	0
2	157400030	.	T	C	80	15	95	0	4	99	0	0
2	158225545	.	A	G	347	53	400	0	2	403	1	0
2	158226873	.	A	G	108	345	453	1	18	472	0	0
2	163309459	.	T	C	10	5	15	0	0	15	0	0
2	164953669	.	T	C	36	6	42	0	0	42	0	0
2	164953773	.	T	C	28	7	35	0	1	36	0	0
2	168057882	.	T	C	4	2	6	0	0	6	0	0
2	169913421	.	A	G	6	5	11	0	0	11	0	0
2	174169694	.	A	G	86	18	104	0	3	107	0	0
3	26385911	.	T	C	11	2	13	0	0	13	0	0
3	32635577	.	T	C	6	2	8	0	0	8	0	0
3	40748697	.	A	G	33	11	44	10	1	55	0	0
3	54706896	.	A	G	14	2	16	0	0	16	0	0
3	63603792	.	A	G	1	2	3	0	0	3	0	0
3	80599593	.	T	C	101	206	307	1	5	314	1	0
3	80613850	.	T	C	23	4	27	0	1	28	0	0
3	80614159	.	T	C	23	15	38	0	0	38	0	0
3	80614215	.	T	C	299	149	448	0	4	452	0	0
3	85463705	.	T	C	2	3	5	0	0	5	0	0
3	88259542	.	A	G	7	2	9	0	0	9	0	0
3	94794244	.	T	A	8	3	11	0	0	11	0	0
3	94794245	.	G	A	7	3	10	0	0	10	0	0
3	95089361	.	G	T	8	1	9	0	0	10	1	0
3	95089363	.	G	T	9	1	10	0	0	10	0	0
3	95091616	.	T	C	9	3	12	0	1	13	0	0
3	96539776	.	A	G	2	20	22	0	1	23	0	0
3	96540029	.	A	G	26	8	34	0	4	38	0	0
3	101367937	.	C	T	1	2	3	1	1	5	0	0
3	102973406	.	A	G	42	12	54	0	0	54	0	0
3	104834685	.	A	G	2	4	6	0	0	6	0	0
3	104834690	.	A	G	4	2	6	0	0	6	0	0
3	104835351	.	A	G	6	5	11	0	0	11	0	0
3	104835352	.	A	G	9	2	11	0	0	11	0	0
3	133948757	.	G	A	3	2	5	0	1	6	0	0
3	133965107	.	C	T	7	2	9	0	5	14	0	0
3	135112631	.	T	C	53	8	61	0	0	61	0	0
3	138265030	.	A	G	11	3	14	0	1	15	0	0
4	9452498	.	A	G	5	2	7	0	0	7	0	0
4	21836550	.	A	G	34	6	40	0	1	41	0	0
4	21911886	.	A	G	10	3	13	0	0	13	0	0
4	32022582	.	A	G	24	4	28	0	1	29	0	0
4	33019420	.	A	G	62	28	90	0	0	90	0	0
4	33020417	.	A	G	65	60	125	0	2	127	0	0
4	41518514	.	T	C	154	21	175	0	5	180	0	0
4	56811245	.	T	C	13	3	16	0	0	16	0	0
4	62342224	.	A	G	18	3	21	0	0	21	0	0
4	62371141	.	T	C	3	3	6	0	0	6	0	0
4	62371673	.	T	C	4	5	9	0	0	9	0	0
4	82212633	.	G	A	9	1	10	0	6	16	0	0
4	82212637	.	C	A	10	1	11	0	6	17	0	0
4	86495344	.	G	T	75	7	82	0	0	82	0	0
4	86775266	.	T	C	9	2	11	0	1	12	0	0
4	103021909	.	A	G	23	5	28	0	3	31	0	0
4	108198313	.	A	G	3	7	10	0	0	10	0	0
4	118484005	.	A	G	10	19	29	0	1	30	0	0
4	118484020	.	A	G	21	5	26	0	0	26	0	0
4	118484072	.	A	G	22	6	28	0	0	28	0	0
4	118484074	.	A	G	24	4	28	0	0	28	0	0
4	119080668	.	T	C	14	3	17	0	0	17	0	0
4	123368752	.	C	A	11	1	12	0	0	12	0	0
4	123368754	.	G	T	10	1	11	0	0	11	0	0
4	124838094	.	A	G	8	2	10	0	0	10	0	0
4	125982944	.	A	G	10	7	17	0	0	17	0	0
4	125982950	.	A	G	16	4	20	0	0	20	0	0
4	125982989	.	A	G	15	4	19	0	1	20	0	0
4	125985458	.	A	G	11	3	14	0	0	14	0	0
4	129074340	.	T	C	2	2	4	0	1	5	0	0
4	131609706	.	C	T	3	2	5	0	0	5	0	0
4	133836902	.	A	G	12	2	14	0	0	14	0	0
4	137954192	.	A	G	6	3	9	0	0	9	0	0
4	137987341	.	A	G	65	22	87	0	4	91	0	0
4	137987354	.	A	G	62	31	93	0	1	94	0	0
4	140678893	.	A	G	10	3	13	3	0	16	0	0
4	144314687	.	A	G	5	2	7	23	0	30	0	0
4	148240273	.	T	C	9	2	11	0	0	11	0	0
4	149203211	.	A	G	20	5	25	0	1	26	0	0
4	155705483	.	A	G	25	7	32	0	0	32	0	0
4	155706828	.	A	G	18	9	27	0	0	27	0	0
4	155800341	.	A	G	4	2	6	0	0	6	0	0
4	156095123	.	A	G	60	45	105	0	3	108	0	0
5	5833142	.	A	G	1	4	5	3	0	8	0	0
5	16579501	.	T	C	2	2	4	0	0	4	0	0
5	22733550	.	C	T	1	3	4	1	0	5	0	0
5	24649635	.	T	C	14	6	20	0	0	20	0	0
5	25430722	.	A	G	9	2	11	0	0	11	0	0
5	29658129	.	A	G	1	6	7	0	0	7	0	0
5	31330824	.	T	C	2	4	6	0	0	6	0	0
5	44563593	.	G	A	1	1	2	6	1	9	0	0
5	64987810	.	A	T	4	0	4	0	3	7	0	0
5	65605388	.	T	C	38	25	63	0	0	63	0	0
5	65605389	.	T	C	32	26	58	0	4	62	0	0
5	77555578	.	T	C	2	13	15	1	0	16	0	0
5	97237587	.	C	T	3	2	5	0	1	6	0	0
5	104652843	.	A	G	26	6	32	0	0	32	0	0
5	104964951	.	A	G	1	2	3	0	0	3	0	0
5	115437319	.	T	C	11	6	17	0	0	17	0	0
5	117342751	.	A	G	1	2	3	0	0	3	0	0
5	121683511	.	T	C	16	7	23	0	0	23	0	0
5	122546790	.	A	G	15	2	17	0	0	17	0	0
5	122872763	.	T	C	13	2	15	0	0	15	0	0
5	123303207	.	T	C	2	2	4	0	0	4	0	0
5	123386729	.	A	G	23	5	28	0	0	28	0	0
5	125534541	.	A	G	40	28	68	0	3	71	0	0
5	129798517	.	A	G	17	6	23	0	0	23	0	0
5	135665678	.	A	G	3	4	7	0	0	7	0	0
5	136941953	.	A	G	68	14	82	0	2	84	0	0
5	142655047	.	A	G	82	23	105	0	0	105	0	0
5	142976793	.	C	T	18	3	21	0	3	24	0	0
5	143751066	.	A	G	22	5	27	1	0	28	0	0
5	143840226	.	A	G	6	2	8	0	1	9	0	0
5	145126825	.	T	C	2	2	4	0	0	4	0	0
5	147806831	.	A	G	1	2	3	0	0	3	0	0
5	148120294	.	C	A	3	2	5	1	0	6	0	0
6	29945686	.	A	G	1	2	3	0	0	3	0	0
6	31492600	.	A	G	23	4	27	0	1	28	0	0
6	31492602	.	A	G	14	11	25	0	2	27	0	0
6	35222220	.	T	C	1	10	11	0	1	12	0	0
6	37783131	.	C	T	0	4	4	9	2	15	0	0
6	37847782	.	A	G	12	4	16	0	0	16	0	0
6	39312088	.	T	C	22	9	31	0	1	32	0	0
6	39312096	.	T	C	24	3	27	0	2	29	0	0
6	49231811	.	T	C	13	2	15	0	1	16	0	0
6	49231812	.	T	C	12	3	15	0	2	17	0	0
6	57994649	.	G	A	1	2	3	1	1	5	0	0
6	65684167	.	A	G	4	2	6	0	0	6	0	0
6	66517625	.	A	G	5	5	10	0	0	10	0	0
6	66517635	.	A	G	10	2	12	0	0	12	0	0
6	72584973	.	T	C	10	3	13	0	0	13	0	0
6	85164778	.	G	A	7	2	9	0	0	9	0	0
6	90965601	.	T	C	14	3	17	0	0	17	0	0
6	97996092	.	A	T	1	2	3	0	0	3	0	0
6	113266028	.	A	G	3	3	6	0	1	7	0	0
6	113584624	.	A	G	5	2	7	0	0	7	0	0
6	126619121	.	T	C	42	29	71	0	2	73	0	0
6	149236756	.	A	G	7	2	9	0	1	10	0	0
6	149461644	.	T	C	6	2	8	0	0	8	0	0
7	3463600	.	A	G	115	16	131	1	3	135	0	0
7	6967217	.	A	G	22	4	26	0	0	26	0	0
7	12707543	.	A	G	4	2	6	0	0	6	0	0
7	12707548	.	A	G	1	2	3	0	0	3	0	0
7	12717745	.	C	T	8	2	10	0	0	10	0	0
7	16605458	.	T	C	3	6	9	0	0	9	0	0
7	16619450	.	A	G	8	3	11	0	0	11	0	0
7	16619714	.	A	G	55	9	64	0	0	64	0	0
7	18730230	.	A	G	1	2	3	0	0	3	0	0
7	18873733	.	T	C	9	6	15	0	0	15	0	0
7	19446478	.	T	C	1	2	3	0	0	3	0	0
7	23840662	.	G	A	1	13	14	5	0	19	0	0
7	23840986	.	C	A	14	3	17	2	0	19	0	0
7	26904992	.	A	G	6	3	9	0	0	9	0	0
7	26904993	.	A	G	2	7	9	0	0	9	0	0
7	26905060	.	A	G	2	3	5	0	0	5	0	0
7	27227593	.	T	C	65	8	73	0	0	73	0	0
7	27520956	.	A	G	5	4	9	0	0	9	0	0
7	27610056	.	C	A	6	0	6	0	0	6	0	0
7	39217075	.	A	G	14	3	17	0	0	17	0	0
7	43174884	.	T	C	2	3	5	0	0	5	0	0
7	43175443	.	T	C	2	3	5	0	0	5	0	0
7	45122924	.	T	C	4	2	6	0	0	6	0	0
7	45122926	.	T	C	4	2	6	0	0	6	0	0
7	49206120	.	A	G	1	2	3	0	0	3	0	0
7	58980132	.	T	C	3	3	6	0	0	6	0	0
7	67877146	.	A	G	21	2	23	0	0	23	0	0
7	73387821	.	T	C	3	2	5	0	0	5	0	0
7	80039596	.	T	A	4	1	5	0	4	9	0	0
7	81180363	.	A	G	1	2	3	0	0	3	0	0
7	81253540	.	T	C	25	4	29	0	0	29	0	0
7	81521958	.	A	G	6	5	11	0	0	11	0	0
7	81522050	.	A	G	3	6	9	0	2	11	0	0
7	81522943	.	A	G	4	3	7	0	1	8	0	0
7	82283160	.	A	G	1	2	3	0	0	3	0	0
7	92386151	.	T	C	1	2	3	0	0	3	0	0
7	101732264	.	G	A	3	2	5	0	0	5	0	0
7	120327603	.	G	A	5	2	7	0	0	7	0	0
7	121586933	.	T	C	2	2	4	0	0	4	0	0
7	121586934	.	T	C	2	2	4	0	0	4	0	0
7	123582585	.	A	G	11	2	13	0	0	13	0	0
7	126853494	.	A	G	34	9	43	0	0	43	0	0
7	127160348	.	G	A	1	1	2	0	4	6	0	0
7	127165579	.	A	G	3	2	5	0	0	5	0	0
7	130360893	.	A	T	3	10	13	0	0	13	0	0
7	132440524	.	T	C	2	2	4	0	0	4	0	0
7	139715640	.	A	G	1	5	6	0	0	6	0	0
7	142207010	.	T	C	37	16	53	0	2	55	0	0
8	13336085	.	T	C	4	2	6	0	0	6	0	0
8	14078025	.	T	C	7	3	10	0	1	11	0	0
8	14140659	.	G	A	16	4	20	0	0	20	0	0
8	14140661	.	A	C	17	4	21	0	0	21	0	0
8	19741629	.	C	T	2	4	6	3	2	11	0	0
8	20030843	.	C	T	16	2	18	8	1	27	0	0
8	20030855	.	G	A	16	2	18	6	0	24	0	0
8	20053692	.	A	C	3	3	6	0	0	6	0	0
8	20721217	.	A	G	7	2	9	15	0	24	0	0
8	20727130	.	G	A	31	18	49	5	0	54	0	0
8	26305539	.	T	C	2	2	4	0	1	5	0	0
8	26489012	.	A	G	3	2	5	0	0	5	0	0
8	37462043	.	T	C	1	2	3	0	0	3	0	0
8	41307411	.	T	C	3	2	5	0	0	5	0	0
8	48005201	.	A	G	15	4	19	0	0	19	0	0
8	65171176	.	A	T	3	2	5	0	0	5	0	0
8	71099139	.	A	G	1	2	3	0	0	3	0	0
8	72977426	.	A	G	17	21	38	0	1	39	0	0
8	84977744	.	T	C	7	2	9	0	0	9	0	0
8	85812789	.	A	G	4	2	6	0	0	6	0	0
8	106041374	.	T	C	1	3	4	0	0	4	0	0
8	110817217	.	A	G	32	10	42	0	0	42	0	0
8	111731758	.	T	C	25	3	28	0	1	29	0	0
8	124261954	.	A	G	5	2	7	0	0	7	0	0
8	125620861	.	T	C	16	5	21	0	1	22	0	0
9	3387716	.	A	G	10	3	13	0	0	13	0	0
9	3387771	.	A	G	14	4	18	0	1	19	0	0
9	8022080	.	T	C	7	2	9	0	0	9	0	0
9	20508055	.	A	G	6	4	10	0	0	10	0	0
9	20512443	.	A	G	11	2	13	0	0	13	0	0
9	20513879	.	A	G	1	2	3	0	0	3	0	0
9	20515715	.	A	G	2	3	5	0	0	5	0	0
9	20515794	.	A	G	2	2	4	0	0	4	0	0
9	20515808	.	A	G	1	3	4	0	0	4	0	0
9	20781697	.	A	G	21	3	24	0	0	24	0	0
9	44206372	.	T	C	14	3	17	0	0	17	0	0
9	44206375	.	T	C	15	3	18	0	0	18	0	0
9	44698677	.	T	C	1	2	3	0	0	3	0	0
9	47764621	.	G	A	18	3	21	0	8	29	0	0
9	51534505	.	T	C	1	3	4	0	0	4	0	0
9	52000027	.	T	C	6	2	8	0	0	8	0	0
9	52015047	.	A	G	1	2	3	0	0	3	0	0
9	55951503	.	T	G	1	2	3	0	0	3	0	0
9	58125573	.	T	C	5	2	7	0	1	8	0	0
9	64973996	.	A	G	2	2	4	0	0	4	0	0
9	65032061	.	A	G	1	2	3	0	0	3	0	0
9	65253476	.	A	G	3	2	5	0	0	5	0	0
9	66280460	.	A	G	1	2	3	0	0	3	0	0
9	66425652	.	G	T	18	4	22	0	0	22	0	0
9	69925240	.	T	C	1	0	1	0	2	3	0	0
9	78085704	.	C	T	3	3	6	0	0	6	0	0
9	78085707	.	C	T	3	2	5	0	0	5	0	0
9	79351592	.	T	C	2	1	3	0	0	3	0	0
9	88329249	.	T	C	2	2	4	0	0	4	0	0
9	95284317	.	C	A	7	2	9	0	2	11	0	0
9	95938130	.	A	G	18	4	22	1	0	23	0	0
9	95939206	.	A	G	26	3	29	0	0	29	0	0
9	95939293	.	A	G	21	6	27	0	0	27	0	0
9	96826065	.	T	A	4	1	5	0	1	6	0	0
9	109660362	.	C	T	5	2	7	0	0	7	0	0
9	124034058	.	T	G	18	6	24	2	0	26	0	0
X	37774635	.	A	G	3	3	6	40	0	46	0	0
X	40743129	.	A	G	14	127	141	0	1	142	0	0
X	40743165	.	A	G	3	4	7	0	0	7	0	0
X	46899305	.	A	G	7	2	9	0	0	9	0	0
X	47054626	.	C	A	23	1	24	0	6	30	0	0
X	56429832	.	C	A	19	2	21	0	6	27	0	0
X	60231705	.	A	G	14	9	23	0	0	23	0	0
X	69388256	.	T	C	37	9	46	0	3	49	0	0
X	73270255	.	T	C	6	6	12	0	0	12	0	0
X	73270256	.	T	C	2	10	12	0	0	12	0	0
X	73270468	.	T	C	12	13	25	0	1	26	0	0
X	102620158	.	T	C	3	10	13	0	0	13	0	0
X	102623385	.	T	C	5	1	6	0	1	7	0	0
X	102623421	.	T	C	6	2	8	0	0	8	0	0
X	102631489	.	T	C	5	3	8	0	0	8	0	0
X	106830700	.	T	C	44	5	49	0	2	51	0	0
X	145978689	.	A	G	57	8	65	0	0	65	0	0
X	149766871	.	T	C	30	5	35	1	12	48	0	0
X	149767614	.	T	C	99	56	155	1	4	160	0	0
X	161572909	.	T	C	9	1	10	0	1	11	0	0
X	162761028	.	T	C	2	3	5	0	0	5	0	0
X	164972992	.	A	G	4	2	6	2	1	9	0	0
Y	1016394	.	A	G	8	17	25	0	2	27	0	0
Y	1048604	.	A	G	5	3	8	0	0	8	0	0
Y	1049036	.	A	G	1	2	3	0	0	3	0	0
