contig	position	variantID	refAllele	altAllele	refCount	altCount	totalCount	lowMAPQDepth	lowBaseQDepth	rawDepth	otherBases	improperPairs
1	10101774	.	T	C	2	3	5	0	0	5	0	0
1	22031785	.	T	C	4	5	9	0	0	9	0	0
1	36405381	.	T	C	1	2	3	0	0	3	0	0
1	58425229	.	T	C	5	3	8	0	0	8	0	0
1	59913367	.	A	G	35	9	44	0	1	45	0	0
1	60517747	.	A	G	29	10	39	0	3	42	0	0
1	63156443	.	A	G	4	2	6	0	0	6	0	0
1	66711873	.	A	G	77	21	98	1	3	102	0	0
1	75398649	.	A	G	16	3	19	0	0	19	0	0
1	86276528	.	T	C	7	2	9	0	0	9	0	0
1	88188186	.	C	A	1	2	3	0	0	3	0	0
1	88188846	.	T	G	1	2	3	0	0	3	0	0
1	88189563	.	C	T	3	3	6	0	0	6	0	0
1	88189668	.	A	G	1	2	3	0	0	3	0	0
1	88189685	.	C	A	1	2	3	0	0	3	0	0
1	88190717	.	G	C	2	2	4	0	0	4	0	0
1	88191237	.	A	C	6	30	36	0	2	38	0	0
1	88191281	.	A	G	43	6	49	0	1	50	0	0
1	88191320	.	C	T	10	26	36	0	0	36	0	0
1	88191706	.	G	A	26	4	30	0	1	31	0	0
1	88191710	.	T	C	12	20	32	0	0	32	0	0
1	88191744	.	C	A	25	3	28	0	0	28	0	0
1	88192048	.	G	C	10	30	40	0	1	41	0	0
1	88192098	.	G	A	28	11	39	0	0	39	0	0
1	88192180	.	G	T	39	10	49	0	1	50	0	0
1	88192184	.	T	A	35	10	45	0	5	50	0	0
1	88192243	.	A	G	6	24	30	0	2	32	0	0
1	88192700	.	G	A	11	25	36	0	2	38	0	0
1	88192756	.	G	A	6	24	30	0	1	31	0	0
1	88192844	.	G	A	4	26	30	0	0	30	0	0
1	88192980	.	A	G	4	34	38	1	1	40	0	0
1	88193031	.	C	G	10	10	20	1	0	21	0	0
1	88193194	.	C	T	6	4	10	5	0	15	0	0
1	88193568	.	A	C	1	4	5	33	0	38	0	0
1	88193917	.	G	A	4	13	17	20	0	37	0	0
1	88197053	.	T	C	10	19	29	0	0	29	0	0
1	88197991	.	A	G	8	36	44	0	0	44	0	0
1	88200452	.	A	G	3	39	42	0	0	42	0	0
1	88200605	.	C	A	1	3	4	0	0	4	0	0
1	88200653	.	A	C	3	8	11	0	0	11	0	0
1	88200670	.	G	A	3	11	14	0	0	14	0	0
1	88200718	.	C	A	1	9	10	0	0	10	0	0
1	88200832	.	C	T	1	9	10	0	0	10	0	0
1	88202772	.	A	T	22	4	26	1	1	28	0	0
1	88204960	.	T	C	2	18	20	2	1	23	0	0
1	91456726	.	T	C	6	3	9	0	1	10	0	0
1	97877103	.	C	T	1	2	3	0	0	3	0	0
1	133065748	.	A	G	38	4	42	0	0	42	0	0
1	156255182	.	T	C	6	7	13	0	0	13	0	0
1	156255601	.	T	C	5	3	8	0	0	8	0	0
1	160839934	.	T	C	8	2	10	0	0	10	0	0
1	180924020	.	T	C	17	5	22	0	0	22	0	0
1	183190594	.	A	G	13	4	17	0	0	17	0	0
1	183190595	.	A	G	14	3	17	0	0	17	0	0
1	183190682	.	A	G	7	2	9	0	1	10	0	0
10	8598013	.	A	G	7	3	10	0	0	10	0	0
10	34169589	.	T	C	1	2	3	0	0	3	0	0
10	45752162	.	G	A	6	3	9	11	0	20	0	0
10	49118546	.	T	C	9	2	11	0	0	11	0	0
10	49118584	.	T	C	7	15	22	0	0	22	0	0
10	49118640	.	T	C	8	4	12	0	0	13	1	0
10	49148872	.	T	C	2	23	25	0	1	26	0	0
10	49148885	.	T	C	2	19	21	0	1	22	0	0
10	57391874	.	C	T	15	3	18	0	0	18	0	0
10	81366434	.	G	T	5	3	8	0	2	10	0	0
10	82062115	.	T	C	9	4	13	0	1	14	0	0
10	82486401	.	T	C	10	3	13	0	1	14	0	0
10	82486613	.	T	C	16	5	21	0	0	21	0	0
10	94057224	.	A	G	15	7	22	0	0	22	0	0
10	94057234	.	A	G	9	3	12	0	0	12	0	0
10	95247895	.	C	T	5	2	7	0	0	7	0	0
10	95247896	.	C	T	5	1	6	0	1	7	0	0
10	111137261	.	G	T	4	2	6	0	0	6	0	0
11	3077575	.	C	A	8	3	11	6	1	18	0	0
11	31615184	.	A	T	2	2	4	0	0	4	0	0
11	43572939	.	A	G	6	3	9	0	0	9	0	0
11	43573028	.	A	G	5	3	8	0	0	8	0	0
11	45821425	.	T	C	10	5	15	0	0	15	0	0
11	46163470	.	T	C	68	273	341	0	5	346	0	0
11	60623531	.	A	G	20	3	23	0	1	24	0	0
11	69922901	.	A	G	3	4	7	0	1	8	0	0
11	69924751	.	A	G	4	2	6	0	0	6	0	0
11	75067258	.	T	C	17	6	23	0	0	23	0	0
11	77426880	.	T	C	30	7	37	0	0	37	0	0
11	78187443	.	A	G	3	2	5	0	0	5	0	0
11	79391831	.	G	T	1	2	3	0	0	3	0	0
11	84426000	.	A	G	2	3	5	0	0	5	0	0
11	86521633	.	T	C	1	2	3	2	0	5	0	0
11	87476439	.	A	G	13	2	15	0	1	16	0	0
11	94431842	.	T	C	8	3	11	0	0	11	0	0
11	95962333	.	T	C	8	4	12	1	0	13	0	0
11	100488792	.	T	C	12	3	15	0	0	15	0	0
11	101089507	.	T	C	9	2	11	0	0	11	0	0
11	101089557	.	T	C	11	4	15	0	1	16	0	0
11	101089802	.	T	C	8	7	15	0	0	15	0	0
11	105820127	.	G	A	7	2	9	0	0	9	0	0
11	109467746	.	T	G	4	2	6	0	1	7	0	0
11	116471963	.	T	C	1	11	12	0	1	13	0	0
11	116810095	.	A	G	11	2	13	0	0	13	0	0
12	3454168	.	A	G	38	10	48	9	0	57	0	0
12	3454248	.	A	G	24	23	47	4	3	54	0	0
12	11289991	.	T	C	2	2	4	0	0	4	0	0
12	17479809	.	A	G	10	10	20	0	0	20	0	0
12	46747117	.	T	C	34	10	44	0	0	44	0	0
12	54718540	.	T	C	12	5	17	0	0	17	0	0
12	54719070	.	T	C	15	3	18	0	0	18	0	0
12	69244102	.	A	G	8	3	11	0	0	11	0	0
12	71041403	.	A	G	2	21	23	0	0	23	0	0
12	71041945	.	A	G	20	3	23	0	1	24	0	0
12	78887986	.	T	C	6	2	8	0	0	8	0	0
12	80154594	.	C	T	7	3	10	0	2	12	0	0
12	80154599	.	A	T	8	1	9	0	1	10	0	0
12	81245339	.	G	A	14	12	26	0	0	26	0	0
12	91605436	.	T	C	4	3	7	0	0	7	0	0
12	101886131	.	T	C	15	5	20	0	2	22	0	0
12	101887890	.	T	C	15	3	18	0	0	18	0	0
12	108756817	.	T	C	4	2	6	0	0	6	0	0
12	108993691	.	A	G	3	2	5	0	0	5	0	0
12	109428496	.	G	T	9	1	10	0	3	13	0	0
12	109428497	.	A	T	10	1	11	0	2	13	0	0
12	112879959	.	G	A	8	10	18	0	0	18	0	0
13	8901801	.	T	C	15	4	19	0	0	19	0	0
13	14225628	.	T	C	33	5	38	0	1	39	0	0
13	17978887	.	T	C	2	3	5	0	0	5	0	0
13	21574169	.	T	C	4	6	10	0	0	10	0	0
13	21574225	.	T	C	7	2	9	0	0	9	0	0
13	21685475	.	A	G	1	2	3	3	0	6	0	0
13	56886876	.	G	T	10	1	11	0	1	12	0	0
13	63448526	.	A	G	5	3	8	0	0	8	0	0
13	63690911	.	C	T	14	12	26	0	0	26	0	0
13	64438124	.	T	C	14	4	18	0	0	18	0	0
13	67967765	.	T	C	2	2	4	0	0	4	0	0
13	69759382	.	G	A	8	2	10	0	0	10	0	0
13	100648134	.	C	G	3	2	5	0	0	5	0	0
13	107861323	.	C	T	5	4	9	0	4	13	0	0
13	119625401	.	G	T	15	9	24	0	0	24	0	0
14	9647289	.	A	G	42	8	50	0	0	50	0	0
14	10058181	.	A	G	96	31	127	0	3	130	0	0
14	14533725	.	T	C	6	4	10	0	0	10	0	0
14	20517408	.	T	C	1	2	3	0	0	3	0	0
14	21846832	.	A	G	9	25	34	0	1	35	0	0
14	21846833	.	A	G	27	5	32	0	2	34	0	0
14	21847779	.	A	G	48	15	63	0	2	65	0	0
14	26382413	.	T	C	2	2	4	0	0	4	0	0
14	29788070	.	T	C	16	4	20	0	1	21	0	0
14	29788078	.	T	C	13	8	21	0	1	22	0	0
14	32018582	.	A	G	30	8	38	0	1	39	0	0
14	48749775	.	A	T	10	2	12	0	1	13	0	0
14	48749777	.	G	T	11	2	13	0	0	13	0	0
14	51014498	.	T	C	6	2	8	0	0	8	0	0
14	51109987	.	A	G	2	3	5	0	0	5	0	0
14	51115790	.	A	G	9	2	11	1	0	12	0	0
14	51115791	.	A	G	9	2	11	1	0	12	0	0
14	58064703	.	G	T	1	2	3	0	0	3	0	0
14	60478990	.	T	C	2	2	4	0	0	4	0	0
14	65291200	.	A	G	10	2	12	0	12	24	0	0
14	75957159	.	T	C	30	5	35	0	0	35	0	0
14	79703414	.	T	C	1	2	3	0	0	3	0	0
14	98026260	.	A	G	2	2	4	0	0	4	0	0
14	103584115	.	T	C	14	6	20	0	0	20	0	0
14	105832155	.	A	G	2	2	4	0	0	4	0	0
14	119113824	.	G	A	5	2	7	0	1	8	0	0
15	8167411	.	A	T	9	0	9	0	0	10	1	0
15	8187674	.	A	G	6	7	13	0	0	13	0	0
15	8188973	.	A	G	7	3	10	0	0	10	0	0
15	25004406	.	T	A	3	2	5	0	1	6	0	0
15	38956891	.	T	C	10	3	13	0	0	13	0	0
15	54733598	.	C	T	3	2	5	0	0	5	0	0
15	76601451	.	A	G	6	2	8	0	0	8	0	0
15	79133222	.	G	A	22	15	37	0	0	37	0	0
15	79571382	.	G	A	25	4	29	0	5	34	0	0
15	81791419	.	A	G	3	2	5	0	0	5	0	0
15	81799307	.	G	A	19	8	27	0	6	33	0	0
15	89171187	.	A	T	6	0	6	0	3	9	0	0
15	98634993	.	T	C	16	21	37	0	2	39	0	0
15	98731431	.	T	C	25	6	31	0	0	31	0	0
15	99142536	.	T	C	46	10	56	10	1	67	0	0
15	99626091	.	A	G	8	4	12	0	0	12	0	0
16	3680985	.	T	C	5	9	14	0	0	14	0	0
16	13520445	.	A	G	19	12	31	0	0	31	0	0
16	13520501	.	A	G	11	2	13	0	1	14	0	0
16	13650548	.	T	C	2	2	4	0	0	4	0	0
16	13651947	.	T	C	17	5	22	0	0	22	0	0
16	17335960	.	A	G	10	2	12	0	0	12	0	0
16	18653678	.	A	G	36	5	41	0	0	41	0	0
16	19942498	.	A	G	31	15	46	0	1	47	0	0
16	30330773	.	T	C	7	3	10	0	0	10	0	0
16	32119150	.	A	G	16	8	24	0	0	24	0	0
16	35834520	.	A	G	1	4	5	0	0	5	0	0
16	75398743	.	A	G	3	2	5	0	0	5	0	0
16	78133495	.	A	G	3	2	5	0	0	5	0	0
16	87230813	.	T	C	12	7	19	0	0	19	0	0
16	87230814	.	T	C	13	6	19	0	0	19	0	0
16	87737431	.	T	C	6	3	9	0	0	9	0	0
16	90294472	.	A	G	6	2	8	0	1	9	0	0
16	91453021	.	A	G	51	9	60	0	1	61	0	0
17	15741073	.	A	G	6	3	9	0	0	9	0	0
17	24397327	.	T	C	7	8	15	0	2	17	0	0
17	24941918	.	T	C	4	2	6	0	0	6	0	0
17	25163139	.	A	G	4	2	6	0	0	6	0	0
17	29919416	.	A	G	1	2	3	0	0	3	0	0
17	33037766	.	T	C	11	2	13	0	2	15	0	0
17	33552004	.	T	C	4	2	6	0	1	7	0	0
17	40158498	.	T	C	3150	4237	7387	3	157	7901	354	0
17	45973875	.	T	C	20	43	63	0	8	71	0	0
17	46765491	.	G	A	9	3	12	0	3	15	0	0
17	56549405	.	C	T	8	2	10	0	0	10	0	0
17	63806215	.	T	C	9	3	12	0	0	12	0	0
17	95067479	.	T	C	15	10	25	0	1	26	0	0
17	95140813	.	T	C	2	1	3	0	0	3	0	0
18	5565859	.	C	T	4	3	7	0	0	7	0	0
18	6792650	.	A	G	15	6	21	0	0	21	0	0
18	6792802	.	A	G	18	2	20	0	0	20	0	0
18	15334776	.	T	C	1	2	3	0	0	3	0	0
18	15334781	.	C	T	1	2	3	0	0	3	0	0
18	24097917	.	A	G	4	2	6	0	0	6	0	0
18	25155686	.	A	G	6	2	8	0	0	8	0	0
18	32235930	.	A	G	3	9	12	0	0	12	0	0
18	35743341	.	A	G	5	2	7	0	0	7	0	0
18	35807586	.	T	C	47	9	56	0	0	56	0	0
18	65610148	.	A	G	4	3	7	0	0	7	0	0
18	65610162	.	A	G	5	4	9	0	0	9	0	0
19	4813159	.	T	C	3	2	5	0	0	5	0	0
19	7515480	.	A	G	17	4	21	0	0	21	0	0
19	8234724	.	T	C	1	2	3	0	0	3	0	0
19	8900203	.	A	G	3	2	5	0	0	5	0	0
19	10223060	.	T	C	21	43	64	0	1	65	0	0
19	12441626	.	A	G	16	8	24	0	0	24	0	0
19	29248791	.	T	G	15	9	24	0	0	24	0	0
19	41818939	.	A	G	6	2	8	0	0	8	0	0
19	43429601	.	A	G	8	4	12	0	1	13	0	0
19	43429686	.	A	G	11	3	14	0	0	14	0	0
19	43429753	.	A	G	16	4	20	0	0	20	0	0
19	44993669	.	T	C	31	5	36	0	2	38	0	0
19	44993727	.	T	C	39	4	43	0	1	44	0	0
19	46269419	.	A	G	1	3	4	0	0	4	0	0
19	59891374	.	A	G	6	1	7	0	1	8	0	0
2	31040922	.	T	C	1	2	3	0	0	3	0	0
2	31505906	.	A	G	6	2	8	0	0	8	0	0
2	31937444	.	A	G	12	3	15	0	0	15	0	0
2	67952998	.	A	T	1	10	11	0	1	12	0	0
2	91043632	.	A	G	31	9	40	0	1	41	0	0
2	91551819	.	A	G	3	2	5	0	0	5	0	0
2	102612558	.	T	A	99	36	135	0	9	144	0	0
2	104121981	.	C	T	1	2	3	0	0	3	0	0
2	104511430	.	T	C	9	2	11	0	0	11	0	0
2	112185846	.	A	G	2	5	7	0	0	7	0	0
2	112185852	.	A	G	3	5	8	0	0	8	0	0
2	118700801	.	A	G	5	2	7	0	0	7	0	0
2	130715901	.	T	C	2	3	5	0	0	5	0	0
2	132151800	.	A	G	47	218	265	1	2	268	0	0
2	144382358	.	A	G	8	5	13	0	1	14	0	0
2	152114942	.	A	G	3	6	9	0	0	9	0	0
2	152115260	.	A	G	5	2	7	0	0	7	0	0
2	154379850	.	A	G	16	6	22	0	1	23	0	0
2	154428653	.	C	T	7	2	9	0	1	10	0	0
2	157400030	.	T	C	63	10	73	6	4	83	0	0
2	158225545	.	A	G	296	43	339	0	3	342	0	0
2	158226873	.	A	G	89	290	379	0	20	399	0	0
2	163309459	.	T	C	9	7	16	0	1	17	0	0
2	164953669	.	T	C	38	11	49	0	0	49	0	0
2	164953773	.	T	C	25	9	34	0	1	35	0	0
2	168055438	.	T	C	6	2	8	0	1	9	0	0
2	169913325	.	A	G	2	2	4	0	0	4	0	0
2	169913421	.	A	G	4	3	7	0	0	7	0	0
2	174169694	.	A	G	83	16	99	1	3	103	0	0
2	177401096	.	T	G	7	4	11	1	1	13	0	0
2	180727466	.	T	C	10	2	12	0	0	12	0	0
3	19278361	.	T	C	5	2	7	0	0	7	0	0
3	40748697	.	A	G	35	6	41	11	0	52	0	0
3	54706896	.	A	G	11	3	14	0	0	14	0	0
3	57551908	.	T	C	1	2	3	0	0	3	0	0
3	65587492	.	A	G	1	2	3	0	0	3	0	0
3	65868019	.	A	G	8	2	10	0	0	10	0	0
3	68898424	.	T	C	1	2	3	0	0	3	0	0
3	80599593	.	T	C	84	164	248	0	3	251	0	0
3	80613850	.	T	C	7	3	10	0	1	11	0	0
3	80614159	.	T	C	5	6	11	0	0	11	0	0
3	80614215	.	T	C	224	75	299	0	6	305	0	0
3	88259542	.	A	G	14	3	17	0	0	17	0	0
3	88259549	.	A	G	17	2	19	0	0	19	0	0
3	88259584	.	A	G	9	3	12	0	0	12	0	0
3	94794244	.	T	A	3	3	6	0	0	6	0	0
3	94794245	.	G	A	3	3	6	0	0	6	0	0
3	95091616	.	T	C	6	2	8	0	0	8	0	0
3	96539776	.	A	G	6	11	17	0	1	18	0	0
3	102973406	.	A	G	34	17	51	0	2	53	0	0
3	103187243	.	A	G	6	2	8	0	0	8	0	0
3	104835351	.	A	G	4	4	8	0	0	8	0	0
3	104835352	.	A	G	5	2	7	0	1	8	0	0
3	127330396	.	A	G	6	2	8	0	0	8	0	0
3	129707407	.	C	T	5	2	7	0	0	7	0	0
3	135112631	.	T	C	49	10	59	0	1	60	0	0
3	143894308	.	C	T	7	2	9	0	1	10	0	0
3	151935613	.	A	G	1	2	3	0	0	3	0	0
3	158666700	.	G	T	1	2	3	0	0	3	0	0
4	11549972	.	G	T	2	2	4	0	0	4	0	0
4	11549974	.	A	T	1	2	3	0	1	4	0	0
4	21836550	.	A	G	33	5	38	0	1	39	0	0
4	21836592	.	A	G	26	5	31	3	3	37	0	0
4	21911886	.	A	G	12	5	17	0	0	17	0	0
4	28967378	.	G	A	6	0	6	0	4	10	0	0
4	28967380	.	C	A	6	2	8	0	2	10	0	0
4	32022582	.	A	G	22	4	26	0	2	28	0	0
4	33019420	.	A	G	60	18	78	0	1	79	0	0
4	33020417	.	A	G	39	40	79	0	1	80	0	0
4	33945697	.	T	C	26	34	60	0	0	60	0	0
4	34950337	.	G	A	4	2	6	0	0	6	0	0
4	34950341	.	T	A	4	2	6	0	0	6	0	0
4	41518514	.	T	C	145	14	159	0	5	164	0	0
4	53030901	.	C	T	4	1	5	0	3	8	0	0
4	97999707	.	C	T	5	1	6	0	2	8	0	0
4	103075359	.	A	G	3	3	6	0	0	6	0	0
4	117731424	.	A	G	3	2	5	0	0	5	0	0
4	118484005	.	A	G	13	19	32	0	1	33	0	0
4	118484020	.	A	G	25	7	32	0	2	34	0	0
4	118484072	.	A	G	20	7	27	0	0	27	0	0
4	119080668	.	T	C	10	3	13	0	0	13	0	0
4	119080724	.	T	C	5	2	7	0	0	7	0	0
4	124838094	.	A	G	4	11	15	0	0	15	0	0
4	125982944	.	A	G	9	4	13	0	0	13	0	0
4	125985458	.	A	G	6	2	8	0	1	9	0	0
4	129062418	.	T	C	2	3	5	0	0	5	0	0
4	131679966	.	T	C	8	2	10	0	0	10	0	0
4	131948437	.	T	C	1	2	3	0	0	3	0	0
4	134625164	.	A	G	4	3	7	0	0	7	0	0
4	137987341	.	A	G	69	27	96	0	2	98	0	0
4	137987354	.	A	G	52	35	87	0	3	90	0	0
4	140678829	.	A	G	10	2	12	0	0	12	0	0
4	140678893	.	A	G	14	3	17	2	2	21	0	0
4	147907715	.	T	C	4	2	6	0	1	7	0	0
4	147907821	.	T	C	4	3	7	0	0	7	0	0
4	149202654	.	A	G	21	4	25	0	0	25	0	0
4	149203211	.	A	G	15	8	23	0	0	23	0	0
4	155705982	.	A	G	8	2	10	0	0	10	0	0
4	155706828	.	A	G	8	7	15	0	1	16	0	0
4	156095123	.	A	G	67	44	111	0	0	111	0	0
5	5833142	.	A	G	1	4	5	3	2	10	0	0
5	23627727	.	T	C	3	3	6	0	0	6	0	0
5	24649635	.	T	C	13	3	16	0	1	17	0	0
5	28057856	.	A	G	17	3	20	0	0	20	0	0
5	29658129	.	A	G	1	2	3	0	0	3	0	0
5	30513838	.	A	T	14	2	16	0	0	16	0	0
5	31330824	.	T	C	7	4	11	0	0	11	0	0
5	65605388	.	T	C	38	10	48	0	2	51	1	0
5	65605389	.	T	C	32	17	49	0	2	51	0	0
5	70909483	.	A	T	9	6	15	0	0	15	0	0
5	77555578	.	T	C	1	13	14	0	0	14	0	0
5	77555630	.	T	C	2	8	10	0	0	10	0	0
5	104652843	.	A	G	18	4	22	0	0	22	0	0
5	115437319	.	T	C	4	2	6	0	0	6	0	0
5	121941595	.	A	G	1	0	1	0	2	3	0	0
5	122546590	.	A	G	5	2	7	0	0	7	0	0
5	122872763	.	T	C	7	2	9	0	1	10	0	0
5	123386729	.	A	G	9	9	18	0	0	18	0	0
5	123495010	.	A	G	2	2	4	0	1	5	0	0
5	123880062	.	T	C	4	3	7	0	0	7	0	0
5	124792968	.	A	G	2	2	4	0	0	4	0	0
5	124940119	.	A	G	3	2	5	0	0	5	0	0
5	125534541	.	A	G	42	16	58	0	0	58	0	0
5	129798517	.	A	G	12	2	14	0	1	15	0	0
5	130014307	.	A	G	43	8	51	0	2	53	0	0
5	135193588	.	A	G	2	3	5	0	0	5	0	0
5	135193855	.	A	G	2	3	5	0	0	5	0	0
5	135437709	.	T	C	14	5	19	0	0	19	0	0
5	135437715	.	T	C	11	6	17	0	1	18	0	0
5	136941953	.	A	G	59	11	70	0	1	71	0	0
5	137142303	.	C	A	5	2	7	0	0	7	0	0
5	142655047	.	A	G	77	14	91	0	0	91	0	0
5	142856760	.	T	C	10	2	12	0	0	12	0	0
5	142888875	.	G	T	18	4	22	0	2	24	0	0
5	143381709	.	A	G	3	2	5	0	0	5	0	0
5	143382766	.	A	G	6	2	8	0	0	8	0	0
5	143751066	.	A	G	9	2	11	1	0	12	0	0
5	145126825	.	T	C	2	2	4	0	0	4	0	0
5	148269115	.	G	C	8	12	20	0	2	22	0	0
6	4760320	.	A	C	3	1	4	0	3	7	0	0
6	4760325	.	T	C	3	0	3	0	3	6	0	0
6	12041543	.	T	A	9	5	14	0	1	15	0	0
6	12555409	.	G	T	1	8	9	0	0	9	0	0
6	29714065	.	A	G	4	3	7	0	0	7	0	0
6	31492600	.	A	G	11	4	15	0	0	15	0	0
6	31492602	.	A	G	6	9	15	0	0	15	0	0
6	37847782	.	A	G	10	2	12	0	0	12	0	0
6	39312088	.	T	C	15	5	20	0	0	20	0	0
6	49231811	.	T	C	12	3	15	0	1	16	0	0
6	49231812	.	T	C	12	4	16	0	0	16	0	0
6	57487290	.	C	A	36	10	46	0	4	50	0	0
6	66517625	.	A	G	6	11	17	0	0	17	0	0
6	66517635	.	A	G	10	5	15	0	0	15	0	0
6	67273501	.	A	G	4	2	6	0	0	6	0	0
6	81938595	.	G	T	4	2	6	0	2	8	0	0
6	81938596	.	G	T	6	2	8	0	0	8	0	0
6	86393034	.	A	G	4	2	6	0	0	6	0	0
6	86978653	.	T	C	1	8	9	2	0	11	0	0
6	86978687	.	T	C	1	9	10	0	0	10	0	0
6	87794049	.	T	C	14	2	16	0	1	17	0	0
6	87795142	.	T	C	5	2	7	0	0	7	0	0
6	116661976	.	C	T	1	4	5	0	0	5	0	0
6	117974434	.	G	A	2	2	4	4	0	8	0	0
6	118442061	.	G	A	1	7	8	0	0	8	0	0
6	118512057	.	C	G	1	9	10	0	0	10	0	0
6	118512060	.	T	G	1	9	10	0	0	10	0	0
6	118517425	.	C	T	1	10	11	0	0	11	0	0
6	119410574	.	G	A	1	2	3	0	0	3	0	0
6	119824994	.	A	G	1	12	13	0	0	13	0	0
6	119939864	.	T	G	1	8	9	0	0	9	0	0
6	120177127	.	G	A	1	2	3	0	0	3	0	0
6	120866938	.	G	A	1	13	14	0	0	14	0	0
6	125127679	.	A	G	1	2	3	0	1	4	0	0
6	126619121	.	T	C	37	22	59	0	1	60	0	0
6	146012079	.	C	T	6	2	8	0	0	8	0	0
6	149461644	.	T	C	12	2	14	0	2	16	0	0
7	3463600	.	A	G	70	8	78	0	2	80	0	0
7	4149598	.	T	G	16	1	17	0	15	32	0	0
7	6357880	.	A	G	3	3	6	0	0	6	0	0
7	6678646	.	T	C	5	2	7	0	0	7	0	0
7	6969234	.	A	G	11	2	13	0	0	13	0	0
7	12706157	.	A	G	9	4	13	0	0	13	0	0
7	16141725	.	G	C	1	1	2	0	0	2	0	0
7	16529827	.	C	T	1	2	3	0	1	4	0	0
7	16619272	.	A	G	10	21	31	1	0	32	0	0
7	16619450	.	A	G	4	4	8	0	0	8	0	0
7	16619714	.	A	G	40	16	56	0	2	58	0	0
7	16651626	.	T	A	1399	0	1399	30	21	1451	1	0
7	16651634	.	G	A	2	1308	1310	30	32	1372	0	0
7	18732886	.	G	A	1	2	3	0	0	3	0	0
7	18957087	.	C	T	1	3	4	0	0	4	0	0
7	19090877	.	T	C	2	9	11	0	1	12	0	0
7	19240036	.	T	C	11	3	14	0	0	14	0	0
7	19366244	.	G	A	1	4	5	0	1	6	0	0
7	23974184	.	G	A	1	5	6	1	1	8	0	0
7	26904993	.	A	G	1	2	3	0	0	3	0	0
7	26905060	.	A	G	5	3	8	0	0	8	0	0
7	27227593	.	T	C	32	4	36	0	2	38	0	0
7	27663582	.	A	G	1	2	3	0	0	3	0	0
7	28853103	.	G	A	1	9	10	0	0	10	0	0
7	28859656	.	G	A	2	20	22	0	0	22	0	0
7	28868929	.	T	C	6	3	9	1	1	11	0	0
7	30445340	.	C	T	1	2	3	0	0	3	0	0
7	33914980	.	A	G	1	12	13	0	0	13	0	0
7	43174884	.	T	C	1	2	3	0	0	3	0	0
7	45032973	.	T	C	4	4	8	0	0	8	0	0
7	45484655	.	A	G	3	2	5	0	1	6	0	0
7	58899042	.	T	C	2	3	5	0	0	5	0	0
7	73387821	.	T	C	2	3	5	0	0	5	0	0
7	79206023	.	A	G	17	4	21	0	0	21	0	0
7	81253540	.	T	C	15	5	20	0	0	20	0	0
7	81521958	.	A	G	3	4	7	0	0	7	0	0
7	81522050	.	A	G	6	2	8	0	0	8	0	0
7	81522943	.	A	G	2	2	4	0	0	4	0	0
7	81533652	.	C	T	22	17	39	0	1	40	0	0
7	83274886	.	T	C	2	3	5	0	0	5	0	0
7	98969304	.	A	G	17	2	19	0	1	20	0	0
7	103988513	.	T	C	2	3	5	0	0	5	0	0
7	110655309	.	T	C	16	7	23	0	1	24	0	0
7	125316415	.	A	G	2	2	4	0	0	4	0	0
7	127262682	.	G	A	3	2	5	0	0	5	0	0
7	127519115	.	A	G	3	5	8	0	0	8	0	0
7	130360893	.	A	T	2	13	15	0	0	15	0	0
7	141013038	.	T	C	4	2	6	0	0	6	0	0
7	142207010	.	T	C	39	11	50	0	1	51	0	0
8	13336085	.	T	C	3	2	5	0	0	5	0	0
8	14140659	.	G	A	14	4	18	0	0	18	0	0
8	14140661	.	A	C	11	4	15	0	1	16	0	0
8	19834807	.	A	T	8	2	10	27	0	37	0	0
8	20717395	.	T	A	3	3	6	4	0	10	0	0
8	20727130	.	G	A	27	11	38	4	1	43	0	0
8	69766592	.	A	G	10	2	12	0	1	13	0	0
8	72670734	.	A	G	2	2	4	0	0	4	0	0
8	72977426	.	A	G	18	19	37	0	0	37	0	0
8	110400054	.	T	C	2	2	4	0	0	4	0	0
8	110817217	.	A	G	11	4	15	0	1	16	0	0
8	111646647	.	C	A	5	2	7	0	0	7	0	0
8	111731758	.	T	C	18	3	21	0	0	21	0	0
8	124147389	.	G	A	216	191	407	0	13	420	0	0
8	124261954	.	A	G	2	5	7	0	0	7	0	0
8	125620861	.	T	C	24	10	34	0	0	34	0	0
8	125620868	.	T	C	30	5	35	0	0	35	0	0
9	3387771	.	A	G	11	8	19	0	0	19	0	0
9	4456006	.	T	C	3	8	11	1	0	12	0	0
9	8022080	.	T	C	8	3	11	0	0	11	0	0
9	21935563	.	T	C	9	2	11	0	0	11	0	0
9	47764621	.	G	A	10	4	14	0	1	15	0	0
9	53311221	.	A	G	6	2	8	0	0	8	0	0
9	57051592	.	T	C	5	2	7	0	0	7	0	0
9	95939293	.	A	G	14	5	19	0	1	20	0	0
9	108178884	.	G	A	12	2	14	0	1	15	0	0
9	108341808	.	A	T	5	2	7	0	0	7	0	0
9	109660362	.	C	T	6	2	8	0	0	8	0	0
9	119878923	.	C	T	10	12	22	0	1	23	0	0
9	124034058	.	T	G	10	9	19	3	2	24	0	0
X	7774376	.	A	G	4	3	7	0	0	7	0	0
X	35462802	.	T	C	8	3	11	0	0	11	0	0
X	37697716	.	A	G	9	3	12	0	0	12	0	0
X	40743165	.	A	G	8	4	12	0	0	12	0	0
X	46899305	.	A	G	7	5	12	0	0	12	0	0
X	55633003	.	T	C	21	6	27	0	0	27	0	0
X	60231705	.	A	G	8	12	20	0	0	20	0	0
X	69388256	.	T	C	30	4	34	1	1	36	0	0
X	73270255	.	T	C	9	3	12	0	0	12	0	0
X	73270256	.	T	C	1	11	12	0	0	12	0	0
X	73270468	.	T	C	2	6	8	1	0	9	0	0
X	102620158	.	T	C	2	2	4	0	0	4	0	0
X	102620159	.	T	C	2	2	4	0	0	4	0	0
X	102623385	.	T	C	5	3	8	0	0	8	0	0
X	133489839	.	T	C	10	2	12	0	0	12	0	0
X	145978689	.	A	G	36	8	44	0	1	45	0	0
X	149766871	.	T	C	36	9	45	0	3	48	0	0
X	149767614	.	T	C	44	41	85	0	1	86	0	0
X	159360986	.	A	G	23	2	25	0	0	25	0	0
X	161815172	.	A	G	5	2	7	0	1	8	0	0
X	162761028	.	T	C	3	2	5	0	1	6	0	0
X	164972992	.	A	G	3	2	5	2	0	7	0	0
Y	1016394	.	A	G	16	14	30	0	4	34	0	0
