contig	position	variantID	refAllele	altAllele	refCount	altCount	totalCount	lowMAPQDepth	lowBaseQDepth	rawDepth	otherBases	improperPairs
1	6280352	.	T	C	1	3	4	0	0	4	0	0
1	10101768	.	T	C	1	2	3	0	0	3	0	0
1	13696043	.	T	C	17	3	20	2	0	22	0	0
1	16717060	.	T	C	1	2	3	0	2	5	0	0
1	22031785	.	T	C	7	14	21	0	0	21	0	0
1	36818932	.	G	A	2	1	3	0	0	3	0	0
1	36818936	.	G	A	2	1	3	0	0	3	0	0
1	40720426	.	A	G	3	2	5	0	0	5	0	0
1	51506146	.	T	C	2	3	5	0	1	6	0	0
1	59756998	.	A	G	12	2	14	0	0	14	0	0
1	59913367	.	A	G	61	18	79	0	1	80	0	0
1	60517747	.	A	G	58	23	81	0	17	98	0	0
1	66711873	.	A	G	98	28	126	0	4	130	0	0
1	74474818	.	G	A	7	3	10	0	4	14	0	0
1	75398649	.	A	G	22	6	28	0	0	28	0	0
1	78642619	.	G	T	12	1	13	0	1	14	0	0
1	78642620	.	A	C	13	1	14	0	0	14	0	0
1	86275650	.	T	C	21	3	24	0	1	25	0	0
1	86276528	.	T	C	13	3	16	0	1	17	0	0
1	88187289	.	A	G	1	4	5	0	0	5	0	0
1	88188255	.	C	T	4	3	7	0	0	7	0	0
1	88188277	.	C	G	5	4	9	0	1	10	0	0
1	88189462	.	G	A	3	2	5	0	0	5	0	0
1	88190006	.	T	A	4	1	5	0	0	5	0	0
1	88190661	.	G	C	2	3	5	0	0	5	0	0
1	88190717	.	G	C	2	2	4	0	0	4	0	0
1	88190781	.	C	T	7	2	9	0	0	9	0	0
1	88190815	.	G	A	1	8	9	0	0	9	0	0
1	88190921	.	C	T	3	9	12	0	0	12	0	0
1	88191237	.	A	C	8	41	49	0	4	53	0	0
1	88191281	.	A	G	50	14	64	0	1	65	0	0
1	88191320	.	C	T	11	24	35	0	0	35	0	0
1	88191468	.	C	G	3	37	40	0	0	40	0	0
1	88191706	.	G	A	40	9	49	0	1	50	0	0
1	88191710	.	T	C	16	30	46	0	2	48	0	0
1	88191744	.	C	A	51	6	57	0	0	57	0	0
1	88191864	.	G	T	56	11	67	0	1	68	0	0
1	88192008	.	C	T	44	8	52	0	1	53	0	0
1	88192037	.	T	A	4	26	30	0	0	30	0	0
1	88192048	.	G	C	18	38	56	0	0	56	0	0
1	88192098	.	G	A	27	9	36	0	3	39	0	0
1	88192180	.	G	T	60	8	68	0	0	68	0	0
1	88192184	.	T	A	58	8	66	0	1	67	0	0
1	88192243	.	A	G	12	45	57	0	0	57	0	0
1	88192700	.	G	A	11	31	42	0	1	43	0	0
1	88192756	.	G	A	10	24	34	0	1	35	0	0
1	88192844	.	G	A	3	30	33	0	0	33	0	0
1	88192980	.	A	G	4	33	37	2	1	40	0	0
1	88193031	.	C	G	7	15	22	0	0	22	0	0
1	88193194	.	C	T	1	7	8	5	1	14	0	0
1	88193292	.	T	A	3	2	5	3	0	8	0	0
1	88193917	.	G	A	12	28	40	16	0	56	0	0
1	88194314	.	C	A	35	10	45	1	1	47	0	0
1	88197053	.	T	C	10	31	41	0	0	41	0	0
1	88197991	.	A	G	8	31	39	0	0	39	0	0
1	88197996	.	C	T	3	34	37	0	0	37	0	0
1	88200452	.	A	G	3	35	38	0	0	38	0	0
1	88200653	.	A	C	1	12	13	0	0	13	0	0
1	88200771	.	G	A	10	2	12	0	0	12	0	0
1	88200832	.	C	T	4	7	11	0	0	11	0	0
1	88202772	.	A	T	23	4	27	4	0	31	0	0
1	88204960	.	T	C	3	23	26	1	0	27	0	0
1	88205286	.	A	T	10	2	12	2	0	14	0	0
1	97876842	.	C	T	3	2	5	5	0	10	0	0
1	133065748	.	A	G	37	11	48	0	0	48	0	0
1	153726360	.	T	C	3	2	5	0	0	5	0	0
1	155088786	.	T	C	8	3	11	0	0	11	0	0
1	156255182	.	T	C	5	15	20	0	0	20	0	0
1	156255601	.	T	C	8	6	14	0	0	14	0	0
1	178780229	.	T	C	4	4	8	0	0	8	0	0
1	180155629	.	C	T	6	1	7	0	1	8	0	0
1	180924020	.	T	C	19	6	25	0	0	25	0	0
1	183190594	.	A	G	8	4	12	0	1	13	0	0
10	7524278	.	T	C	1	2	3	0	0	3	0	0
10	13406866	.	T	C	2	2	4	0	0	4	0	0
10	20829629	.	T	C	1	2	3	0	0	3	0	0
10	22667969	.	T	C	1	4	5	0	1	6	0	0
10	43778217	.	C	T	2	2	4	0	0	4	0	0
10	45752162	.	G	A	5	2	7	18	0	25	0	0
10	49118546	.	T	C	10	2	12	0	0	12	0	0
10	49118584	.	T	C	8	7	15	0	0	15	0	0
10	49118640	.	T	C	12	5	17	0	0	17	0	0
10	49148885	.	T	C	6	30	36	0	0	36	0	0
10	57391874	.	C	T	13	3	16	0	0	16	0	0
10	60934433	.	A	G	1	2	3	0	0	3	0	0
10	62645542	.	T	C	7	2	9	0	0	9	0	0
10	81182083	.	T	C	15	3	18	0	1	19	0	0
10	81366434	.	G	T	5	4	9	0	2	11	0	0
10	82062115	.	T	C	17	16	33	0	0	33	0	0
10	82486401	.	T	C	14	3	17	0	0	17	0	0
10	82486405	.	T	C	18	2	20	0	0	20	0	0
10	82486613	.	T	C	32	4	36	0	0	36	0	0
10	93800442	.	T	C	9	2	11	0	0	11	0	0
10	93801926	.	T	C	5	2	7	0	0	7	0	0
10	93801937	.	T	C	6	4	10	0	0	10	0	0
10	94057234	.	A	G	10	3	13	0	0	13	0	0
10	95158662	.	C	A	10	2	12	0	0	12	0	0
10	99933194	.	C	T	13	2	15	0	0	15	0	0
10	126903751	.	T	C	76	13	89	0	4	93	0	0
10	127923795	.	A	G	3	2	5	0	0	5	0	0
10	128032031	.	A	G	5	2	7	0	0	7	0	0
11	3077575	.	C	A	6	3	9	10	0	19	0	0
11	4091399	.	T	C	26	3	29	0	0	29	0	0
11	19671092	.	G	A	0	2	2	5	1	8	0	0
11	20635087	.	C	T	2	2	4	0	1	5	0	0
11	30892820	.	T	C	10	2	12	0	0	12	0	0
11	43572939	.	A	G	8	6	14	0	0	14	0	0
11	45821425	.	T	C	10	5	15	0	0	15	0	0
11	46163470	.	T	C	112	438	550	0	6	556	0	0
11	51547470	.	A	G	4	2	6	0	0	6	0	0
11	53440228	.	A	G	152	141	293	0	3	296	0	0
11	54730814	.	T	C	21	3	24	0	0	24	0	0
11	58218134	.	T	C	2	4	6	0	0	6	0	0
11	60749725	.	A	G	2	1	3	0	1	4	0	0
11	69674128	.	A	G	7	4	11	0	0	11	0	0
11	69922901	.	A	G	5	7	12	0	0	12	0	0
11	69923163	.	A	G	12	2	14	0	0	14	0	0
11	69924767	.	A	G	8	3	11	0	0	11	0	0
11	69927869	.	A	G	2	8	10	0	0	10	0	0
11	69937302	.	A	G	7	3	10	0	0	10	0	0
11	75064512	.	A	G	4	2	6	0	0	6	0	0
11	75067258	.	T	C	22	9	31	0	0	31	0	0
11	77426880	.	T	C	47	12	59	0	1	60	0	0
11	77600713	.	C	T	10	3	13	0	0	13	0	0
11	77873983	.	C	G	15	2	17	0	2	19	0	0
11	79924744	.	T	A	8	1	9	0	2	11	0	0
11	82687096	.	T	C	1	2	3	0	0	3	0	0
11	82854512	.	A	G	6	2	8	0	0	8	0	0
11	86388573	.	A	G	7	2	9	0	0	9	0	0
11	87476439	.	A	G	14	2	16	0	0	16	0	0
11	94431318	.	T	C	14	6	20	1	0	21	0	0
11	94431842	.	T	C	8	3	11	0	0	11	0	0
11	95962333	.	T	C	11	2	13	0	0	13	0	0
11	97535375	.	T	C	9	3	12	0	0	12	0	0
11	97535690	.	T	C	13	2	15	0	0	15	0	0
11	98864919	.	A	T	4	2	6	0	0	6	0	0
11	100330625	.	T	C	3	3	6	0	0	6	0	0
11	100330631	.	T	C	3	2	5	0	0	5	0	0
11	100488792	.	T	C	12	6	18	0	0	18	0	0
11	101089557	.	T	C	12	5	17	0	1	18	0	0
11	101089802	.	T	C	8	9	17	0	0	17	0	0
11	103222923	.	C	T	8	8	16	0	0	16	0	0
11	116471963	.	T	C	12	44	56	0	2	58	0	0
11	116810095	.	A	G	27	4	31	0	0	31	0	0
12	3454168	.	A	G	46	10	56	8	0	64	0	0
12	3454248	.	A	G	16	36	52	9	3	64	0	0
12	17479686	.	A	G	25	4	29	0	0	29	0	0
12	17479809	.	A	G	15	13	28	0	1	29	0	0
12	46747117	.	T	C	32	9	41	0	0	41	0	0
12	54718540	.	T	C	25	5	30	0	1	31	0	0
12	54719070	.	T	C	22	3	25	0	2	27	0	0
12	54719142	.	T	C	24	12	36	0	0	36	0	0
12	69244102	.	A	G	20	6	26	0	0	26	0	0
12	71041945	.	A	G	24	3	27	0	1	28	0	0
12	73975614	.	A	G	1	3	4	0	0	4	0	0
12	75677928	.	A	G	2	5	7	0	0	7	0	0
12	98949293	.	C	A	10	2	12	0	3	15	0	0
12	100843672	.	T	C	19	4	23	0	0	23	0	0
12	101886131	.	T	C	21	4	25	0	1	26	0	0
12	104157734	.	A	T	1	2	3	0	0	3	0	0
12	104157736	.	C	T	1	2	3	0	0	3	0	0
12	109682013	.	A	G	1	2	3	0	0	3	0	0
12	109689209	.	A	G	1	2	3	0	0	3	0	0
12	116175419	.	C	T	1	13	14	0	0	14	0	0
12	116177033	.	A	G	1	9	10	0	1	11	0	0
13	3643433	.	T	C	3	2	5	0	0	5	0	0
13	8901801	.	T	C	16	9	25	0	0	25	0	0
13	17978887	.	T	C	6	1	7	0	1	8	0	0
13	17979133	.	T	C	11	5	16	0	0	16	0	0
13	21574169	.	T	C	4	6	10	0	0	10	0	0
13	48955267	.	G	T	4	1	5	0	2	7	0	0
13	63690911	.	C	T	12	11	23	0	0	23	0	0
13	64437994	.	T	C	16	3	19	0	0	19	0	0
13	64438124	.	T	C	16	6	22	0	0	22	0	0
13	67968158	.	T	C	3	3	6	0	0	6	0	0
13	92577452	.	G	A	3	1	4	0	7	11	0	0
13	107550677	.	C	T	3	2	5	56	1	62	0	0
13	118515925	.	T	C	4	3	7	0	0	7	0	0
13	119625401	.	G	T	26	11	37	0	3	40	0	0
14	10058181	.	A	G	123	40	163	0	2	165	0	0
14	14533725	.	T	C	7	7	14	0	1	15	0	0
14	20517408	.	T	C	3	3	6	0	0	6	0	0
14	21846832	.	A	G	23	33	56	0	3	59	0	0
14	21846833	.	A	G	53	7	60	0	0	60	0	0
14	21847779	.	A	G	68	17	85	0	0	85	0	0
14	26382360	.	T	C	3	3	6	0	0	6	0	0
14	27205403	.	A	G	12	2	14	0	0	14	0	0
14	29773538	.	C	T	12	2	14	0	0	14	0	0
14	29773540	.	G	T	12	2	14	0	0	14	0	0
14	29788070	.	T	C	25	6	31	0	0	31	0	0
14	29788078	.	T	C	21	10	31	0	0	31	0	0
14	30698119	.	A	G	1	3	4	0	0	4	0	0
14	31231631	.	T	C	1	2	3	0	0	3	0	0
14	32018582	.	A	G	30	13	43	0	3	46	0	0
14	33951891	.	T	C	2	2	4	0	0	4	0	0
14	51013458	.	T	C	11	5	16	0	1	17	0	0
14	51109987	.	A	G	6	2	8	0	0	8	0	0
14	54531709	.	G	A	4	2	6	6	0	12	0	0
14	55749057	.	A	G	16	2	18	0	0	18	0	0
14	57880877	.	T	C	2	2	4	0	0	4	0	0
14	59797744	.	C	T	3	1	4	0	2	6	0	0
14	60451313	.	T	C	1	3	4	0	0	4	0	0
14	60451314	.	T	C	2	2	4	0	1	5	0	0
14	65291200	.	A	G	12	5	17	0	19	37	1	0
14	75957159	.	T	C	29	16	45	0	0	45	0	0
14	76678339	.	T	C	9	2	11	0	0	11	0	0
14	103584115	.	T	C	22	9	31	0	1	32	0	0
14	121273016	.	A	G	7	8	15	0	1	16	0	0
15	8187674	.	A	G	5	6	11	0	0	11	0	0
15	8187696	.	A	G	11	3	14	0	1	15	0	0
15	8188973	.	A	G	3	5	8	0	2	10	0	0
15	55118258	.	A	G	15	2	17	0	0	17	0	0
15	75523717	.	T	C	4	4	8	0	0	8	0	0
15	75853045	.	G	A	9	2	11	0	0	11	0	0
15	76215896	.	A	G	2	2	4	0	0	4	0	0
15	76316680	.	A	G	4	2	6	0	0	6	0	0
15	79133222	.	G	A	27	18	45	0	0	45	0	0
15	79496070	.	T	C	2	2	4	0	0	4	0	0
15	81338203	.	A	G	10	2	12	0	0	12	0	0
15	81799307	.	G	A	26	7	33	0	12	45	0	0
15	82015818	.	A	G	1	2	3	0	0	3	0	0
15	98634993	.	T	C	14	38	52	0	0	52	0	0
15	98731431	.	T	C	26	5	31	0	0	31	0	0
15	99142536	.	T	C	59	23	82	20	1	103	0	0
15	99626091	.	A	G	8	4	12	0	0	12	0	0
16	3680985	.	T	C	14	5	19	0	0	19	0	0
16	3683212	.	T	C	20	3	23	0	0	23	0	0
16	4604755	.	T	C	1	3	4	0	0	4	0	0
16	5005004	.	T	G	4	2	6	0	0	6	0	0
16	8462332	.	A	G	4	2	6	0	1	7	0	0
16	10891391	.	T	C	3	6	9	1	7	17	0	0
16	13520445	.	A	G	23	10	33	0	2	35	0	0
16	13520501	.	A	G	6	3	9	0	0	9	0	0
16	16866848	.	A	G	1	6	7	0	0	7	0	0
16	17321752	.	A	G	11	2	13	0	0	13	0	0
16	17496365	.	T	C	1	2	3	0	0	3	0	0
16	18653678	.	A	G	50	22	72	0	2	74	0	0
16	19942498	.	A	G	51	18	69	0	0	69	0	0
16	20363153	.	A	G	4	3	7	0	0	7	0	0
16	20363548	.	A	G	1	5	6	0	0	6	0	0
16	20363619	.	A	G	3	2	5	0	0	5	0	0
16	30330773	.	T	C	12	4	16	0	0	16	0	0
16	32119150	.	A	G	16	9	25	0	0	25	0	0
16	75398743	.	A	G	9	3	12	0	0	12	0	0
16	87230813	.	T	C	7	2	9	0	0	9	0	0
16	87230814	.	T	C	7	2	9	0	0	9	0	0
16	87737431	.	T	C	2	5	7	0	0	7	0	0
16	91453021	.	A	G	62	14	76	0	0	76	0	0
16	97867338	.	C	T	1	3	4	0	0	4	0	0
17	15741073	.	A	G	6	3	9	0	0	9	0	0
17	18050496	.	A	G	1	3	4	0	0	4	0	0
17	21882603	.	A	G	6	1	7	0	0	7	0	0
17	21882607	.	A	G	6	3	9	0	1	10	0	0
17	24397327	.	T	C	4	12	16	0	1	17	0	0
17	24824216	.	G	A	6	2	8	0	0	8	0	0
17	24824217	.	A	T	5	2	7	0	0	7	0	0
17	27239371	.	T	G	4	0	4	0	4	8	0	0
17	29521001	.	A	G	9	2	11	0	0	11	0	0
17	33015057	.	T	C	16	4	20	0	0	20	0	0
17	33037766	.	T	C	20	4	24	0	0	24	0	0
17	33332392	.	T	C	2	2	4	0	0	4	0	0
17	33552004	.	T	C	11	3	14	0	1	15	0	0
17	33966501	.	T	C	43	6	49	150	16	215	0	0
17	34147531	.	A	G	23	10	33	0	0	33	0	0
17	40158498	.	T	C	3562	4418	7980	3	140	8503	380	0
17	40159543	.	T	C	23	201	224	2	2	228	0	0
17	45973875	.	T	C	39	102	141	0	6	147	0	0
17	50586902	.	G	A	8	3	11	0	0	11	0	0
17	95067479	.	T	C	15	17	32	0	0	32	0	0
18	5593495	.	A	C	3	2	5	0	0	5	0	0
18	6792650	.	A	G	26	4	30	0	1	31	0	0
18	6792802	.	A	G	19	4	23	0	1	24	0	0
18	24097953	.	A	G	11	2	13	0	0	13	0	0
18	32232655	.	A	G	13	3	16	0	1	17	0	0
18	32235930	.	A	G	9	7	16	0	0	16	0	0
18	32236019	.	A	G	13	2	15	0	0	15	0	0
18	32236020	.	A	G	12	3	15	0	0	15	0	0
18	32561134	.	A	G	50	11	61	0	1	62	0	0
18	35743341	.	A	G	6	3	9	0	0	9	0	0
18	35807586	.	T	C	61	15	76	0	2	78	0	0
18	61328635	.	T	C	5	2	7	0	0	7	0	0
19	4813159	.	T	C	3	2	5	0	0	5	0	0
19	6895783	.	T	C	2	2	4	0	0	4	0	0
19	7515480	.	A	G	24	7	31	0	0	31	0	0
19	10223060	.	T	C	39	66	105	0	1	106	0	0
19	10566002	.	A	G	13	3	16	0	0	16	0	0
19	12441626	.	A	G	17	8	25	0	0	25	0	0
19	16255599	.	A	C	0	4	4	0	2	6	0	0
19	29248791	.	T	G	13	17	30	0	0	30	0	0
19	41818939	.	A	G	10	3	13	0	0	13	0	0
19	43429365	.	A	G	19	3	22	0	0	22	0	0
19	43429601	.	A	G	15	15	30	0	0	30	0	0
19	43429686	.	A	G	20	4	24	0	0	24	0	0
19	43429753	.	A	G	31	14	45	0	0	45	0	0
19	44993669	.	T	C	33	12	45	0	1	46	0	0
19	44993727	.	T	C	46	5	51	0	0	51	0	0
19	45000291	.	T	C	8	3	11	0	0	11	0	0
19	55285208	.	A	G	1	2	3	0	0	3	0	0
2	5799245	.	T	C	3	2	5	0	0	5	0	0
2	5799257	.	T	C	3	2	5	0	0	5	0	0
2	14152459	.	G	A	4	2	6	0	0	6	0	0
2	22478526	.	A	G	1	2	3	13	1	17	0	0
2	23290225	.	T	C	2	2	4	0	0	4	0	0
2	26846568	.	T	C	8	2	10	0	0	10	0	0
2	31505906	.	A	G	6	2	8	0	0	8	0	0
2	32506294	.	A	G	1	2	3	0	0	3	0	0
2	38902520	.	A	G	4	3	7	0	0	7	0	0
2	40445978	.	T	C	1	4	5	4	0	9	0	0
2	66357417	.	C	G	2	3	5	0	0	5	0	0
2	66527969	.	T	C	1	2	3	0	0	3	0	0
2	91043632	.	A	G	50	10	60	0	1	61	0	0
2	91064808	.	T	C	8	3	11	0	0	11	0	0
2	102612558	.	T	A	216	57	273	0	23	296	0	0
2	104511430	.	T	C	12	3	15	0	0	15	0	0
2	118700859	.	G	T	2	0	2	0	3	5	0	0
2	128968268	.	A	G	14	2	16	0	0	16	0	0
2	130715901	.	T	C	2	4	6	0	1	7	0	0
2	132151800	.	A	G	40	301	341	0	5	346	0	0
2	144382358	.	A	G	21	3	24	0	0	24	0	0
2	152114942	.	A	G	1	5	6	0	0	6	0	0
2	154379850	.	A	G	28	10	38	0	2	40	0	0
2	157400030	.	T	C	85	28	113	9	4	126	0	0
2	158225545	.	A	G	332	62	394	0	4	398	0	0
2	158226873	.	A	G	113	329	442	0	7	449	0	0
2	163309459	.	T	C	9	9	18	0	1	19	0	0
2	164953669	.	T	C	41	9	50	0	0	50	0	0
2	164953773	.	T	C	34	7	41	0	1	42	0	0
2	166408278	.	A	G	14	5	19	0	0	19	0	0
2	168055291	.	T	C	4	2	6	0	0	6	0	0
2	174169694	.	A	G	77	20	97	0	4	101	0	0
3	24387547	.	T	C	3	2	5	31	0	36	0	0
3	32566328	.	A	G	9	2	11	0	0	11	0	0
3	54706896	.	A	G	12	3	15	0	0	15	0	0
3	65866425	.	A	G	7	2	9	0	0	9	0	0
3	73543751	.	G	T	3	2	5	0	0	5	0	0
3	78394945	.	C	G	1	3	4	0	0	4	0	0
3	80599593	.	T	C	131	271	402	2	4	408	0	0
3	80614159	.	T	C	4	8	12	0	0	12	0	0
3	80614215	.	T	C	327	108	435	0	4	439	0	0
3	89675221	.	T	C	15	3	18	0	0	18	0	0
3	95094827	.	T	C	10	2	12	0	0	12	0	0
3	102973406	.	A	G	41	10	51	0	0	51	0	0
3	103187243	.	A	G	19	5	24	0	0	24	0	0
3	104835351	.	A	G	4	4	8	0	0	8	0	0
3	122649821	.	A	G	7	2	9	0	0	9	0	0
3	135112631	.	T	C	54	15	69	0	0	69	0	0
3	138265030	.	A	G	13	3	16	0	0	16	0	0
4	21836550	.	A	G	45	8	53	0	0	53	0	0
4	32022582	.	A	G	37	4	41	1	1	43	0	0
4	33019420	.	A	G	88	23	111	0	3	114	0	0
4	33020417	.	A	G	69	63	132	0	1	133	0	0
4	41518514	.	T	C	193	31	224	0	1	225	0	0
4	62342224	.	A	G	11	4	15	0	0	15	0	0
4	62371673	.	T	C	3	3	6	0	0	6	0	0
4	62440929	.	A	C	2	2	4	0	0	4	0	0
4	63580599	.	T	C	1	2	3	0	0	3	0	0
4	69844043	.	C	T	2	2	4	10	1	15	0	0
4	86495344	.	G	T	69	11	80	1	0	81	0	0
4	88289067	.	A	G	15	2	17	0	0	17	0	0
4	103021909	.	A	G	21	4	25	0	3	29	1	0
4	105089876	.	C	A	13	3	16	0	16	32	0	0
4	108198313	.	A	G	7	8	15	0	1	16	0	0
4	116410112	.	T	C	15	2	17	0	1	18	0	0
4	118484005	.	A	G	8	15	23	0	0	23	0	0
4	118484020	.	A	G	23	2	25	0	1	26	0	0
4	118484072	.	A	G	9	7	16	0	2	18	0	0
4	119081410	.	T	C	18	3	21	0	2	23	0	0
4	120932585	.	T	C	1	2	3	0	0	3	0	0
4	124838094	.	A	G	3	14	17	0	1	18	0	0
4	125982944	.	A	G	12	8	20	0	0	20	0	0
4	125982989	.	A	G	12	3	15	0	0	15	0	0
4	137954206	.	A	G	5	3	8	0	0	8	0	0
4	137987341	.	A	G	96	21	117	0	1	118	0	0
4	137987354	.	A	G	84	32	116	0	0	116	0	0
4	140678893	.	A	G	17	5	22	0	0	22	0	0
4	141488012	.	T	C	44	14	58	1	0	59	0	0
4	144314687	.	A	G	3	3	6	33	0	39	0	0
4	148140817	.	A	G	20	3	23	0	0	23	0	0
4	149203211	.	A	G	20	4	24	0	0	24	0	0
4	149552635	.	T	C	4	2	6	0	0	6	0	0
4	155706828	.	A	G	16	4	20	2	1	23	0	0
4	155800978	.	A	G	7	2	9	0	0	9	0	0
4	156042167	.	T	A	1	2	3	0	0	3	0	0
4	156042168	.	C	A	1	1	2	0	1	3	0	0
4	156095123	.	A	G	71	41	112	0	1	113	0	0
5	5833142	.	A	G	1	5	6	3	1	10	0	0
5	24649635	.	T	C	21	6	27	0	0	27	0	0
5	31330824	.	T	C	6	5	11	0	0	11	0	0
5	33149755	.	A	G	9	3	12	0	0	12	0	0
5	33176830	.	G	A	10	1	11	0	1	12	0	0
5	33176831	.	C	G	11	1	12	0	0	12	0	0
5	65605388	.	T	C	52	25	77	0	0	77	0	0
5	65605389	.	T	C	33	42	75	0	2	77	0	0
5	73450654	.	C	T	2	1	3	0	1	4	0	0
5	77555578	.	T	C	6	19	25	0	0	25	0	0
5	110081429	.	C	T	5	2	7	0	0	7	0	0
5	110081431	.	C	T	4	2	6	0	1	7	0	0
5	112730850	.	C	T	10	2	12	0	0	12	0	0
5	115760519	.	T	A	4	2	6	15	0	21	0	0
5	121662316	.	T	C	2	3	5	0	0	5	0	0
5	121683511	.	T	C	22	4	26	0	0	26	0	0
5	121941595	.	A	G	1	4	5	0	1	6	0	0
5	122546790	.	A	G	14	2	16	0	0	16	0	0
5	122547245	.	A	G	7	3	10	0	1	11	0	0
5	123386729	.	A	G	22	5	27	0	1	28	0	0
5	123880070	.	T	C	5	2	7	0	0	7	0	0
5	125534541	.	A	G	62	35	97	2	2	101	0	0
5	129798517	.	A	G	20	3	23	0	1	24	0	0
5	130014307	.	A	G	56	14	70	1	1	72	0	0
5	135192126	.	A	G	12	3	15	0	0	15	0	0
5	135192160	.	A	G	13	3	16	0	0	16	0	0
5	135193044	.	A	G	2	2	4	0	0	4	0	0
5	135193588	.	A	G	2	4	6	0	0	6	0	0
5	135437709	.	T	C	15	8	23	0	1	24	0	0
5	135437715	.	T	C	15	8	23	0	0	23	0	0
5	135665678	.	A	G	1	2	3	0	0	3	0	0
5	136941953	.	A	G	72	23	95	0	1	96	0	0
5	138123788	.	C	T	23	4	27	0	3	30	0	0
5	142655047	.	A	G	78	18	96	0	2	98	0	0
5	142856760	.	T	C	27	5	32	0	0	32	0	0
5	142888875	.	G	T	24	8	32	0	4	36	0	0
5	143751066	.	A	G	17	4	21	1	0	22	0	0
5	145064895	.	C	A	5	3	8	0	0	8	0	0
5	145064899	.	C	A	5	2	7	0	1	8	0	0
5	150562299	.	T	C	21	4	25	0	0	25	0	0
5	150564575	.	T	C	7	2	9	0	0	9	0	0
6	6821780	.	T	C	10	2	12	0	1	13	0	0
6	7873328	.	T	A	1	12	13	0	0	13	0	0
6	7873330	.	C	T	1	12	13	0	0	13	0	0
6	8593048	.	C	T	1	4	5	3	0	8	0	0
6	25689644	.	G	A	18	15	33	0	0	33	0	0
6	31489228	.	G	A	2	2	4	0	0	4	0	0
6	31492600	.	A	G	11	6	17	0	1	18	0	0
6	31492602	.	A	G	10	8	18	0	0	18	0	0
6	39312088	.	T	C	20	8	28	0	2	30	0	0
6	39312096	.	T	C	25	5	30	0	3	33	0	0
6	49231812	.	T	C	6	4	10	0	1	11	0	0
6	61288787	.	G	A	1	11	12	0	0	12	0	0
6	66517625	.	A	G	7	10	17	0	0	17	0	0
6	86355883	.	T	C	2	2	4	5	0	9	0	0
6	86398946	.	A	G	2	2	4	1	2	7	0	0
6	96010183	.	T	C	6	2	8	1	0	9	0	0
6	99497751	.	T	G	3	1	4	0	2	6	0	0
6	113266004	.	A	G	2	2	4	0	0	4	0	0
6	115219659	.	A	G	3	2	5	0	0	5	0	0
6	118566009	.	C	T	2	9	11	0	1	12	0	0
6	119197203	.	T	A	1	2	3	0	0	3	0	0
6	120470411	.	T	C	15	2	17	0	1	18	0	0
6	120508156	.	C	T	1	8	9	0	0	9	0	0
6	122715481	.	T	C	2	2	4	0	0	4	0	0
6	122716319	.	T	C	1	2	3	1	0	4	0	0
6	125171008	.	A	T	10	2	12	0	2	14	0	0
6	125171009	.	G	T	12	0	12	0	2	14	0	0
6	126619121	.	T	C	79	21	100	0	0	100	0	0
6	145908824	.	C	A	4	1	5	0	3	8	0	0
6	146734488	.	G	T	1	2	3	0	0	3	0	0
7	3463600	.	A	G	110	12	122	0	2	125	1	0
7	6967217	.	A	G	18	4	22	0	0	22	0	0
7	7119014	.	T	C	1	9	10	0	1	11	0	0
7	7119020	.	T	C	1	13	14	0	0	14	0	0
7	7294099	.	C	A	1	8	9	0	1	10	0	0
7	12707543	.	A	G	2	3	5	0	0	5	0	0
7	12713176	.	G	A	1	6	7	0	0	7	0	0
7	16605757	.	G	A	0	1	1	0	2	3	0	0
7	16619272	.	A	G	11	52	63	0	1	64	0	0
7	16619714	.	A	G	68	21	89	0	0	89	0	0
7	18131606	.	G	T	4	4	8	0	0	8	0	0
7	18981774	.	C	G	1	6	7	0	0	7	0	0
7	23840986	.	C	A	14	2	16	1	0	17	0	0
7	23990728	.	C	T	1	11	12	0	0	12	0	0
7	24561786	.	T	C	1	2	3	7	0	10	0	0
7	26905060	.	A	G	1	2	3	0	0	3	0	0
7	27227593	.	T	C	53	13	66	0	3	69	0	0
7	27520956	.	A	G	5	3	8	0	0	8	0	0
7	27543795	.	G	A	3	2	5	6	0	11	0	0
7	27583247	.	T	A	2	1	3	4	2	9	0	0
7	27663837	.	A	G	2	6	8	3	0	11	0	0
7	27674221	.	G	A	1	4	5	5	0	10	0	0
7	29574949	.	G	A	1	7	8	0	0	8	0	0
7	29736685	.	T	C	1	10	11	0	0	11	0	0
7	30358332	.	C	T	1	6	7	0	0	7	0	0
7	30436749	.	G	A	1	9	10	0	0	10	0	0
7	35090723	.	A	G	4	3	7	0	0	7	0	0
7	35090726	.	A	G	4	3	7	0	0	7	0	0
7	35091052	.	A	G	5	3	8	0	0	8	0	0
7	39217068	.	A	G	10	3	13	0	0	13	0	0
7	45032973	.	T	C	4	6	10	0	0	10	0	0
7	45235819	.	A	G	2	2	4	1	0	5	0	0
7	45484581	.	A	G	7	2	9	0	0	9	0	0
7	79741424	.	G	T	4	3	7	0	2	9	0	0
7	79741425	.	G	T	5	2	7	0	2	9	0	0
7	80361800	.	T	C	8	2	10	0	0	10	0	0
7	81253540	.	T	C	29	4	33	0	0	33	0	0
7	81522050	.	A	G	4	6	10	0	0	10	0	0
7	92294804	.	A	G	5	2	7	0	0	7	0	0
7	105389705	.	G	T	8	2	10	0	2	12	0	0
7	105389706	.	G	T	7	0	7	0	3	10	0	0
7	110655309	.	T	C	22	11	33	1	1	36	1	0
7	121586933	.	T	C	3	3	6	0	0	6	0	0
7	123582103	.	A	G	31	7	38	0	1	39	0	0
7	123582269	.	A	G	9	3	12	0	0	12	0	0
7	123582585	.	A	G	21	4	25	0	1	26	0	0
7	126853494	.	A	G	34	11	45	0	0	45	0	0
7	126853784	.	A	G	46	11	57	0	2	59	0	0
7	127519115	.	A	G	2	2	4	0	0	4	0	0
7	127582615	.	A	G	1	2	3	0	1	4	0	0
7	127582622	.	A	G	2	2	4	0	0	4	0	0
7	130360893	.	A	T	3	7	10	0	0	10	0	0
7	139715640	.	A	G	1	3	4	0	0	4	0	0
7	139716520	.	A	G	1	3	4	0	0	4	0	0
7	140456002	.	T	C	1	2	3	0	0	3	0	0
7	140916604	.	A	G	30	5	35	0	1	36	0	0
7	142207010	.	T	C	24	10	34	0	0	34	0	0
7	144474176	.	A	G	14	2	16	0	0	16	0	0
8	11248626	.	G	T	2	2	4	0	3	7	0	0
8	14078025	.	T	C	4	5	9	0	1	10	0	0
8	19741629	.	C	T	1	5	6	5	0	11	0	0
8	19747710	.	G	A	5	3	8	5	0	13	0	0
8	20030855	.	G	A	11	3	14	3	0	17	0	0
8	20157964	.	A	G	3	2	5	59	0	64	0	0
8	20698008	.	A	T	31	5	36	16	0	52	0	0
8	20727130	.	G	A	22	5	27	3	0	30	0	0
8	26306187	.	T	C	12	4	16	0	0	16	0	0
8	31640454	.	C	T	7	1	8	0	2	10	0	0
8	42700052	.	A	G	1	2	3	7	0	10	0	0
8	42700188	.	T	C	1	3	4	2	1	7	0	0
8	42700280	.	T	C	1	2	3	7	0	10	0	0
8	47742106	.	A	G	1	14	15	0	0	15	0	0
8	58110498	.	A	G	1	1	2	0	0	2	0	0
8	69565992	.	C	T	354	314	668	0	12	680	0	0
8	69766592	.	A	G	15	4	19	0	0	19	0	0
8	70028682	.	T	C	1	2	3	2	0	5	0	0
8	70481589	.	T	C	10	2	12	0	0	12	0	0
8	71360697	.	A	G	3	2	5	0	0	5	0	0
8	71826392	.	A	G	6	4	10	0	0	10	0	0
8	72977426	.	A	G	17	19	36	0	1	37	0	0
8	84723069	.	T	A	1	2	3	0	0	3	0	0
8	91813651	.	G	T	10	8	18	0	2	20	0	0
8	104986656	.	A	G	3	2	5	0	0	5	0	0
8	107299930	.	C	T	2	4	6	0	1	7	0	0
8	110817217	.	A	G	21	3	24	0	1	25	0	0
8	111731758	.	T	C	20	3	23	0	0	23	0	0
8	123983976	.	A	G	1	2	3	0	0	3	0	0
8	123984327	.	A	G	3	2	5	0	0	5	0	0
8	125620861	.	T	C	28	8	36	0	0	36	0	0
8	126865747	.	A	G	3	2	5	0	0	5	0	0
9	3387716	.	A	G	11	2	13	0	0	13	0	0
9	3387771	.	A	G	23	7	30	0	0	30	0	0
9	7836792	.	T	C	5	2	7	0	0	7	0	0
9	8021805	.	T	C	15	2	17	0	0	17	0	0
9	8628012	.	A	G	1	2	3	0	0	3	0	0
9	20512857	.	A	G	3	2	5	0	0	5	0	0
9	20515715	.	A	G	6	4	10	0	0	10	0	0
9	20515794	.	A	G	2	2	4	0	0	4	0	0
9	25218280	.	T	C	5	2	7	0	0	7	0	0
9	40204532	.	A	T	2	2	4	0	0	4	0	0
9	44221129	.	T	C	4	3	7	0	0	7	0	0
9	53311221	.	A	G	9	2	11	0	0	11	0	0
9	55056705	.	A	G	10	3	13	0	0	13	0	0
9	65253476	.	A	G	4	2	6	0	0	6	0	0
9	65273907	.	A	G	1	2	3	0	0	3	0	0
9	65595677	.	A	G	8	2	10	0	0	10	0	0
9	66683299	.	C	T	14	3	17	0	3	20	0	0
9	72857136	.	A	G	23	3	26	0	0	26	0	0
9	73003931	.	A	G	3	2	5	0	0	5	0	0
9	79351592	.	T	C	3	2	5	0	0	5	0	0
9	89097389	.	G	A	17	2	19	0	0	19	0	0
9	95939293	.	A	G	25	4	29	0	0	29	0	0
9	96971765	.	A	T	3	1	4	0	2	6	0	0
9	96971766	.	A	T	3	0	3	0	3	6	0	0
9	103062470	.	C	A	12	3	15	0	0	15	0	0
9	103062472	.	C	A	2	4	6	0	0	6	0	0
9	108178884	.	G	A	13	2	15	0	1	16	0	0
9	124034058	.	T	G	21	8	29	0	0	29	0	0
X	7774376	.	A	G	3	4	7	0	0	7	0	0
X	40743165	.	A	G	7	5	12	0	0	12	0	0
X	55633003	.	T	C	29	5	34	0	0	34	0	0
X	60231705	.	A	G	17	8	25	0	0	25	0	0
X	73270255	.	T	C	8	5	13	0	0	13	0	0
X	73270256	.	T	C	1	12	13	0	0	13	0	0
X	73270468	.	T	C	9	10	19	0	2	21	0	0
X	102620158	.	T	C	5	2	7	1	0	8	0	0
X	102620159	.	T	C	3	4	7	1	0	8	0	0
X	102623385	.	T	C	5	2	7	0	0	7	0	0
X	102631489	.	T	C	5	2	7	0	0	7	0	0
X	103389699	.	G	A	1	3	4	6	1	11	0	0
X	104084534	.	T	C	4	3	7	0	0	7	0	0
X	145978689	.	A	G	50	13	63	0	1	64	0	0
X	149766871	.	T	C	36	9	45	0	12	57	0	0
X	149767614	.	T	C	104	66	170	0	6	176	0	0
X	159360986	.	A	G	19	4	23	0	0	23	0	0
X	162761028	.	T	C	5	5	10	0	1	11	0	0
X	162761029	.	T	C	8	2	10	0	0	10	0	0
