contig	position	variantID	refAllele	altAllele	refCount	altCount	totalCount	lowMAPQDepth	lowBaseQDepth	rawDepth	otherBases	improperPairs
1	10101214	.	T	C	1	2	3	0	0	3	0	0
1	10101774	.	T	C	3	2	5	0	0	5	0	0
1	13696043	.	T	C	18	5	23	1	0	24	0	0
1	13856180	.	C	G	0	2	2	0	2	4	0	0
1	16717060	.	T	C	5	5	10	0	1	11	0	0
1	22031785	.	T	C	6	6	12	0	0	12	0	0
1	24091770	.	T	C	5	2	7	0	0	7	0	0
1	33835490	.	T	C	15	6	21	0	0	21	0	0
1	36405381	.	T	C	2	3	5	0	0	5	0	0
1	37438188	.	T	G	1	2	3	0	1	4	0	0
1	40354484	.	A	G	4	2	6	0	0	6	0	0
1	40720426	.	A	G	1	3	4	0	0	4	0	0
1	51506146	.	T	C	1	4	5	0	1	6	0	0
1	51507738	.	T	C	2	2	4	0	1	5	0	0
1	57013375	.	T	C	2	3	5	0	0	5	0	0
1	57013379	.	A	C	3	3	6	0	0	6	0	0
1	59756998	.	A	G	8	2	10	0	1	11	0	0
1	59913367	.	A	G	80	28	108	0	2	110	0	0
1	60054673	.	T	C	3	2	5	0	0	5	0	0
1	60517747	.	A	G	81	37	118	0	17	135	0	0
1	63156443	.	A	G	4	6	10	0	0	10	0	0
1	66711873	.	A	G	155	54	209	0	4	213	0	0
1	74631584	.	A	G	2	3	5	0	0	5	0	0
1	75398649	.	A	G	39	13	52	0	0	52	0	0
1	86275689	.	T	C	32	9	41	0	8	49	0	0
1	86276528	.	T	C	12	2	14	0	1	15	0	0
1	88187259	.	T	C	1	2	3	0	0	3	0	0
1	88187978	.	T	G	2	4	6	0	0	6	0	0
1	88188255	.	C	T	1	3	4	0	0	4	0	0
1	88188277	.	C	G	4	5	9	0	0	9	0	0
1	88188916	.	C	A	1	3	4	0	0	4	0	0
1	88189006	.	G	A	2	6	8	0	1	9	0	0
1	88189031	.	G	A	4	4	8	0	0	8	0	0
1	88189435	.	G	C	3	2	5	0	0	5	0	0
1	88189462	.	G	A	1	2	3	0	0	3	0	0
1	88189668	.	A	G	1	3	4	0	0	4	0	0
1	88189685	.	C	A	1	2	3	0	0	3	0	0
1	88189784	.	A	G	2	6	8	0	0	8	0	0
1	88190006	.	T	A	2	3	5	0	0	5	0	0
1	88190661	.	G	C	2	4	6	0	0	6	0	0
1	88190781	.	C	T	4	2	6	0	0	6	0	0
1	88190921	.	C	T	7	18	25	0	0	25	0	0
1	88191237	.	A	C	20	47	67	0	5	72	0	0
1	88191281	.	A	G	90	12	102	0	4	106	0	0
1	88191320	.	C	T	12	44	56	0	2	58	0	0
1	88191468	.	C	G	5	53	58	0	0	58	0	0
1	88191706	.	G	A	59	11	70	0	1	71	0	0
1	88191710	.	T	C	14	56	70	0	0	70	0	0
1	88191744	.	C	A	70	10	80	0	0	80	0	0
1	88191864	.	G	T	74	14	88	0	0	88	0	0
1	88192008	.	C	T	67	16	83	0	8	91	0	0
1	88192048	.	G	C	20	48	68	0	0	68	0	0
1	88192098	.	G	A	65	19	84	0	1	85	0	0
1	88192180	.	G	T	75	17	92	0	2	94	0	0
1	88192184	.	T	A	75	18	93	0	2	95	0	0
1	88192243	.	A	G	9	52	61	0	1	62	0	0
1	88192700	.	G	A	26	39	65	0	1	66	0	0
1	88192756	.	G	A	20	58	78	0	4	82	0	0
1	88192980	.	A	G	6	50	56	0	4	60	0	0
1	88193031	.	C	G	20	19	39	2	0	41	0	0
1	88193194	.	C	T	4	9	13	7	0	20	0	0
1	88193292	.	T	A	3	2	5	4	0	9	0	0
1	88193568	.	A	C	2	7	9	46	0	55	0	0
1	88193917	.	G	A	13	23	36	34	0	70	0	0
1	88194314	.	C	A	55	9	64	3	1	68	0	0
1	88197053	.	T	C	15	42	57	0	1	58	0	0
1	88197991	.	A	G	10	56	66	0	3	69	0	0
1	88200603	.	A	T	24	2	26	0	1	27	0	0
1	88200605	.	C	A	2	24	26	0	0	26	0	0
1	88200771	.	G	A	21	2	23	0	0	23	0	0
1	88200832	.	C	T	6	9	15	0	0	15	0	0
1	88202664	.	A	G	3	2	5	1	0	6	0	0
1	88202772	.	A	T	41	12	53	3	1	57	0	0
1	88204960	.	T	C	4	27	31	5	1	38	1	0
1	88205286	.	A	T	16	3	19	0	0	19	0	0
1	91248361	.	A	C	1	0	1	0	3	4	0	0
1	125795807	.	A	G	7	1	8	0	6	14	0	0
1	132927303	.	T	C	2	2	4	0	0	4	0	0
1	132927928	.	T	C	4	2	6	0	0	6	0	0
1	133065748	.	A	G	42	7	49	0	2	51	0	0
1	133067453	.	T	C	12	3	15	0	1	16	0	0
1	155448030	.	T	C	8	3	11	0	1	12	0	0
1	156255601	.	T	C	7	6	13	0	0	13	0	0
1	159173011	.	G	A	6	2	8	0	0	8	0	0
1	163823623	.	T	C	7	2	9	0	0	9	0	0
1	178127314	.	T	A	1	2	3	0	0	3	0	0
1	178779916	.	T	C	14	2	16	0	1	17	0	0
1	178780229	.	T	C	13	5	18	0	0	18	0	0
1	180154924	.	G	A	12	2	14	1	0	15	0	0
1	180923652	.	T	C	21	5	26	0	0	26	0	0
1	180923662	.	T	C	24	5	29	0	3	32	0	0
1	180924020	.	T	C	34	7	41	0	0	41	0	0
1	185188103	.	G	C	2	1	3	0	2	5	0	0
1	187943841	.	G	T	15	2	17	0	3	20	0	0
10	22580204	.	C	A	9	1	10	0	5	15	0	0
10	22580205	.	C	A	8	2	10	0	5	15	0	0
10	33791335	.	A	G	4	2	6	0	0	6	0	0
10	42574895	.	A	G	2	3	5	0	0	5	0	0
10	45751866	.	T	C	1	3	4	4	0	8	0	0
10	45752162	.	G	A	14	6	20	20	1	41	0	0
10	49118584	.	T	C	3	10	13	0	0	13	0	0
10	49118640	.	T	C	7	5	12	0	0	12	0	0
10	49148872	.	T	C	9	36	45	0	0	45	0	0
10	49148885	.	T	C	12	32	44	0	0	44	0	0
10	57383221	.	A	G	1	3	4	0	0	4	0	0
10	57391874	.	C	T	20	13	33	0	7	40	0	0
10	62645542	.	T	C	1	2	3	0	0	3	0	0
10	62645881	.	T	C	4	2	6	0	0	6	0	0
10	79702949	.	A	C	1	0	1	0	2	3	0	0
10	79702955	.	G	C	1	1	2	0	1	3	0	0
10	81181979	.	T	C	12	2	14	0	0	14	0	0
10	81182083	.	T	C	21	3	24	0	0	24	0	0
10	82486401	.	T	C	14	2	16	0	0	16	0	0
10	82486613	.	T	C	15	10	25	0	0	25	0	0
10	83234083	.	A	G	2	1	3	0	0	3	0	0
10	86524792	.	A	G	9	2	11	0	0	11	0	0
10	93800484	.	T	C	13	2	15	0	0	15	0	0
10	93801926	.	T	C	12	7	19	0	0	19	0	0
10	94057224	.	A	G	23	8	31	0	0	31	0	0
10	94057234	.	A	G	15	5	20	0	0	20	0	0
10	119920752	.	C	T	5	2	7	0	0	7	0	0
10	126903149	.	C	A	3	2	5	0	0	5	0	0
10	126903751	.	T	C	101	19	120	0	2	122	0	0
10	127038297	.	T	C	1	2	3	0	0	3	0	0
10	128031943	.	A	G	5	2	7	0	0	7	0	0
10	128032031	.	A	G	2	2	4	0	0	4	0	0
11	4026959	.	A	T	1	5	6	0	0	6	0	0
11	4091399	.	T	C	27	4	31	0	3	34	0	0
11	5732196	.	A	G	20	3	23	0	0	23	0	0
11	5919668	.	A	T	29	5	34	0	3	37	0	0
11	30051758	.	T	C	9	2	11	0	0	11	0	0
11	31615184	.	A	T	9	1	10	0	1	11	0	0
11	43572939	.	A	G	3	6	9	0	0	9	0	0
11	45821425	.	T	C	11	3	14	0	0	14	0	0
11	46163470	.	T	C	104	581	685	0	13	698	0	0
11	52014692	.	A	G	25	3	28	0	0	28	0	0
11	54730814	.	T	C	12	5	17	0	0	17	0	0
11	58218134	.	T	C	1	2	3	0	0	3	0	0
11	62032236	.	A	G	2	3	5	0	0	5	0	0
11	69922901	.	A	G	5	6	11	0	0	11	0	0
11	69922910	.	A	G	12	3	15	0	2	17	0	0
11	69924751	.	A	G	6	2	8	0	0	8	0	0
11	69927869	.	A	G	7	7	14	0	0	14	0	0
11	69937302	.	A	G	15	5	20	0	1	21	0	0
11	72380600	.	A	G	1	1	2	0	1	3	0	0
11	72570452	.	A	G	3	2	5	0	1	6	0	0
11	72687147	.	A	G	14	2	16	0	1	17	0	0
11	75067258	.	T	C	39	13	52	0	0	52	0	0
11	77426880	.	T	C	58	12	70	0	0	70	0	0
11	78184586	.	A	G	6	4	10	0	1	11	0	0
11	79924744	.	T	A	10	3	13	0	5	18	0	0
11	82853392	.	A	G	2	2	4	0	0	4	0	0
11	82853481	.	A	G	1	2	3	0	0	3	0	0
11	82854282	.	A	G	8	4	12	0	0	12	0	0
11	86521440	.	A	C	1	2	3	13	0	16	0	0
11	86521574	.	T	C	1	3	4	8	0	12	0	0
11	87014114	.	A	G	11	3	14	0	0	14	0	0
11	88927134	.	T	C	16	3	19	0	1	20	0	0
11	94431300	.	T	C	13	9	22	0	0	22	0	0
11	94431318	.	T	C	11	10	21	0	1	22	0	0
11	94431502	.	T	C	14	4	18	0	0	18	0	0
11	94431842	.	T	C	15	4	19	0	0	19	0	0
11	97535375	.	T	C	19	6	25	0	2	27	0	0
11	97535690	.	T	C	18	6	24	0	0	24	0	0
11	97859723	.	T	C	2	2	4	0	0	4	0	0
11	100212918	.	G	A	19	4	23	0	0	23	0	0
11	100329322	.	T	C	9	2	11	0	0	11	0	0
11	100329329	.	T	C	10	2	12	0	0	12	0	0
11	100488792	.	T	C	20	6	26	0	3	29	0	0
11	100954541	.	G	A	29	5	34	0	0	34	0	0
11	101089557	.	T	C	20	7	27	0	0	27	0	0
11	101089802	.	T	C	4	9	13	0	1	14	0	0
11	116014054	.	T	C	8	2	10	0	0	10	0	0
11	116303729	.	T	C	13	2	15	0	0	15	0	0
11	116303813	.	T	C	7	2	9	0	1	10	0	0
11	116364675	.	T	C	6	2	8	0	0	8	0	0
11	116471963	.	T	C	20	49	69	0	4	73	0	0
11	119991429	.	A	G	11	3	14	0	1	15	0	0
11	119991437	.	A	G	11	2	13	0	0	13	0	0
12	3454168	.	A	G	47	9	56	15	2	73	0	0
12	3454248	.	A	G	30	59	89	13	11	113	0	0
12	5639823	.	T	C	1	2	3	1	0	4	0	0
12	8802555	.	G	A	1	2	3	0	0	3	0	0
12	8802557	.	T	A	2	2	4	0	0	4	0	0
12	15778754	.	A	G	3	2	5	0	0	5	0	0
12	15778865	.	A	T	3	2	5	0	1	6	0	0
12	17479686	.	A	G	23	5	28	0	1	29	0	0
12	17479809	.	A	G	14	17	31	0	0	31	0	0
12	18266868	.	A	G	1	2	3	2	0	5	0	0
12	34146026	.	C	A	12	1	13	0	0	13	0	0
12	34146027	.	A	G	12	1	13	0	0	13	0	0
12	46747117	.	T	C	53	19	72	0	1	73	0	0
12	51418190	.	A	G	2	4	6	0	1	7	0	0
12	54718540	.	T	C	37	5	42	0	1	43	0	0
12	54719142	.	T	C	37	7	44	0	0	44	0	0
12	55102739	.	T	C	4	3	7	0	0	7	0	0
12	65091803	.	A	G	1	3	4	0	0	4	0	0
12	65098706	.	A	G	4	2	6	0	0	6	0	0
12	69244102	.	A	G	28	6	34	0	0	34	0	0
12	69347175	.	A	G	2	4	6	0	0	6	0	0
12	71041403	.	A	G	5	31	36	0	1	37	0	0
12	71041945	.	A	G	30	6	36	0	1	37	0	0
12	75677928	.	A	G	2	2	4	1	1	6	0	0
12	75678010	.	C	T	1	2	3	5	1	9	0	0
12	76366551	.	T	C	5	2	7	0	1	8	0	0
12	78887986	.	T	C	6	4	10	0	0	10	0	0
12	81419007	.	C	A	1	3	4	0	0	4	0	0
12	87467465	.	A	C	0	2	2	1	0	3	0	0
12	87467472	.	G	A	5	3	8	2	0	10	0	0
12	96889284	.	T	C	1	2	3	3	1	7	0	0
12	101886131	.	T	C	26	5	31	0	0	31	0	0
12	101887890	.	T	C	21	7	28	0	0	28	0	0
12	108473804	.	A	G	4	2	6	0	0	6	0	0
12	108993691	.	A	G	12	3	15	0	0	15	0	0
12	109709861	.	A	G	13	2	15	0	0	15	0	0
12	113384384	.	A	T	2	2	4	0	1	5	0	0
12	118812558	.	G	A	3	2	5	0	0	6	1	0
13	8901801	.	T	C	14	8	22	0	0	22	0	0
13	14225628	.	T	C	42	5	47	0	6	53	0	0
13	14226674	.	T	C	46	4	50	0	1	51	0	0
13	14228102	.	T	C	21	4	25	0	3	28	0	0
13	15989053	.	T	C	2	2	4	0	0	4	0	0
13	17979133	.	T	C	5	6	11	0	0	11	0	0
13	21574169	.	T	C	6	8	14	1	0	15	0	0
13	21574225	.	T	C	12	4	16	0	0	16	0	0
13	21685475	.	A	G	2	2	4	3	0	7	0	0
13	38228991	.	A	G	3	2	5	0	0	5	0	0
13	63448526	.	A	G	7	6	13	0	0	13	0	0
13	64438124	.	T	C	18	4	22	0	0	22	0	0
13	64438165	.	T	C	25	4	29	0	1	30	0	0
13	64438172	.	T	C	19	7	26	0	0	26	0	0
13	65214229	.	G	A	14	5	19	0	3	22	0	0
13	67764223	.	T	C	3	2	5	0	0	5	0	0
13	67967765	.	T	C	2	2	4	0	0	4	0	0
13	74841413	.	G	T	7	2	9	0	0	9	0	0
13	74841414	.	C	T	6	2	8	0	1	9	0	0
13	91410203	.	A	G	1	2	3	0	0	3	0	0
13	92577452	.	G	A	9	3	12	0	6	18	0	0
13	93431053	.	A	G	1	2	3	0	0	3	0	0
13	107861323	.	C	T	9	2	11	0	4	15	0	0
13	119625401	.	G	T	26	20	46	0	2	48	0	0
13	120071828	.	C	T	21	4	25	0	6	31	0	0
13	120071842	.	A	G	23	4	27	0	2	29	0	0
14	9647289	.	A	G	79	10	89	0	6	95	0	0
14	10058181	.	A	G	171	50	221	0	4	225	0	0
14	14533725	.	T	C	11	25	36	1	2	39	0	0
14	20692902	.	A	G	1	5	6	0	0	6	0	0
14	21846832	.	A	G	26	30	56	1	4	61	0	0
14	21846833	.	A	G	52	6	58	1	2	61	0	0
14	21847779	.	A	G	100	27	127	0	1	128	0	0
14	25979737	.	A	G	1	2	3	0	0	3	0	0
14	26382360	.	T	C	5	3	8	0	0	8	0	0
14	26382413	.	T	C	3	2	5	0	0	5	0	0
14	29788070	.	T	C	27	3	30	0	0	30	0	0
14	29788078	.	T	C	25	12	37	0	0	37	0	0
14	31228237	.	A	G	2	2	4	0	0	4	0	0
14	32018582	.	A	G	37	17	54	0	1	55	0	0
14	48646393	.	A	G	2	0	2	1	2	5	0	0
14	51013458	.	T	C	16	3	19	0	0	19	0	0
14	51109987	.	A	G	12	3	15	0	0	15	0	0
14	51115833	.	A	G	18	3	21	0	1	22	0	0
14	55180643	.	A	G	2	2	4	0	0	4	0	0
14	55180647	.	T	C	1	2	3	0	1	4	0	0
14	60451313	.	T	C	1	3	4	0	0	4	0	0
14	64827254	.	C	T	4	3	7	0	0	7	0	0
14	65291200	.	A	G	25	4	29	0	34	63	0	0
14	75957159	.	T	C	37	15	52	0	1	53	0	0
14	79526507	.	G	A	30	28	58	0	8	66	0	0
14	103584115	.	T	C	26	20	46	0	1	47	0	0
14	118470948	.	C	T	8	3	11	0	1	12	0	0
14	118470950	.	A	T	8	2	10	0	2	12	0	0
14	121273016	.	A	G	11	6	17	0	0	17	0	0
15	8187674	.	A	G	3	15	18	0	0	18	0	0
15	8187696	.	A	G	20	4	24	0	0	24	0	0
15	8188973	.	A	G	7	12	19	0	3	22	0	0
15	25997823	.	T	C	3	2	5	0	0	5	0	0
15	27748739	.	C	G	7	2	9	0	0	9	0	0
15	38873138	.	A	G	3	2	5	0	1	6	0	0
15	57891741	.	T	C	2	2	4	0	0	4	0	0
15	58695035	.	T	C	39	8	47	0	0	47	0	0
15	66158075	.	T	C	12	3	15	0	0	15	0	0
15	78921577	.	G	A	9	6	15	0	1	16	0	0
15	81799307	.	G	A	45	16	61	1	17	79	0	0
15	81831471	.	A	G	5	2	7	0	0	7	0	0
15	81857019	.	G	A	1	3	4	1	0	5	0	0
15	83037701	.	A	G	8	3	11	0	1	12	0	0
15	85591587	.	A	G	4	2	6	0	0	6	0	0
15	87643542	.	T	A	15	2	17	0	3	20	0	0
15	87643546	.	G	A	15	1	16	0	4	20	0	0
15	89171187	.	A	T	9	1	10	0	6	16	0	0
15	89357811	.	G	A	0	2	2	0	1	3	0	0
15	98634993	.	T	C	21	38	59	0	0	59	0	0
15	98731431	.	T	C	46	7	53	0	1	54	0	0
15	99142536	.	T	C	101	35	136	41	2	179	0	0
15	99626091	.	A	G	7	5	12	0	0	12	0	0
15	103406316	.	A	G	7	2	9	0	0	9	0	0
16	3680985	.	T	C	19	6	25	0	0	25	0	0
16	4444240	.	T	C	6	4	10	0	0	10	0	0
16	13520445	.	A	G	35	11	46	0	1	47	0	0
16	13651947	.	T	C	26	4	30	0	2	32	0	0
16	16866848	.	A	G	3	6	9	0	1	10	0	0
16	16926931	.	T	C	1	2	3	0	0	3	0	0
16	17335960	.	A	G	14	2	16	0	0	16	0	0
16	18653678	.	A	G	56	31	87	0	6	93	0	0
16	19942498	.	A	G	51	21	72	0	3	75	0	0
16	20363153	.	A	G	7	2	9	0	0	9	0	0
16	20465062	.	A	G	2	2	4	0	0	4	0	0
16	26176313	.	A	G	2	2	4	0	0	4	0	0
16	30330773	.	T	C	19	8	27	0	0	27	0	0
16	31071175	.	T	C	23	4	27	0	0	27	0	0
16	32119150	.	A	G	22	13	35	0	1	36	0	0
16	38173110	.	G	A	10	2	12	0	1	13	0	0
16	55722120	.	T	C	17	3	20	0	0	20	0	0
16	87230813	.	T	C	14	4	18	0	0	18	0	0
16	87230814	.	T	C	12	5	17	0	1	18	0	0
16	87737431	.	T	C	8	12	20	0	0	20	0	0
16	91453021	.	A	G	92	23	115	0	6	121	0	0
16	97658408	.	T	C	5	3	8	0	0	8	0	0
17	15695826	.	T	C	5	2	7	0	0	7	0	0
17	15741073	.	A	G	5	7	12	0	0	12	0	0
17	17566278	.	G	C	0	2	2	6	0	8	0	0
17	18050496	.	A	G	3	4	7	0	0	7	0	0
17	23972976	.	T	C	6	2	8	0	0	8	0	0
17	23984765	.	T	C	13	3	16	0	0	16	0	0
17	24397327	.	T	C	10	18	28	0	0	28	0	0
17	24635786	.	A	G	14	3	17	0	0	17	0	0
17	24940431	.	A	G	7	2	9	0	0	9	0	0
17	29521001	.	A	G	10	4	14	0	1	15	0	0
17	29521799	.	A	G	8	2	10	0	0	10	0	0
17	33037766	.	T	C	25	3	28	0	1	29	0	0
17	33552004	.	T	C	10	5	15	0	1	16	0	0
17	34147531	.	A	G	41	9	50	0	1	51	0	0
17	40158498	.	T	C	4298	5783	10081	1	187	10783	514	0
17	40159543	.	T	C	53	338	391	0	4	395	0	0
17	45973875	.	T	C	59	136	195	0	15	210	0	0
17	47680797	.	A	G	9	2	11	0	0	11	0	0
17	52159296	.	A	G	9	3	12	0	0	12	0	0
17	95067479	.	T	C	30	17	47	0	0	47	0	0
17	95068552	.	T	C	61	7	68	0	1	69	0	0
17	95183584	.	T	C	4	2	6	2	0	8	0	0
18	4198432	.	G	A	8	2	10	43	0	53	0	0
18	4198498	.	C	T	3	2	5	18	0	23	0	0
18	6792650	.	A	G	41	6	47	0	0	47	0	0
18	6792802	.	A	G	26	8	34	0	0	34	0	0
18	9882368	.	A	G	1	2	3	0	0	3	0	0
18	15966195	.	G	A	5	2	7	5	1	13	0	0
18	20977818	.	T	C	1	3	4	0	0	4	0	0
18	24097917	.	A	G	4	3	7	0	0	7	0	0
18	32233146	.	A	G	11	2	13	0	0	13	0	0
18	32235930	.	A	G	7	5	12	0	0	12	0	0
18	32236019	.	A	G	8	4	12	0	0	12	0	0
18	32561134	.	A	G	47	8	55	0	0	55	0	0
18	34998034	.	G	A	3	3	6	0	1	7	0	0
18	35743341	.	A	G	10	4	14	0	0	14	0	0
18	36803393	.	C	T	1	2	3	0	0	3	0	0
18	37824741	.	G	A	2	2	4	3	0	7	0	0
18	56105632	.	T	C	1	2	3	0	0	3	0	0
18	65610148	.	A	G	3	3	6	0	0	6	0	0
19	3916452	.	A	G	20	7	27	0	0	27	0	0
19	3917362	.	A	G	10	6	16	0	0	16	0	0
19	3917363	.	A	G	15	2	17	0	0	17	0	0
19	3940126	.	A	G	1	3	4	0	0	4	0	0
19	4325587	.	T	C	8	3	11	0	0	11	0	0
19	4813117	.	T	C	11	3	14	0	0	14	0	0
19	4813159	.	T	C	4	5	9	0	0	9	0	0
19	4813194	.	T	C	5	2	7	0	0	7	0	0
19	5015429	.	A	G	2	2	4	0	0	4	0	0
19	6405499	.	G	T	7	2	9	0	0	9	0	0
19	6515733	.	A	G	2	2	4	0	0	4	0	0
19	6895783	.	T	C	5	4	9	0	0	9	0	0
19	7192521	.	C	T	10	3	13	4	0	17	0	0
19	7515480	.	A	G	31	11	42	0	0	42	0	0
19	8900203	.	A	G	7	3	10	0	0	10	0	0
19	10223060	.	T	C	47	90	137	0	3	140	0	0
19	10551439	.	T	C	4	2	6	0	0	6	0	0
19	10566002	.	A	G	21	4	25	0	0	25	0	0
19	10886122	.	A	G	2	3	5	0	0	5	0	0
19	12441626	.	A	G	35	6	41	0	1	42	0	0
19	16255542	.	T	C	2	4	6	0	0	6	0	0
19	16255599	.	A	C	2	10	12	0	0	12	0	0
19	16255951	.	C	T	2	2	4	0	0	4	0	0
19	25773377	.	T	G	1	2	3	2	0	5	0	0
19	34571000	.	A	G	9	2	11	0	0	11	0	0
19	43429365	.	A	G	17	6	23	0	1	24	0	0
19	43429601	.	A	G	19	15	34	0	2	36	0	0
19	43429686	.	A	G	61	11	72	0	0	72	0	0
19	43429753	.	A	G	44	14	58	0	2	60	0	0
19	43718675	.	G	C	1	2	3	0	0	3	0	0
19	44993669	.	T	C	56	5	61	0	3	64	0	0
19	44993727	.	T	C	58	17	75	0	1	76	0	0
19	47072011	.	A	G	5	2	7	0	0	7	0	0
19	53920935	.	T	C	4	2	6	1	0	7	0	0
2	5902666	.	T	C	5	3	8	0	0	8	0	0
2	14152860	.	A	G	36	5	41	0	0	41	0	0
2	22478326	.	G	T	1	3	4	6	0	10	0	0
2	22478367	.	T	C	0	4	4	10	2	16	0	0
2	25479791	.	T	C	7	2	9	0	0	9	0	0
2	25479805	.	T	C	4	3	7	0	0	7	0	0
2	26846568	.	T	C	14	2	16	0	0	16	0	0
2	27153718	.	T	C	14	6	20	0	1	21	0	0
2	30920396	.	T	C	25	5	30	0	0	30	0	0
2	31937444	.	A	G	19	7	26	0	0	26	0	0
2	32196762	.	A	G	80	9	89	0	1	90	0	0
2	32625679	.	T	C	2	2	4	0	0	4	0	0
2	32888628	.	T	C	1	2	3	0	0	3	0	0
2	40445910	.	G	T	0	2	2	6	1	9	0	0
2	58161834	.	C	T	8	2	10	0	3	13	0	0
2	58161835	.	A	T	8	1	9	0	4	13	0	0
2	66505224	.	T	A	3	3	6	0	2	8	0	0
2	70971924	.	A	T	1	2	3	0	0	3	0	0
2	91043632	.	A	G	54	14	68	0	2	70	0	0
2	104511430	.	T	C	28	5	33	0	1	34	0	0
2	112185846	.	A	G	4	4	8	0	0	8	0	0
2	112186230	.	A	G	10	4	14	0	0	14	0	0
2	118869998	.	A	G	7	2	9	0	0	9	0	0
2	120431407	.	A	G	7	2	9	0	0	9	0	0
2	120451649	.	A	G	34	7	41	1	3	45	0	0
2	120508460	.	G	T	2	3	5	0	0	5	0	0
2	120508461	.	C	G	2	3	5	0	0	5	0	0
2	121374239	.	A	G	1	3	4	0	0	4	0	0
2	125100290	.	G	C	8	4	12	0	1	13	0	0
2	127126710	.	A	G	7	3	10	0	0	10	0	0
2	127126729	.	A	G	2	5	7	0	0	7	0	0
2	130397759	.	A	G	16	4	20	0	0	20	0	0
2	130715901	.	T	C	5	3	8	0	0	8	0	0
2	132151800	.	A	G	63	413	476	0	7	483	0	0
2	144382358	.	A	G	28	7	35	0	3	38	0	0
2	148282703	.	A	G	1	2	3	0	0	3	0	0
2	152114942	.	A	G	4	10	14	0	0	14	0	0
2	152115260	.	A	G	7	2	9	0	0	9	0	0
2	153108492	.	A	G	18	6	24	0	0	24	0	0
2	153459246	.	T	C	1	3	4	0	0	4	0	0
2	154379850	.	A	G	43	11	54	0	1	55	0	0
2	154429080	.	T	C	15	5	20	0	0	20	0	0
2	157400030	.	T	C	145	22	167	9	2	178	0	0
2	158225545	.	A	G	594	79	673	1	4	678	0	0
2	158226873	.	A	G	116	510	626	2	23	651	0	0
2	163309459	.	T	C	8	4	12	0	0	12	0	0
2	164953669	.	T	C	54	6	60	0	1	61	0	0
2	164953773	.	T	C	37	14	51	0	1	52	0	0
2	169913325	.	A	G	7	3	10	0	0	10	0	0
2	169913421	.	A	G	4	5	9	0	0	9	0	0
2	174169694	.	A	G	126	18	144	0	5	149	0	0
2	181229344	.	T	C	2	3	5	0	0	5	0	0
3	32566339	.	A	G	13	2	15	0	1	16	0	0
3	36146600	.	A	G	4	2	6	2	0	8	0	0
3	40748697	.	A	G	42	13	55	10	1	66	0	0
3	55385200	.	C	T	11	4	15	0	2	17	0	0
3	55385203	.	C	T	11	3	14	0	2	16	0	0
3	60525133	.	A	G	12	3	15	0	0	15	0	0
3	65593157	.	C	T	2	2	4	0	0	4	0	0
3	65866372	.	A	G	1	3	4	0	0	4	0	0
3	65866425	.	A	G	12	4	16	0	0	16	0	0
3	65866428	.	A	G	13	2	15	0	1	16	0	0
3	65867981	.	A	G	10	3	13	0	0	13	0	0
3	69028155	.	T	C	3	2	5	0	0	5	0	0
3	80599593	.	T	C	139	324	463	3	4	470	0	0
3	80613850	.	T	C	35	5	40	0	2	42	0	0
3	80614159	.	T	C	20	11	31	0	2	33	0	0
3	80614215	.	T	C	357	199	556	0	5	561	0	0
3	88259542	.	A	G	12	2	14	0	0	14	0	0
3	88259549	.	A	G	14	5	19	0	0	19	0	0
3	89675221	.	T	C	14	4	18	0	0	18	0	0
3	89968020	.	A	G	5	1	6	0	1	7	0	0
3	90395677	.	G	T	6	4	10	0	0	10	0	0
3	95095436	.	T	C	16	3	19	0	0	19	0	0
3	96540029	.	A	G	36	6	42	0	2	44	0	0
3	96614806	.	A	G	3	1	4	0	1	5	0	0
3	102973406	.	A	G	40	11	51	0	3	54	0	0
3	104745052	.	T	C	1	2	3	0	0	3	0	0
3	104835351	.	A	G	5	3	8	0	0	8	0	0
3	108442000	.	T	C	2	2	4	0	1	5	0	0
3	127388308	.	A	G	4	2	6	0	0	6	0	0
3	135112631	.	T	C	82	12	94	0	1	95	0	0
3	138265030	.	A	G	15	2	17	0	1	18	0	0
3	143894308	.	C	T	10	3	13	0	0	13	0	0
4	14819169	.	T	C	4	2	6	0	0	6	0	0
4	21911309	.	A	G	21	4	25	0	0	25	0	0
4	33019420	.	A	G	115	32	147	0	2	149	0	0
4	33020417	.	A	G	103	75	178	0	1	179	0	0
4	41518514	.	T	C	312	35	347	0	8	355	0	0
4	62342224	.	A	G	26	5	31	0	1	32	0	0
4	62440929	.	A	C	9	2	11	0	0	11	0	0
4	69843940	.	T	C	12	1	13	182	1	196	0	0
4	69843941	.	T	C	8	3	11	197	2	210	0	0
4	69844043	.	C	T	3	2	5	16	1	22	0	0
4	83113025	.	A	G	4	2	6	5	1	12	0	0
4	86495344	.	G	T	72	31	103	0	1	104	0	0
4	97410186	.	T	C	1	2	3	1	0	4	0	0
4	98004921	.	G	A	13	4	17	0	0	17	0	0
4	103021909	.	A	G	27	3	30	0	6	36	0	0
4	108198313	.	A	G	4	15	19	0	0	19	0	0
4	108198318	.	A	G	16	4	20	0	0	20	0	0
4	116409401	.	T	C	10	2	12	0	0	12	0	0
4	118484005	.	A	G	15	22	37	0	1	38	0	0
4	118484020	.	A	G	32	8	40	0	4	44	0	0
4	118484072	.	A	G	17	6	23	0	2	25	0	0
4	124838094	.	A	G	13	12	25	0	0	25	0	0
4	125982944	.	A	G	7	9	16	0	0	16	0	0
4	129074340	.	T	C	1	2	3	0	0	3	0	0
4	129075016	.	T	C	1	2	3	0	0	3	0	0
4	133389520	.	T	C	7	5	12	0	1	13	0	0
4	133836902	.	A	G	24	4	28	0	0	28	0	0
4	137987341	.	A	G	117	28	145	0	1	146	0	0
4	137987354	.	A	G	96	37	133	0	2	135	0	0
4	140678893	.	A	G	12	9	21	0	0	21	0	0
4	141488012	.	T	C	57	8	65	0	0	65	0	0
4	142969167	.	G	A	1	1	2	3	3	8	0	0
4	147867456	.	T	G	1	2	3	0	0	3	0	0
4	147907821	.	T	C	7	4	11	0	0	11	0	0
4	147909525	.	T	C	5	2	7	0	0	7	0	0
4	149202654	.	A	G	51	6	57	0	3	60	0	0
4	149203211	.	A	G	19	5	24	0	0	24	0	0
4	149552635	.	T	C	5	8	13	0	0	13	0	0
4	149552656	.	T	C	8	4	12	0	0	12	0	0
4	155705982	.	A	G	20	3	23	0	3	26	0	0
4	155800341	.	A	G	8	4	12	0	0	12	0	0
4	155800978	.	A	G	9	2	11	0	0	11	0	0
4	156095123	.	A	G	101	63	164	0	2	166	0	0
4	156294001	.	A	G	4	3	7	0	0	7	0	0
4	156294088	.	A	G	4	2	6	0	0	6	0	0
5	3680495	.	T	C	7	2	9	0	0	9	0	0
5	3680498	.	T	C	6	3	9	0	0	9	0	0
5	22930370	.	G	C	2	2	4	8	1	13	0	0
5	22930564	.	G	A	1	2	3	2	1	6	0	0
5	24649635	.	T	C	32	10	42	1	1	44	0	0
5	25430722	.	A	G	10	4	14	0	0	14	0	0
5	29658129	.	A	G	1	4	5	0	0	5	0	0
5	30780634	.	C	T	10	5	15	0	0	15	0	0
5	31330824	.	T	C	8	5	13	0	1	14	0	0
5	49106880	.	T	C	1	2	3	0	0	3	0	0
5	65605388	.	T	C	68	25	93	0	1	94	0	0
5	65605389	.	T	C	58	30	88	0	4	92	0	0
5	65776401	.	A	T	3	3	6	0	0	6	0	0
5	73465942	.	A	C	11	4	15	0	2	18	1	0
5	77555578	.	T	C	5	23	28	0	0	28	0	0
5	77555630	.	T	C	4	22	26	0	2	28	0	0
5	92405641	.	C	A	5	2	7	0	0	7	0	0
5	101958511	.	A	G	8	4	12	0	0	12	0	0
5	104652843	.	A	G	29	6	35	0	3	38	0	0
5	110081429	.	C	T	8	2	10	1	2	13	0	0
5	110081431	.	C	T	7	2	9	0	3	12	0	0
5	114866901	.	T	C	7	3	10	1	1	12	0	0
5	115214758	.	A	G	1	2	3	0	0	3	0	0
5	115241332	.	T	C	2	5	7	10	0	17	0	0
5	115437319	.	T	C	17	4	21	0	1	22	0	0
5	115437904	.	T	C	11	2	13	0	0	13	0	0
5	115722673	.	A	G	3	3	6	0	0	6	0	0
5	121662316	.	T	C	8	3	11	0	0	11	0	0
5	121683511	.	T	C	22	6	28	0	0	28	0	0
5	121683725	.	T	C	12	3	15	0	1	16	0	0
5	121941595	.	A	G	2	1	3	0	0	3	0	0
5	121941617	.	A	G	1	3	4	0	0	4	0	0
5	122546790	.	A	G	17	6	23	0	0	23	0	0
5	123304854	.	A	C	2	1	3	0	1	4	0	0
5	123386729	.	A	G	28	9	37	0	0	37	0	0
5	125534541	.	A	G	67	35	102	3	3	108	0	0
5	129795880	.	A	G	21	3	24	0	0	24	0	0
5	129798517	.	A	G	20	5	25	0	1	26	0	0
5	130014307	.	A	G	77	19	96	0	2	98	0	0
5	130162859	.	A	G	1	2	3	0	0	3	0	0
5	132570854	.	T	A	3	1	4	0	3	7	0	0
5	134233533	.	A	G	3	2	5	0	0	5	0	0
5	135193588	.	A	G	2	2	4	0	0	4	0	0
5	135437709	.	T	C	17	9	26	0	0	26	0	0
5	136941953	.	A	G	124	34	158	0	1	159	0	0
5	142655047	.	A	G	99	34	133	0	2	135	0	0
5	142856760	.	T	C	30	6	36	0	0	36	0	0
5	143381321	.	A	G	4	3	7	0	0	7	0	0
5	143751066	.	A	G	11	6	17	1	0	18	0	0
5	145045567	.	C	A	4	2	6	0	0	6	0	0
5	145126825	.	T	C	3	2	5	0	0	5	0	0
5	148929266	.	T	C	2	2	4	0	0	4	0	0
6	21261871	.	A	G	1	2	3	0	0	3	0	0
6	31492602	.	A	G	17	8	25	0	1	26	0	0
6	37783131	.	C	T	2	3	5	17	0	22	0	0
6	37847782	.	A	G	9	3	12	0	0	12	0	0
6	38978246	.	T	C	2	2	4	0	0	4	0	0
6	39312088	.	T	C	28	7	35	0	1	36	0	0
6	39312096	.	T	C	29	6	35	0	2	37	0	0
6	42292869	.	T	C	9	1	10	0	1	11	0	0
6	42301409	.	C	T	51	46	97	1	4	102	0	0
6	48375065	.	A	G	6	2	8	0	0	8	0	0
6	49231812	.	T	C	11	6	17	0	3	20	0	0
6	49233394	.	T	C	21	4	25	0	0	25	0	0
6	51544923	.	A	G	2	3	5	0	0	5	0	0
6	65687744	.	A	G	9	3	12	0	2	14	0	0
6	66517065	.	A	G	4	5	9	0	1	10	0	0
6	66517625	.	A	G	3	12	15	0	0	15	0	0
6	66517635	.	A	G	12	3	15	0	0	15	0	0
6	67182821	.	C	T	2	2	4	4	0	8	0	0
6	71841048	.	A	G	3	2	5	0	0	5	0	0
6	71849105	.	A	G	1	2	3	0	0	3	0	0
6	80000144	.	G	A	21	11	32	0	0	32	0	0
6	81938595	.	G	T	8	2	10	0	1	11	0	0
6	81938596	.	G	T	10	3	13	0	0	13	0	0
6	87890574	.	G	A	3	3	6	0	0	6	0	0
6	113470300	.	G	A	6	2	8	0	0	8	0	0
6	122716311	.	T	C	2	1	3	0	1	4	0	0
6	125127557	.	C	T	1	3	4	0	1	5	0	0
6	125127623	.	A	G	2	2	4	0	2	6	0	0
6	125218200	.	A	G	1	2	3	0	0	3	0	0
6	126619121	.	T	C	80	30	110	0	4	114	0	0
6	146733366	.	A	G	2	2	4	0	0	4	0	0
7	3463600	.	A	G	172	38	210	1	2	213	0	0
7	3704006	.	T	A	3	2	5	0	0	5	0	0
7	4923738	.	G	C	12	2	14	0	0	14	0	0
7	5032211	.	G	C	7	2	9	0	1	10	0	0
7	5071900	.	T	C	2	1	3	0	1	4	0	0
7	12707548	.	A	G	4	3	7	0	1	8	0	0
7	16605428	.	T	C	9	2	11	0	0	11	0	0
7	16605458	.	T	C	9	2	11	0	0	11	0	0
7	16619450	.	A	G	23	3	26	0	1	27	0	0
7	18873733	.	T	C	15	6	21	0	0	21	0	0
7	18873753	.	T	C	26	2	28	0	0	28	0	0
7	19240036	.	T	C	18	3	21	0	1	22	0	0
7	19638461	.	T	A	1	4	5	0	0	5	0	0
7	23875161	.	A	G	1	8	9	0	0	9	0	0
7	23899047	.	T	C	1	8	9	0	0	9	0	0
7	23933804	.	C	T	1	3	4	4	0	8	0	0
7	26904992	.	A	G	12	6	18	0	0	18	0	0
7	26904993	.	A	G	5	12	17	0	0	17	0	0
7	26905060	.	A	G	8	5	13	0	0	13	0	0
7	27227593	.	T	C	95	21	116	0	1	117	0	0
7	27520956	.	A	G	9	4	13	0	0	13	0	0
7	29880102	.	A	G	39	7	46	0	0	46	0	0
7	31579280	.	G	A	7	4	11	10	0	21	0	0
7	43175439	.	T	C	4	2	6	0	0	6	0	0
7	43175443	.	T	C	4	3	7	0	0	7	0	0
7	45032973	.	T	C	9	2	11	0	1	12	0	0
7	45235819	.	A	G	6	2	8	0	0	8	0	0
7	49205135	.	A	G	4	3	7	0	0	7	0	0
7	49206073	.	A	G	1	2	3	0	0	3	0	0
7	49206120	.	A	G	1	5	6	0	0	6	0	0
7	58979279	.	T	C	2	2	4	0	0	4	0	0
7	58980132	.	T	C	6	3	9	0	0	9	0	0
7	59037439	.	C	T	17	4	21	6	0	27	0	0
7	59100590	.	G	C	4	5	9	17	0	26	0	0
7	67432606	.	T	G	1	3	4	0	0	4	0	0
7	79206023	.	A	G	43	6	49	0	0	49	0	0
7	79574284	.	T	C	13	2	15	0	0	15	0	0
7	79965297	.	T	C	2	2	4	0	0	4	0	0
7	81180352	.	A	G	7	4	11	0	0	11	0	0
7	81180363	.	A	G	8	6	14	0	0	14	0	0
7	81253540	.	T	C	32	6	38	0	0	38	0	0
7	81521934	.	A	G	3	2	5	0	0	5	0	0
7	81522050	.	A	G	5	4	9	0	0	9	0	0
7	81522943	.	A	G	6	5	11	0	0	11	0	0
7	83274886	.	T	C	8	3	11	0	0	11	0	0
7	101561470	.	A	G	8	2	10	0	0	10	0	0
7	110655309	.	T	C	17	16	33	0	0	33	0	0
7	118361070	.	A	G	4	2	6	0	0	6	0	0
7	121587468	.	T	C	8	2	10	0	0	10	0	0
7	121745206	.	A	G	3	2	5	0	0	5	0	0
7	123582103	.	A	G	19	5	24	0	1	25	0	0
7	126853494	.	A	G	48	9	57	0	0	57	0	0
7	126853784	.	A	G	79	12	91	0	1	92	0	0
7	127133254	.	A	G	4	2	6	0	0	6	0	0
7	127165834	.	A	G	1	2	3	0	0	3	0	0
7	127165851	.	A	G	1	2	3	0	0	3	0	0
7	127519013	.	A	G	1	2	3	0	0	3	0	0
7	127519115	.	A	G	2	8	10	0	0	10	0	0
7	130360893	.	A	T	6	9	15	1	0	16	0	0
7	140880974	.	T	C	2	2	4	0	0	4	0	0
7	140916604	.	A	G	32	8	40	0	0	40	0	0
7	141014406	.	T	G	3	4	7	0	9	16	0	0
7	142207010	.	T	C	28	18	46	0	1	47	0	0
7	144133410	.	T	C	3	3	6	0	0	6	0	0
8	3229691	.	T	C	2	2	4	0	0	4	0	0
8	4382320	.	A	T	1	2	3	0	0	3	0	0
8	5690780	.	A	G	1	2	3	12	0	15	0	0
8	11665612	.	C	T	10	4	14	0	1	15	0	0
8	13336085	.	T	C	6	3	9	0	0	9	0	0
8	13981466	.	G	A	4	2	6	0	0	6	0	0
8	14078025	.	T	C	13	2	15	0	0	15	0	0
8	14140659	.	G	A	36	4	40	0	0	40	0	0
8	14140661	.	A	C	35	4	39	0	3	42	0	0
8	19741629	.	C	T	2	5	7	8	0	15	0	0
8	19743648	.	G	T	2	2	4	8	0	12	0	0
8	20030855	.	G	A	25	6	31	9	0	40	0	0
8	20698008	.	A	T	22	8	30	17	1	48	0	0
8	20717395	.	T	A	8	3	11	20	0	31	0	0
8	20727130	.	G	A	45	18	63	9	2	74	0	0
8	26087243	.	T	A	11	2	13	0	1	14	0	0
8	26303777	.	T	C	6	3	9	0	0	9	0	0
8	41370800	.	A	G	12	3	15	0	1	16	0	0
8	42700188	.	T	C	2	3	5	1	0	6	0	0
8	69766592	.	A	G	11	12	23	0	0	23	0	0
8	70017218	.	C	G	1	4	5	9	0	14	0	0
8	70017232	.	G	A	1	3	4	4	0	8	0	0
8	70019439	.	G	A	1	2	3	1	0	4	0	0
8	70028598	.	G	A	2	2	4	0	0	4	0	0
8	70583717	.	G	A	10	1	11	0	0	11	0	0
8	70583719	.	G	C	10	1	11	0	0	11	0	0
8	70967375	.	T	C	1	4	5	0	0	5	0	0
8	71212839	.	T	C	4	2	6	0	0	6	0	0
8	72937153	.	A	G	2	2	4	0	0	4	0	0
8	72977426	.	A	G	21	36	57	0	1	58	0	0
8	84976646	.	T	C	5	4	9	0	0	9	0	0
8	85593307	.	A	G	1	2	3	0	0	3	0	0
8	85683997	.	T	C	11	2	13	0	0	13	0	0
8	85684004	.	T	C	9	2	11	0	0	11	0	0
8	94879775	.	A	C	2	1	3	0	3	6	0	0
8	94879781	.	A	C	1	1	2	0	4	6	0	0
8	104987504	.	A	G	2	3	5	0	0	5	0	0
8	106041448	.	T	C	1	2	3	0	0	3	0	0
8	110400038	.	T	C	3	2	5	0	0	5	0	0
8	110567259	.	A	G	2	3	5	0	0	5	0	0
8	110817217	.	A	G	48	9	57	0	2	59	0	0
8	111731758	.	T	C	21	5	26	0	0	26	0	0
8	124261954	.	A	G	8	4	12	0	0	12	0	0
8	125620861	.	T	C	36	11	47	0	1	48	0	0
8	129360872	.	A	C	1	2	3	1	0	4	0	0
9	3386017	.	A	G	19	3	22	0	0	22	0	0
9	3387716	.	A	G	19	4	23	0	0	23	0	0
9	3387771	.	A	G	27	9	36	0	2	38	0	0
9	4456006	.	T	C	7	25	32	0	0	32	0	0
9	8022080	.	T	C	17	3	20	0	0	20	0	0
9	15821586	.	T	C	7	2	9	0	1	10	0	0
9	16288789	.	C	T	18	17	35	0	0	35	0	0
9	20512443	.	A	G	10	3	13	0	0	13	0	0
9	20515757	.	A	G	1	4	5	0	0	5	0	0
9	20584424	.	T	C	3	2	5	0	0	5	0	0
9	40204532	.	A	T	1	4	5	0	0	5	0	0
9	44211703	.	T	C	1	2	3	0	0	3	0	0
9	44221129	.	T	C	5	5	10	0	0	10	0	0
9	44317392	.	T	C	1	2	3	0	0	3	0	0
9	51534505	.	T	C	2	2	4	0	0	4	0	0
9	57051592	.	T	C	16	2	18	0	2	20	0	0
9	66280825	.	A	G	2	2	4	0	0	4	0	0
9	66280873	.	A	G	2	2	4	0	0	4	0	0
9	66280879	.	A	G	1	3	4	0	1	5	0	0
9	66683299	.	C	T	6	4	10	0	4	14	0	0
9	72635965	.	A	G	3	2	5	0	0	5	0	0
9	72657130	.	C	A	0	2	2	0	2	4	0	0
9	72932724	.	A	G	1	1	2	0	1	3	0	0
9	78076674	.	A	G	11	3	14	0	1	15	0	0
9	79351592	.	T	C	2	2	4	0	0	4	0	0
9	95939206	.	A	G	28	4	32	0	2	34	0	0
9	95939293	.	A	G	31	7	38	0	0	38	0	0
9	96777818	.	T	C	3	2	5	294	0	299	0	0
9	103062470	.	C	A	16	6	22	0	0	22	0	0
9	103062472	.	C	A	8	6	14	0	2	16	0	0
9	106521406	.	A	G	4	2	6	0	0	6	0	0
9	107640487	.	T	C	8	2	10	0	0	10	0	0
9	109659532	.	T	G	7	2	9	0	0	9	0	0
9	109659543	.	A	G	6	2	8	0	0	8	0	0
9	123349983	.	A	G	13	2	15	0	0	15	0	0
9	124033039	.	T	G	5	2	7	0	1	8	0	0
9	124034058	.	T	G	31	8	39	2	0	41	0	0
X	7774376	.	A	G	4	3	7	0	0	7	0	0
X	40743165	.	A	G	11	11	22	0	0	22	0	0
X	55633003	.	T	C	42	9	51	0	0	51	0	0
X	56429832	.	C	A	21	3	24	0	2	26	0	0
X	60231705	.	A	G	14	19	33	0	0	33	0	0
X	69388256	.	T	C	65	12	77	0	2	79	0	0
X	72774914	.	A	G	4	2	6	0	0	6	0	0
X	73270255	.	T	C	14	8	22	0	0	22	0	0
X	73270468	.	T	C	15	24	39	1	3	43	0	0
X	102620158	.	T	C	10	14	24	0	0	24	0	0
X	102620159	.	T	C	8	16	24	0	0	24	0	0
X	102623385	.	T	C	12	7	19	0	0	19	0	0
X	102623421	.	T	C	11	2	13	0	0	13	0	0
X	102631373	.	T	C	6	2	8	0	0	8	0	0
X	102631489	.	T	C	6	4	10	0	1	11	0	0
X	134745475	.	C	A	13	2	15	0	0	15	0	0
X	134745477	.	T	A	2	4	6	0	0	6	0	0
X	138577151	.	C	A	2	2	4	0	0	4	0	0
X	143107425	.	A	G	9	4	13	0	0	13	0	0
X	145978689	.	A	G	47	15	62	0	0	62	0	0
X	149766871	.	T	C	60	19	79	0	8	87	0	0
X	149767614	.	T	C	104	74	178	1	18	197	0	0
X	159360986	.	A	G	36	8	44	0	1	45	0	0
X	161815172	.	A	G	3	3	6	0	0	6	0	0
X	161815240	.	A	G	8	3	11	0	2	13	0	0
X	161815241	.	A	G	8	2	10	0	3	13	0	0
X	162760957	.	T	C	7	2	9	0	0	9	0	0
X	162761028	.	T	C	4	6	10	0	0	10	0	0
X	162761029	.	T	C	6	2	8	0	2	10	0	0
Y	1016394	.	A	G	16	40	56	0	1	57	0	0
