contig	position	variantID	refAllele	altAllele	refCount	altCount	totalCount	lowMAPQDepth	lowBaseQDepth	rawDepth	otherBases	improperPairs
1	9790109	.	T	C	12	3	15	0	1	16	0	0
1	10101774	.	T	C	1	2	3	0	0	3	0	0
1	22031785	.	T	C	2	5	7	0	0	7	0	0
1	33834280	.	T	C	3	2	5	0	0	5	0	0
1	33834289	.	T	C	6	3	9	0	0	9	0	0
1	34487039	.	T	C	0	1	1	0	2	3	0	0
1	36405381	.	T	C	1	2	3	0	0	3	0	0
1	43788770	.	A	C	3	3	6	0	2	8	0	0
1	59913367	.	A	G	42	14	56	0	2	58	0	0
1	60517747	.	A	G	36	25	61	0	9	70	0	0
1	63198693	.	T	C	2	2	4	0	0	4	0	0
1	66711873	.	A	G	78	43	121	0	4	125	0	0
1	74631584	.	A	G	2	2	4	0	0	4	0	0
1	75398649	.	A	G	26	5	31	0	0	31	0	0
1	86275689	.	T	C	24	8	32	1	3	36	0	0
1	86276528	.	T	C	11	4	15	0	0	15	0	0
1	87284706	.	A	T	1	1	2	0	1	3	0	0
1	88187311	.	C	T	4	3	7	0	0	7	0	0
1	88189668	.	A	G	1	2	3	0	0	3	0	0
1	88189938	.	C	A	6	2	8	0	0	8	0	0
1	88190006	.	T	A	2	2	4	0	0	4	0	0
1	88190661	.	G	C	3	5	8	0	0	8	0	0
1	88190781	.	C	T	5	2	7	0	1	8	0	0
1	88190815	.	G	A	1	5	6	0	0	6	0	0
1	88190921	.	C	T	5	12	17	0	0	17	0	0
1	88191237	.	A	C	7	36	43	0	6	49	0	0
1	88191281	.	A	G	53	6	59	0	0	59	0	0
1	88191320	.	C	T	9	20	29	0	1	30	0	0
1	88191706	.	G	A	33	8	41	0	1	42	0	0
1	88191710	.	T	C	10	30	40	0	1	41	0	0
1	88191744	.	C	A	26	6	32	0	0	32	0	0
1	88192037	.	T	A	1	6	7	0	0	7	0	0
1	88192048	.	G	C	6	15	21	0	0	21	0	0
1	88192098	.	G	A	40	6	46	0	1	47	0	0
1	88192180	.	G	T	39	7	46	0	0	46	0	0
1	88192184	.	T	A	40	7	47	0	2	49	0	0
1	88192700	.	G	A	3	29	32	0	2	34	0	0
1	88192756	.	G	A	8	30	38	0	2	40	0	0
1	88193031	.	C	G	11	17	28	1	0	29	0	0
1	88193194	.	C	T	3	8	11	3	1	15	0	0
1	88193568	.	A	C	2	6	8	31	0	39	0	0
1	88193702	.	T	G	2	11	13	20	0	33	0	0
1	88193917	.	G	A	10	13	23	24	1	48	0	0
1	88194314	.	C	A	21	9	30	4	0	34	0	0
1	88197053	.	T	C	9	15	24	0	3	27	0	0
1	88197991	.	A	G	9	29	38	0	0	38	0	0
1	88200653	.	A	C	1	12	13	0	0	13	0	0
1	88200670	.	G	A	1	6	7	0	0	7	0	0
1	88200832	.	C	T	2	5	7	0	0	7	0	0
1	88202772	.	A	T	23	4	27	1	0	28	0	0
1	88205286	.	A	T	10	3	13	1	0	14	0	0
1	121433595	.	A	C	12	1	13	0	0	13	0	0
1	133065748	.	A	G	31	4	35	0	1	36	0	0
1	143628079	.	A	G	7	3	10	0	0	10	0	0
1	156255182	.	T	C	5	10	15	0	1	16	0	0
1	156255534	.	T	C	12	3	15	0	0	15	0	0
1	156255601	.	T	C	7	3	10	0	0	10	0	0
1	160835343	.	T	C	5	4	9	0	0	9	0	0
1	165059101	.	T	C	2	2	4	0	0	4	0	0
1	178127208	.	T	C	2	2	4	0	0	4	0	0
1	180924020	.	T	C	25	6	31	0	0	31	0	0
1	183190594	.	A	G	8	4	12	0	1	13	0	0
1	183190682	.	A	G	13	3	16	0	0	16	0	0
1	190505415	.	C	T	14	18	32	0	0	32	0	0
10	20194248	.	A	G	1	2	3	0	0	3	0	0
10	33791335	.	A	G	2	2	4	0	0	4	0	0
10	49118584	.	T	C	6	6	12	0	0	12	0	0
10	49118640	.	T	C	7	7	14	0	0	14	0	0
10	49148872	.	T	C	3	22	25	0	0	25	0	0
10	49148885	.	T	C	6	19	25	0	0	25	0	0
10	80521810	.	T	C	13	3	16	0	0	16	0	0
10	82486613	.	T	C	16	3	19	0	0	19	0	0
10	86524792	.	A	G	6	2	8	0	0	8	0	0
10	94057224	.	A	G	10	1	11	0	1	12	0	0
10	126903751	.	T	C	57	11	68	0	1	69	0	0
10	127120664	.	A	G	2	2	4	0	1	5	0	0
10	128505927	.	T	C	13	3	16	0	1	17	0	0
10	128505929	.	T	C	10	5	15	0	0	15	0	0
11	3075936	.	A	G	4	2	6	2	0	8	0	0
11	3448459	.	T	C	3	4	7	0	0	7	0	0
11	20178606	.	T	C	10	3	13	0	1	14	0	0
11	43572939	.	A	G	2	2	4	0	0	4	0	0
11	45821425	.	T	C	11	6	17	0	0	17	0	0
11	46163470	.	T	C	83	384	467	0	5	472	0	0
11	52017633	.	A	G	11	2	13	0	1	14	0	0
11	69674128	.	A	G	11	6	17	0	0	17	0	0
11	69922901	.	A	G	7	3	10	0	1	11	0	0
11	69924811	.	A	G	3	2	5	0	0	5	0	0
11	69927434	.	A	G	7	2	9	0	1	10	0	0
11	69927869	.	A	G	2	6	8	0	0	8	0	0
11	72570452	.	A	G	4	4	8	0	0	8	0	0
11	75067258	.	T	C	20	10	30	0	2	32	0	0
11	78736658	.	A	G	8	4	12	0	1	13	0	0
11	82854460	.	A	G	4	4	8	0	0	8	0	0
11	86521633	.	T	C	1	2	3	1	1	5	0	0
11	94431318	.	T	C	8	5	13	0	0	13	0	0
11	94431842	.	T	C	11	3	14	0	1	15	0	0
11	97535690	.	T	C	7	5	12	0	0	12	0	0
11	97536428	.	T	C	15	2	17	0	0	17	0	0
11	100330625	.	T	C	5	4	9	0	0	9	0	0
11	101089802	.	T	C	11	11	22	0	1	23	0	0
11	115391217	.	G	T	1	1	2	0	2	4	0	0
11	116244612	.	T	C	2	2	4	0	0	4	0	0
11	116244624	.	T	C	1	3	4	0	0	4	0	0
11	116471963	.	T	C	10	21	31	0	2	33	0	0
11	120163759	.	G	T	7	2	9	0	1	10	0	0
11	120163760	.	A	G	8	2	10	0	0	10	0	0
12	3454168	.	A	G	28	15	43	10	2	55	0	0
12	3454248	.	A	G	24	27	51	10	4	65	0	0
12	16995352	.	A	G	3	2	5	0	0	5	0	0
12	17029214	.	A	G	2	3	5	0	0	5	0	0
12	17479686	.	A	G	14	5	19	0	0	19	0	0
12	17479809	.	A	G	9	11	20	0	0	20	0	0
12	31644236	.	T	C	2	2	4	0	0	4	0	0
12	46747117	.	T	C	24	5	29	0	1	30	0	0
12	54718540	.	T	C	29	6	35	0	1	36	0	0
12	54719070	.	T	C	25	8	33	0	0	33	0	0
12	54719142	.	T	C	26	4	30	0	0	30	0	0
12	65098706	.	A	G	3	3	6	0	0	6	0	0
12	65113982	.	T	C	8	3	11	0	1	12	0	0
12	65114809	.	T	C	2	2	4	0	0	4	0	0
12	69244102	.	A	G	14	10	24	0	0	24	0	0
12	71041945	.	A	G	25	5	30	0	0	30	0	0
12	75677928	.	A	G	3	6	9	1	0	10	0	0
12	75678010	.	C	T	2	2	4	1	0	5	0	0
12	79128920	.	T	C	13	3	16	0	0	16	0	0
12	84969788	.	T	C	3	2	5	0	0	5	0	0
12	91605436	.	T	C	7	3	10	0	1	11	0	0
12	101886131	.	T	C	18	4	22	0	0	22	0	0
12	101887890	.	T	C	20	5	25	0	0	25	0	0
12	101934357	.	C	T	5	2	7	0	1	8	0	0
12	109689209	.	A	G	0	2	2	0	1	3	0	0
13	8810104	.	A	G	7	2	9	0	0	9	0	0
13	14193974	.	C	T	2	1	3	0	1	4	0	0
13	14193977	.	C	T	2	1	3	0	1	4	0	0
13	14225628	.	T	C	36	7	43	0	0	43	0	0
13	14226674	.	T	C	46	10	56	0	1	57	0	0
13	14228102	.	T	C	30	4	34	0	4	38	0	0
13	31992464	.	C	G	2	1	3	0	0	3	0	0
13	31992465	.	G	C	2	1	3	0	0	3	0	0
13	49685058	.	A	G	1	2	3	0	0	3	0	0
13	64438124	.	T	C	10	4	14	0	0	14	0	0
13	65214229	.	G	A	8	5	13	0	1	14	0	0
13	74892825	.	T	C	5	2	7	0	0	7	0	0
13	78347088	.	T	C	3	1	4	0	4	8	0	0
13	92577452	.	G	A	2	1	3	0	4	7	0	0
13	118515925	.	T	C	2	3	5	0	0	5	0	0
13	119625401	.	G	T	9	4	13	0	0	13	0	0
13	120071828	.	C	T	4	2	6	0	1	7	0	0
13	120071842	.	A	G	10	2	12	0	0	12	0	0
14	9647289	.	A	G	58	15	73	0	4	77	0	0
14	10058181	.	A	G	94	25	119	0	1	120	0	0
14	14533725	.	T	C	5	13	18	0	0	18	0	0
14	20517408	.	T	C	4	2	6	0	0	6	0	0
14	21846832	.	A	G	16	33	49	0	3	52	0	0
14	21846833	.	A	G	45	5	50	0	2	52	0	0
14	21847779	.	A	G	69	18	87	0	1	88	0	0
14	29788070	.	T	C	29	4	33	0	1	34	0	0
14	29788078	.	T	C	22	9	31	0	1	32	0	0
14	32018582	.	A	G	24	13	37	0	1	38	0	0
14	45588814	.	G	A	3	2	5	0	0	5	0	0
14	47558247	.	A	G	7	2	9	6	0	15	0	0
14	51013458	.	T	C	5	2	7	0	0	7	0	0
14	51109987	.	A	G	2	3	5	0	0	5	0	0
14	55143813	.	T	C	6	2	8	0	0	8	0	0
14	60451313	.	T	C	1	5	6	0	0	6	0	0
14	75957159	.	T	C	22	8	30	0	0	30	0	0
14	76652977	.	A	G	4	2	6	0	0	6	0	0
14	101870631	.	G	A	9	1	10	0	3	13	0	0
14	101870635	.	G	A	7	3	10	0	2	12	0	0
14	103584115	.	T	C	16	8	24	0	0	24	0	0
14	121273016	.	A	G	5	2	7	0	0	7	0	0
15	8188973	.	A	G	8	4	12	0	1	13	0	0
15	41690015	.	G	A	2	2	4	0	0	4	0	0
15	58695035	.	T	C	11	2	13	0	0	13	0	0
15	66158075	.	T	C	17	3	20	0	0	20	0	0
15	75946179	.	T	C	5	1	6	0	0	6	0	0
15	75946181	.	C	G	5	1	6	0	0	6	0	0
15	76316680	.	A	G	2	3	5	0	0	5	0	0
15	81276524	.	C	T	2	2	4	0	0	4	0	0
15	81799307	.	G	A	21	7	28	0	9	37	0	0
15	81831458	.	A	G	1	2	3	0	0	3	0	0
15	81856951	.	T	C	1	2	3	1	0	4	0	0
15	84872060	.	C	T	7	2	9	0	1	10	0	0
15	98634993	.	T	C	13	18	31	0	1	32	0	0
15	98731431	.	T	C	30	6	36	0	2	38	0	0
15	99142536	.	T	C	49	11	60	14	1	75	0	0
15	99626091	.	A	G	7	3	10	0	0	10	0	0
15	100499867	.	G	T	4	1	5	0	1	6	0	0
16	13520445	.	A	G	24	6	30	0	0	30	0	0
16	17321752	.	A	G	13	2	15	0	0	15	0	0
16	17335960	.	A	G	4	3	7	0	0	7	0	0
16	18653678	.	A	G	28	9	37	0	1	38	0	0
16	19942498	.	A	G	32	22	54	0	1	55	0	0
16	20363548	.	A	G	5	2	7	0	0	7	0	0
16	30379865	.	T	C	1	2	3	0	0	3	0	0
16	32119150	.	A	G	13	17	30	0	1	31	0	0
16	35749583	.	G	A	1	2	3	0	0	3	0	0
16	43691361	.	T	C	2	3	5	0	0	5	0	0
16	55722120	.	T	C	11	2	13	0	0	13	0	0
16	87230813	.	T	C	9	6	15	0	1	16	0	0
16	87230814	.	T	C	9	5	14	0	2	16	0	0
16	87737431	.	T	C	3	4	7	0	1	8	0	0
16	91453021	.	A	G	62	16	78	0	3	81	0	0
17	3094530	.	A	G	1	2	3	8	0	11	0	0
17	8415293	.	G	A	2	2	4	0	0	4	0	0
17	14415632	.	C	T	5	2	7	0	0	7	0	0
17	15624979	.	T	C	1	2	3	0	0	3	0	0
17	15741073	.	A	G	3	2	5	0	0	5	0	0
17	21943290	.	A	G	11	3	14	0	0	14	0	0
17	24643100	.	A	G	4	2	6	0	0	6	0	0
17	25202050	.	T	C	14	4	18	0	0	18	0	0
17	27239371	.	T	G	4	2	6	0	2	8	0	0
17	29521001	.	A	G	6	4	10	0	0	10	0	0
17	33552004	.	T	C	8	5	13	0	0	13	0	0
17	33966501	.	T	C	23	4	27	91	4	122	0	0
17	34147531	.	A	G	10	4	14	0	0	14	0	0
17	34962604	.	A	G	4	2	6	0	0	6	0	0
17	40158498	.	T	C	2742	3181	5923	8	114	6286	241	0
17	45973875	.	T	C	21	69	90	0	10	100	0	0
17	46727643	.	A	G	2	2	4	0	0	4	0	0
17	80354319	.	T	C	4	2	6	0	0	6	0	0
17	95067479	.	T	C	15	10	25	0	0	25	0	0
18	6792802	.	A	G	14	3	17	0	0	17	0	0
18	32235928	.	A	G	6	4	10	0	0	10	0	0
18	32235930	.	A	G	5	5	10	0	0	10	0	0
18	32561134	.	A	G	35	6	41	0	1	42	0	0
18	35807586	.	T	C	49	8	57	0	5	62	0	0
18	37639069	.	G	C	2	2	4	4	0	8	0	0
18	37639071	.	T	G	2	2	4	3	0	7	0	0
18	65610231	.	A	G	3	2	5	0	0	5	0	0
18	69817433	.	G	A	1	2	3	1	4	8	0	0
18	90610206	.	C	T	14	2	16	1	0	17	0	0
19	3916452	.	A	G	11	2	13	0	1	14	0	0
19	3917362	.	A	G	6	3	9	0	0	9	0	0
19	6895783	.	T	C	5	3	8	0	0	8	0	0
19	7515480	.	A	G	18	8	26	0	0	26	0	0
19	8660724	.	A	G	25	4	29	0	2	31	0	0
19	8857392	.	A	G	2	3	5	0	0	5	0	0
19	10223060	.	T	C	26	52	78	0	0	78	0	0
19	10494226	.	T	C	2	2	4	0	0	4	0	0
19	12441626	.	A	G	16	4	20	0	1	21	0	0
19	22971574	.	G	T	2	1	3	0	1	4	0	0
19	31063963	.	G	A	10	1	11	0	0	11	0	0
19	31063965	.	A	C	10	1	11	0	0	11	0	0
19	34571000	.	A	G	4	2	6	0	0	6	0	0
19	43429601	.	A	G	9	8	17	0	1	18	0	0
19	43429686	.	A	G	31	4	35	0	0	35	0	0
19	43429753	.	A	G	30	5	35	0	0	35	0	0
19	44993669	.	T	C	25	10	35	0	0	35	0	0
19	44993727	.	T	C	39	6	45	0	0	45	0	0
19	46160441	.	A	G	1	2	3	0	0	3	0	0
19	46269407	.	A	G	3	2	5	0	0	5	0	0
19	47072011	.	A	G	1	2	3	0	0	3	0	0
19	60765148	.	A	G	31	30	61	0	0	61	0	0
2	3461393	.	A	G	2	2	4	0	0	4	0	0
2	14152459	.	G	A	4	2	6	0	0	6	0	0
2	14152860	.	A	G	33	5	38	0	0	38	0	0
2	31937444	.	A	G	13	3	16	0	1	17	0	0
2	31957993	.	A	G	7	2	9	0	0	9	0	0
2	32196762	.	A	G	41	6	47	0	0	47	0	0
2	32600955	.	A	G	4	2	6	0	0	6	0	0
2	32865918	.	C	T	3	2	5	0	0	5	0	0
2	40445978	.	T	C	0	3	3	1	1	5	0	0
2	76430645	.	G	A	5	2	7	0	1	8	0	0
2	104586632	.	C	G	0	1	1	0	0	1	0	0
2	104586637	.	G	T	2	2	4	0	0	4	0	0
2	118700801	.	A	G	12	3	15	0	0	15	0	0
2	118700803	.	A	G	12	2	14	0	1	15	0	0
2	119481395	.	T	C	4	2	6	0	0	6	0	0
2	120451649	.	A	G	22	3	25	0	0	25	0	0
2	121178337	.	T	C	3	3	6	0	0	6	0	0
2	130715901	.	T	C	1	2	3	0	0	3	0	0
2	132151800	.	A	G	50	255	305	0	3	308	0	0
2	144382358	.	A	G	18	5	23	0	0	23	0	0
2	153108264	.	A	G	8	5	13	0	0	13	0	0
2	153108492	.	A	G	15	4	19	0	0	19	0	0
2	154379850	.	A	G	29	5	34	0	0	34	0	0
2	157400030	.	T	C	58	7	65	2	0	67	0	0
2	158225545	.	A	G	393	62	455	0	3	458	0	0
2	158226873	.	A	G	98	338	436	0	19	455	0	0
2	158669441	.	A	G	1	2	3	0	0	3	0	0
2	163309459	.	T	C	10	8	18	0	0	18	0	0
2	164953773	.	T	C	30	12	42	0	1	43	0	0
2	167318459	.	A	G	11	2	13	0	0	13	0	0
2	168055452	.	T	C	12	2	14	0	0	14	0	0
2	169913421	.	A	G	9	2	11	0	0	11	0	0
2	174169694	.	A	G	61	18	79	0	3	82	0	0
3	32636549	.	T	C	9	2	11	0	0	11	0	0
3	36146600	.	A	G	1	2	3	3	0	6	0	0
3	80599593	.	T	C	91	175	266	0	2	268	0	0
3	80613850	.	T	C	30	5	35	0	1	36	0	0
3	80614159	.	T	C	9	9	18	0	1	19	0	0
3	80614215	.	T	C	257	135	392	0	3	395	0	0
3	88259542	.	A	G	11	1	12	0	1	13	0	0
3	95091252	.	T	C	2	4	6	0	0	6	0	0
3	96539776	.	A	G	4	26	30	0	0	30	0	0
3	96540029	.	A	G	23	3	26	1	2	29	0	0
3	97643465	.	G	A	1	2	3	0	1	4	0	0
3	101367937	.	C	T	1	1	2	0	2	4	0	0
3	102973406	.	A	G	20	8	28	0	0	28	0	0
3	104835351	.	A	G	2	2	4	0	0	4	0	0
3	131082986	.	G	A	1	1	2	0	4	6	0	0
3	135112631	.	T	C	29	9	38	0	1	39	0	0
3	138265030	.	A	G	13	4	17	0	0	17	0	0
3	158666742	.	A	C	1	2	3	0	1	4	0	0
3	158666830	.	A	C	0	2	2	0	1	3	0	0
4	21836550	.	A	G	34	5	39	0	0	39	0	0
4	21911309	.	A	G	10	2	12	0	0	12	0	0
4	33019420	.	A	G	55	30	85	0	1	86	0	0
4	33020417	.	A	G	52	47	99	0	2	101	0	0
4	41518514	.	T	C	145	20	165	0	3	168	0	0
4	62342224	.	A	G	12	3	15	0	1	16	0	0
4	86495344	.	G	T	60	8	68	0	0	68	0	0
4	103021909	.	A	G	11	3	14	1	4	19	0	0
4	108491569	.	T	C	8	2	10	0	0	10	0	0
4	108874777	.	C	G	1	4	5	0	0	5	0	0
4	116409975	.	T	C	13	3	16	0	0	16	0	0
4	116409984	.	T	C	11	2	13	0	1	14	0	0
4	116410105	.	T	C	13	2	15	0	2	17	0	0
4	118484005	.	A	G	9	10	19	0	0	19	0	0
4	118484020	.	A	G	20	3	23	0	1	24	0	0
4	118484072	.	A	G	11	4	15	0	0	15	0	0
4	119081410	.	T	C	16	4	20	0	0	20	0	0
4	120741541	.	A	G	2	2	4	0	0	4	0	0
4	124838094	.	A	G	14	7	21	0	1	22	0	0
4	125982944	.	A	G	3	13	16	0	0	16	0	0
4	125982950	.	A	G	12	3	15	0	0	15	0	0
4	129107038	.	A	G	2	3	5	0	0	5	0	0
4	137954261	.	A	G	6	2	8	0	0	8	0	0
4	137987341	.	A	G	76	15	91	0	4	95	0	0
4	137987354	.	A	G	64	23	87	0	0	87	0	0
4	140678893	.	A	G	10	3	13	1	0	14	0	0
4	141488012	.	T	C	29	4	33	0	0	33	0	0
4	141867895	.	G	A	18	2	20	0	6	26	0	0
4	144314687	.	A	G	6	2	8	19	0	27	0	0
4	148140817	.	A	G	9	3	12	0	0	12	0	0
4	149202654	.	A	G	20	4	24	0	1	25	0	0
4	155705483	.	A	G	23	5	28	0	0	28	0	0
4	155706828	.	A	G	10	8	18	0	0	18	0	0
4	155800977	.	A	G	7	4	11	0	0	11	0	0
4	155800978	.	A	G	8	3	11	0	0	11	0	0
4	156095123	.	A	G	71	30	101	0	2	103	0	0
4	156294088	.	A	G	3	3	6	0	0	6	0	0
5	14304651	.	A	G	15	3	18	0	0	18	0	0
5	24649635	.	T	C	24	4	28	0	1	29	0	0
5	25430722	.	A	G	15	3	18	0	0	18	0	0
5	30780634	.	C	T	4	3	7	1	0	8	0	0
5	31316473	.	T	A	20	15	35	0	0	35	0	0
5	33803165	.	T	C	3	3	6	0	0	6	0	0
5	65605388	.	T	C	36	14	50	0	1	51	0	0
5	65605389	.	T	C	28	21	49	0	1	50	0	0
5	77555578	.	T	C	2	9	11	0	0	11	0	0
5	77555630	.	T	C	3	17	20	0	0	20	0	0
5	93423959	.	T	C	5	3	8	0	0	8	0	0
5	104652843	.	A	G	20	2	22	0	1	23	0	0
5	115437301	.	T	C	5	2	7	0	1	8	0	0
5	115437319	.	T	C	5	6	11	0	1	12	0	0
5	116577420	.	C	T	3	2	5	0	1	6	0	0
5	121683511	.	T	C	12	2	14	0	0	14	0	0
5	122546590	.	A	G	9	4	13	0	0	13	0	0
5	122546790	.	A	G	12	2	14	0	0	14	0	0
5	123386729	.	A	G	14	7	21	0	0	21	0	0
5	125534541	.	A	G	43	25	68	0	0	68	0	0
5	130014307	.	A	G	47	6	53	0	0	53	0	0
5	135437709	.	T	C	20	7	27	0	1	28	0	0
5	135437715	.	T	C	17	5	22	0	0	22	0	0
5	136941953	.	A	G	61	19	80	0	1	81	0	0
5	142655047	.	A	G	75	17	92	0	2	94	0	0
5	142976793	.	C	T	8	3	11	0	5	16	0	0
5	143751066	.	A	G	11	3	14	2	0	16	0	0
5	143840226	.	A	G	6	2	8	0	1	9	0	0
5	143883169	.	A	G	2	3	5	0	0	5	0	0
6	31492602	.	A	G	2	4	6	0	1	7	0	0
6	39312088	.	T	C	17	8	25	0	0	25	0	0
6	39312096	.	T	C	18	5	23	0	0	23	0	0
6	49231812	.	T	C	14	3	17	0	0	17	0	0
6	66517625	.	A	G	5	12	17	0	0	17	0	0
6	66517635	.	A	G	11	7	18	0	0	18	0	0
6	72584973	.	T	C	9	2	11	0	0	11	0	0
6	86086310	.	C	T	9	2	11	0	0	11	0	0
6	87963286	.	A	G	3	2	5	0	0	5	0	0
6	113588113	.	A	G	3	2	5	0	0	5	0	0
6	117974434	.	G	A	1	2	3	4	0	7	0	0
6	122715481	.	T	C	2	2	4	0	0	4	0	0
6	124717185	.	T	C	3	2	5	0	0	5	0	0
6	126619121	.	T	C	56	23	79	0	2	81	0	0
6	143778481	.	G	A	6	2	8	0	0	8	0	0
7	3463600	.	A	G	69	17	86	0	2	88	0	0
7	4815069	.	C	G	0	2	2	0	1	3	0	0
7	4815070	.	A	G	1	2	3	0	0	3	0	0
7	6969234	.	A	G	8	3	11	0	0	11	0	0
7	10390716	.	T	G	3	0	3	9	3	15	0	0
7	12707543	.	A	G	3	2	5	0	0	5	0	0
7	12787620	.	A	T	3	2	5	0	1	6	0	0
7	16603927	.	T	A	1	8	9	0	0	9	0	0
7	16619272	.	A	G	6	36	42	0	1	43	0	0
7	16619714	.	A	G	35	18	53	0	1	54	0	0
7	16827779	.	A	G	1	4	5	0	0	5	0	0
7	18627255	.	C	A	1	7	8	0	0	8	0	0
7	18877210	.	G	A	0	13	13	0	0	13	0	0
7	18877211	.	C	T	2	13	15	0	0	15	0	0
7	19340187	.	T	C	1	2	3	0	0	3	0	0
7	23840662	.	G	A	1	11	12	1	0	13	0	0
7	24928372	.	A	G	1	10	11	0	0	11	0	0
7	26904992	.	A	G	4	3	7	0	0	7	0	0
7	27227593	.	T	C	47	7	54	0	2	56	0	0
7	27520956	.	A	G	8	4	12	0	0	12	0	0
7	27663968	.	C	T	1	7	8	0	0	8	0	0
7	28922504	.	T	C	3	3	6	0	0	6	0	0
7	28922523	.	T	C	4	2	6	0	0	6	0	0
7	29491902	.	T	C	1	10	11	0	0	11	0	0
7	29633922	.	G	A	1	7	8	0	0	8	0	0
7	29880102	.	A	G	17	3	20	0	0	20	0	0
7	43174602	.	T	C	3	2	5	0	0	5	0	0
7	45032973	.	T	C	9	8	17	0	2	19	0	0
7	49205135	.	A	G	2	1	3	0	1	4	0	0
7	55628086	.	T	C	2	1	3	0	1	4	0	0
7	59041183	.	G	T	3	2	5	6	0	11	0	0
7	61589842	.	T	C	1	2	3	0	0	3	0	0
7	81180363	.	A	G	2	2	4	0	0	4	0	0
7	81521958	.	A	G	2	3	5	0	0	5	0	0
7	81522050	.	A	G	4	4	8	0	1	9	0	0
7	81522943	.	A	G	3	2	5	0	0	5	0	0
7	103988513	.	T	C	2	2	4	0	0	4	0	0
7	118572951	.	C	T	2	2	4	0	0	4	0	0
7	123582103	.	A	G	24	3	27	0	0	27	0	0
7	126853784	.	A	G	40	10	50	0	0	50	0	0
7	127160348	.	G	A	0	1	1	0	5	6	0	0
7	127165579	.	A	G	2	2	4	0	0	4	0	0
7	130360893	.	A	T	5	7	12	0	1	13	0	0
7	139716717	.	A	G	8	2	10	0	0	10	0	0
7	142207010	.	T	C	22	16	38	0	0	38	0	0
8	11674561	.	T	C	10	2	12	0	0	12	0	0
8	19741629	.	C	T	1	3	4	6	1	11	0	0
8	19747710	.	G	A	9	4	13	6	0	19	0	0
8	20157964	.	A	G	3	2	5	47	0	52	0	0
8	20698008	.	A	T	23	5	28	14	1	43	0	0
8	20727130	.	G	A	29	8	37	1	3	41	0	0
8	21107621	.	G	T	2	2	4	32	0	36	0	0
8	42700052	.	A	G	2	4	6	2	1	9	0	0
8	42700188	.	T	C	1	3	4	0	0	5	1	0
8	70023416	.	T	A	3	2	5	4	0	9	0	0
8	70028682	.	T	C	1	2	3	2	0	5	0	0
8	72977426	.	A	G	10	18	28	0	1	29	0	0
8	73269626	.	T	C	1	7	8	0	1	9	0	0
8	73269630	.	T	C	1	6	7	0	2	9	0	0
8	95049423	.	A	G	10	2	12	0	0	12	0	0
8	95049610	.	A	G	12	3	15	0	0	15	0	0
8	107744294	.	C	T	4	2	6	0	0	6	0	0
8	110817217	.	A	G	22	5	27	0	1	28	0	0
8	122753541	.	A	G	3	2	5	0	0	5	0	0
8	124261954	.	A	G	8	5	13	0	1	14	0	0
8	124261955	.	A	G	8	5	13	0	0	13	0	0
8	125620861	.	T	C	30	8	38	0	0	38	0	0
9	3387771	.	A	G	14	6	20	0	1	21	0	0
9	4313759	.	A	G	3	2	5	0	0	5	0	0
9	4456006	.	T	C	2	18	20	0	1	21	0	0
9	8022080	.	T	C	4	2	6	0	0	6	0	0
9	20508055	.	A	G	9	2	11	0	0	11	0	0
9	20508072	.	A	G	9	3	12	0	0	12	0	0
9	20515715	.	A	G	3	3	6	0	0	6	0	0
9	20515808	.	A	G	3	4	7	0	0	7	0	0
9	22359610	.	G	T	2	2	4	0	0	4	0	0
9	44221129	.	T	C	2	3	5	0	0	5	0	0
9	53311221	.	A	G	8	3	11	0	0	11	0	0
9	55056705	.	A	G	6	3	9	0	1	10	0	0
9	65253476	.	A	G	5	2	7	0	0	7	0	0
9	69924723	.	T	C	4	2	6	0	0	6	0	0
9	95939206	.	A	G	25	3	28	0	0	28	0	0
9	95939286	.	A	G	21	3	24	0	0	24	0	0
9	95939293	.	A	G	13	10	23	0	1	24	0	0
9	99362116	.	G	T	7	2	9	0	0	9	0	0
9	107469563	.	T	C	3	1	4	0	1	5	0	0
9	107640487	.	T	C	3	2	5	0	0	5	0	0
9	109659993	.	A	G	7	2	9	2	0	11	0	0
9	124034058	.	T	G	16	2	18	0	1	19	0	0
X	7774376	.	A	G	4	2	6	0	0	6	0	0
X	40743129	.	A	G	8	10	18	0	0	18	0	0
X	40743165	.	A	G	3	5	8	0	0	8	0	0
X	60231705	.	A	G	18	5	23	0	0	23	0	0
X	69388256	.	T	C	25	4	29	0	0	29	0	0
X	71488898	.	T	C	6	70	76	0	1	77	0	0
X	73270255	.	T	C	5	9	14	0	1	15	0	0
X	73270468	.	T	C	10	11	21	0	0	21	0	0
X	80866141	.	T	C	1	3	4	7	0	11	0	0
X	102620158	.	T	C	3	6	9	0	0	9	0	0
X	102623421	.	T	C	6	2	8	0	0	8	0	0
X	145978689	.	A	G	40	6	46	0	0	46	0	0
X	149767614	.	T	C	55	44	99	1	3	103	0	0
X	159360986	.	A	G	12	3	15	0	2	17	0	0
X	162761028	.	T	C	2	2	4	0	0	4	0	0
X	166906187	.	T	C	11	2	13	0	0	13	0	0
Y	1016394	.	A	G	8	12	20	0	2	22	0	0
