contig	position	variantID	refAllele	altAllele	refCount	altCount	totalCount	lowMAPQDepth	lowBaseQDepth	rawDepth	otherBases	improperPairs
1	10101774	.	T	C	6	3	9	0	0	9	0	0
1	12636255	.	A	G	0	2	2	1	1	4	0	0
1	13695965	.	T	C	6	10	16	8	0	24	0	0
1	15788423	.	C	A	11	2	13	0	0	13	0	0
1	16717060	.	T	C	8	8	16	0	0	16	0	0
1	36565749	.	G	T	25	3	28	0	1	29	0	0
1	36565750	.	A	T	25	3	28	0	1	29	0	0
1	36566618	.	C	T	2	2	4	0	0	4	0	0
1	36566620	.	C	T	2	1	3	0	1	4	0	0
1	37448671	.	G	T	4	2	6	1	1	8	0	0
1	39695898	.	A	G	6	6	12	0	0	12	0	0
1	39695918	.	A	G	9	2	11	0	0	11	0	0
1	42789922	.	A	G	3	2	5	0	2	7	0	0
1	42789943	.	A	G	4	2	6	0	0	6	0	0
1	51506146	.	T	C	1	3	4	0	0	4	0	0
1	51507771	.	T	C	1	3	4	0	0	4	0	0
1	55030914	.	T	C	5	2	7	0	0	7	0	0
1	58566410	.	C	T	21	11	32	3	2	37	0	0
1	59756998	.	A	G	9	5	14	0	1	15	0	0
1	59913367	.	A	G	69	12	81	0	1	82	0	0
1	60191150	.	A	G	3	3	6	0	0	6	0	0
1	60517747	.	A	G	54	33	87	0	11	98	0	0
1	63156443	.	A	G	5	3	8	0	0	8	0	0
1	66711873	.	A	G	120	53	173	1	6	180	0	0
1	68071399	.	A	G	14	3	17	0	1	18	0	0
1	75398649	.	A	G	30	6	36	0	0	36	0	0
1	75398708	.	A	G	2	19	21	0	1	22	0	0
1	82214138	.	C	A	11	3	14	0	0	14	0	0
1	86204642	.	A	G	5	3	8	0	0	8	0	0
1	86205422	.	A	G	1	2	3	0	0	3	0	0
1	86272895	.	T	C	12	3	15	0	1	16	0	0
1	86275458	.	T	C	25	4	29	0	1	30	0	0
1	86275524	.	T	C	25	4	29	0	2	31	0	0
1	86276528	.	T	C	19	5	24	0	0	24	0	0
1	88187259	.	T	C	6	2	8	0	0	8	0	0
1	88187289	.	A	G	1	7	8	0	0	8	0	0
1	88188150	.	C	A	2	2	4	0	0	4	0	0
1	88188277	.	C	G	4	2	6	0	0	6	0	0
1	88188916	.	C	A	3	2	5	0	0	5	0	0
1	88189031	.	G	A	2	2	4	0	0	4	0	0
1	88189360	.	G	A	4	2	6	0	0	6	0	0
1	88189404	.	C	T	1	2	3	0	0	3	0	0
1	88189435	.	G	C	1	3	4	0	0	4	0	0
1	88189611	.	A	G	2	3	5	0	1	6	0	0
1	88189668	.	A	G	3	2	5	0	0	5	0	0
1	88189685	.	C	A	2	2	4	0	1	5	0	0
1	88189707	.	C	T	3	2	5	0	0	5	0	0
1	88189797	.	G	A	2	2	4	0	1	5	0	0
1	88190717	.	G	C	4	4	8	0	0	8	0	0
1	88190921	.	C	T	2	14	16	0	0	16	0	0
1	88191237	.	A	C	19	51	70	0	2	72	0	0
1	88191311	.	T	C	6	67	73	0	0	73	0	0
1	88191320	.	C	T	15	44	59	0	3	62	0	0
1	88191636	.	A	G	7	45	52	0	2	54	0	0
1	88191706	.	G	A	50	8	58	0	1	59	0	0
1	88191710	.	T	C	15	35	50	0	1	51	0	0
1	88192008	.	C	T	62	11	73	0	7	80	0	0
1	88192048	.	G	C	21	41	62	0	0	62	0	0
1	88192098	.	G	A	58	11	69	0	0	69	0	0
1	88192180	.	G	T	99	16	115	0	4	119	0	0
1	88192184	.	T	A	103	16	119	0	2	121	0	0
1	88192243	.	A	G	9	53	62	0	0	62	0	0
1	88192700	.	G	A	19	45	64	0	2	66	0	0
1	88192756	.	G	A	9	55	64	0	1	65	0	0
1	88193031	.	C	G	19	22	41	0	0	41	0	0
1	88193194	.	C	T	7	12	19	5	0	24	0	0
1	88193292	.	T	A	6	2	8	4	0	12	0	0
1	88193568	.	A	C	3	5	8	41	0	49	0	0
1	88193917	.	G	A	7	24	31	24	1	56	0	0
1	88194314	.	C	A	33	13	46	4	0	50	0	0
1	88197053	.	T	C	7	33	40	0	3	43	0	0
1	88197991	.	A	G	25	52	77	0	0	77	0	0
1	88200605	.	C	A	2	15	17	0	0	17	0	0
1	88200670	.	G	A	1	13	14	0	0	14	0	0
1	88200718	.	C	A	1	7	8	0	0	8	0	0
1	88200832	.	C	T	3	4	7	0	0	7	0	0
1	88202664	.	A	G	1	2	3	1	0	4	0	0
1	88202772	.	A	T	20	4	24	3	0	27	0	0
1	88203670	.	C	T	1	4	5	1	0	6	0	0
1	88204960	.	T	C	5	24	29	4	0	33	0	0
1	88205197	.	A	G	2	15	17	0	1	18	0	0
1	88205247	.	A	G	3	2	5	0	0	5	0	0
1	88205286	.	A	T	11	3	14	0	1	15	0	0
1	91224003	.	T	G	1	2	3	0	0	3	0	0
1	91224050	.	T	C	3	3	6	1	0	7	0	0
1	91727399	.	T	G	5	1	6	0	0	6	0	0
1	93299307	.	A	G	11	10	21	0	0	21	0	0
1	93727834	.	T	C	12	2	14	0	0	14	0	0
1	95426538	.	A	G	1	4	5	10	0	15	0	0
1	97876842	.	C	T	0	2	2	7	2	11	0	0
1	118225721	.	T	C	11	2	13	0	1	14	0	0
1	119580262	.	C	T	12	4	16	0	3	19	0	0
1	119580263	.	G	T	8	1	9	0	9	19	1	0
1	131953439	.	T	C	17	19	36	0	0	36	0	0
1	132927303	.	T	C	4	3	7	0	0	7	0	0
1	133065748	.	A	G	47	12	59	0	1	60	0	0
1	135364485	.	G	T	5	2	7	0	0	7	0	0
1	135364486	.	G	T	5	2	7	0	0	7	0	0
1	135679827	.	G	A	22	5	27	0	1	28	0	0
1	155151508	.	G	T	14	5	19	0	5	24	0	0
1	155151509	.	C	T	15	4	19	0	7	26	0	0
1	155941928	.	T	C	4	2	6	0	1	7	0	0
1	156255601	.	T	C	6	4	10	0	0	10	0	0
1	160842749	.	T	C	10	2	12	0	0	12	0	0
1	162499752	.	C	A	15	6	21	2	6	29	0	0
1	171150581	.	C	T	3	2	5	0	1	6	0	0
1	171215741	.	G	A	5	2	7	0	0	7	0	0
1	178779812	.	T	C	6	3	9	0	0	9	0	0
1	179992471	.	A	C	51	5	56	0	4	60	0	0
1	180924020	.	T	C	29	8	37	0	2	39	0	0
1	183190682	.	A	G	13	5	18	0	0	18	0	0
1	189583506	.	A	G	3	2	5	0	0	5	0	0
1	193043945	.	A	G	0	2	2	0	1	3	0	0
10	4344982	.	A	G	8	2	10	0	0	10	0	0
10	7524278	.	T	C	8	2	10	1	0	11	0	0
10	11333810	.	C	T	18	6	24	0	2	26	0	0
10	11333814	.	C	T	22	4	26	0	2	28	0	0
10	14621525	.	C	T	4	5	9	179	2	191	1	0
10	14621526	.	C	T	7	3	10	131	2	143	0	0
10	29104018	.	G	T	8	2	10	1	2	13	0	0
10	29104019	.	G	T	10	1	11	1	1	13	0	0
10	33791335	.	A	G	2	2	4	0	0	4	0	0
10	33865248	.	T	C	2	2	4	0	0	4	0	0
10	33865251	.	T	C	2	2	4	0	0	4	0	0
10	33869343	.	T	C	12	3	15	0	0	15	0	0
10	45752162	.	G	A	5	3	8	22	0	30	0	0
10	49118640	.	T	C	6	6	12	0	0	12	0	0
10	49120426	.	T	C	3	28	31	0	1	32	0	0
10	49148885	.	T	C	3	31	34	0	0	34	0	0
10	57391874	.	C	T	11	4	15	0	1	16	0	0
10	60548295	.	T	C	4	1	5	10	0	15	0	0
10	61155548	.	A	G	6	2	8	0	0	8	0	0
10	71220231	.	C	A	15	4	19	0	5	24	0	0
10	76391424	.	A	G	6	3	9	0	0	9	0	0
10	80522269	.	T	C	11	3	14	0	1	15	0	0
10	81155803	.	G	A	7	2	9	0	0	9	0	0
10	81366434	.	G	T	7	5	12	0	4	16	0	0
10	81442755	.	A	G	5	2	7	0	0	7	0	0
10	82484873	.	T	C	1	2	3	32	0	35	0	0
10	82486613	.	T	C	22	8	30	0	0	30	0	0
10	86524792	.	A	G	7	2	9	1	0	10	0	0
10	86672208	.	A	G	33	13	46	1	9	56	0	0
10	88306343	.	T	C	12	3	15	0	0	15	0	0
10	88306344	.	T	C	13	2	15	0	0	15	0	0
10	89654262	.	C	A	12	5	17	0	5	22	0	0
10	90826571	.	T	C	15	3	18	0	0	18	0	0
10	93801926	.	T	C	5	2	7	0	1	8	0	0
10	94057224	.	A	G	22	10	32	0	0	32	0	0
10	94057234	.	A	G	25	9	34	0	0	34	0	0
10	95326880	.	T	C	2	2	4	0	0	4	0	0
10	121207348	.	A	G	3	2	5	0	0	5	0	0
10	126903142	.	G	A	6	2	8	0	1	9	0	0
10	126903751	.	T	C	114	22	136	0	1	137	0	0
10	127038297	.	T	C	3	4	7	0	0	7	0	0
10	128032463	.	A	G	1	3	4	0	0	4	0	0
10	128032764	.	A	G	1	3	4	0	0	4	0	0
10	128033191	.	A	G	2	3	5	0	0	5	0	0
11	3199912	.	A	G	3	2	5	0	0	5	0	0
11	3407590	.	A	G	9	2	11	0	0	11	0	0
11	3448459	.	T	C	6	2	8	0	0	8	0	0
11	3448464	.	T	C	6	2	8	0	0	8	0	0
11	4091399	.	T	C	21	5	26	0	0	26	0	0
11	4091432	.	T	C	19	8	27	0	0	27	0	0
11	4092042	.	T	C	30	9	39	0	1	40	0	0
11	4092085	.	T	C	20	16	36	0	2	38	0	0
11	4092108	.	T	C	26	10	36	0	0	36	0	0
11	4092790	.	T	C	16	12	28	0	1	29	0	0
11	5654237	.	T	C	1	2	3	0	0	3	0	0
11	5919668	.	A	T	12	4	16	0	0	16	0	0
11	20178606	.	T	C	20	5	25	0	0	25	0	0
11	20774457	.	T	G	10	5	15	0	5	20	0	0
11	30051812	.	T	C	11	3	14	0	1	15	0	0
11	45821425	.	T	C	13	6	19	0	1	20	0	0
11	45823152	.	C	T	8	2	10	0	0	10	0	0
11	46163470	.	T	C	94	545	639	0	8	647	0	0
11	51547470	.	A	G	7	2	9	0	0	9	0	0
11	54730814	.	T	C	13	5	18	0	0	18	0	0
11	58218134	.	T	C	2	2	4	0	0	4	0	0
11	58840272	.	A	G	3	1	4	0	1	5	0	0
11	58887758	.	A	G	5	2	7	0	0	7	0	0
11	59347027	.	A	G	33	26	59	0	0	59	0	0
11	59347029	.	A	G	38	18	56	0	2	58	0	0
11	59349201	.	A	G	26	5	31	0	0	31	0	0
11	59349204	.	A	G	24	7	31	0	0	31	0	0
11	59401881	.	A	G	6	6	12	0	0	12	0	0
11	63049592	.	C	T	8	2	10	0	4	14	0	0
11	67579383	.	C	G	32	7	39	0	27	66	0	0
11	68876802	.	T	C	18	5	23	0	0	23	0	0
11	69573545	.	T	C	2	2	4	0	0	4	0	0
11	69922901	.	A	G	4	7	11	0	0	11	0	0
11	69922910	.	A	G	8	3	11	0	0	11	0	0
11	69922950	.	A	G	7	3	10	0	1	11	0	0
11	69923921	.	A	G	9	2	11	0	0	11	0	0
11	69923928	.	A	G	10	2	12	0	0	12	0	0
11	69923965	.	A	G	9	2	11	0	0	11	0	0
11	69926097	.	A	G	8	3	11	0	1	12	0	0
11	69926769	.	A	G	9	3	12	0	0	12	0	0
11	69926813	.	A	G	8	4	12	0	0	12	0	0
11	69926817	.	A	G	9	4	13	0	1	14	0	0
11	69927374	.	A	G	1	3	4	0	0	4	0	0
11	69927705	.	A	G	2	2	4	0	0	4	0	0
11	69927869	.	A	G	2	6	8	0	0	8	0	0
11	69927946	.	A	G	5	4	9	0	1	10	0	0
11	69927953	.	A	G	7	2	9	0	1	10	0	0
11	69928014	.	A	G	5	4	9	0	0	9	0	0
11	70500692	.	G	A	11	15	26	0	0	26	0	0
11	74747599	.	T	C	1	3	4	0	0	4	0	0
11	75067258	.	T	C	26	10	36	0	1	37	0	0
11	75068285	.	T	C	53	10	63	0	0	63	0	0
11	77184543	.	A	G	1	1	2	1	1	4	0	0
11	77184906	.	T	A	0	2	2	2	1	5	0	0
11	77426880	.	T	C	56	11	67	0	0	67	0	0
11	77600713	.	C	T	7	2	9	0	1	10	0	0
11	77600717	.	T	C	11	2	13	0	0	13	0	0
11	77601590	.	G	A	12	3	15	0	3	18	0	0
11	78184535	.	A	G	2	5	7	0	0	7	0	0
11	78187443	.	A	G	2	3	5	0	0	5	0	0
11	78216361	.	A	T	1	1	2	0	0	2	0	0
11	85082181	.	C	T	12	7	19	0	7	26	0	0
11	85082185	.	C	T	7	0	7	0	14	21	0	0
11	86391637	.	G	T	12	5	17	0	4	21	0	0
11	86521333	.	T	C	1	4	5	2	2	9	0	0
11	88927208	.	T	C	13	10	23	0	1	24	0	0
11	94431318	.	T	C	11	2	13	0	0	13	0	0
11	94431502	.	T	C	11	2	13	0	0	13	0	0
11	94432859	.	T	C	22	8	30	0	0	30	0	0
11	94953485	.	T	G	13	1	14	0	0	14	0	0
11	94953486	.	C	A	14	1	15	0	0	15	0	0
11	95962333	.	T	C	10	2	12	0	0	12	0	0
11	95962468	.	T	C	6	3	9	0	0	9	0	0
11	95962469	.	T	C	2	7	9	0	0	9	0	0
11	97535690	.	T	C	17	5	22	0	0	22	0	0
11	98094584	.	G	A	9	2	11	0	0	11	0	0
11	98794177	.	G	A	30	9	39	1	7	47	0	0
11	100330631	.	T	C	10	2	12	0	0	12	0	0
11	100488792	.	T	C	12	7	19	0	1	20	0	0
11	101089107	.	T	C	12	4	16	0	0	16	0	0
11	101089126	.	T	C	7	8	15	0	0	15	0	0
11	101089557	.	T	C	20	5	25	0	0	25	0	0
11	101089734	.	T	C	19	6	25	0	0	25	0	0
11	101089802	.	T	C	14	11	25	0	0	25	0	0
11	102053507	.	G	A	4	1	5	0	5	10	0	0
11	104220906	.	G	A	12	9	21	0	0	21	0	0
11	104220910	.	G	A	9	4	13	0	0	13	0	0
11	106047613	.	T	C	7	2	9	0	0	9	0	0
11	109464346	.	G	T	5	3	8	0	1	9	0	0
11	110964753	.	C	T	5	3	8	0	2	10	0	0
11	116471963	.	T	C	19	37	56	0	5	61	0	0
11	118377757	.	A	C	13	2	15	0	0	15	0	0
11	118377759	.	C	T	13	2	15	0	0	15	0	0
12	3454168	.	A	G	48	10	58	24	1	83	0	0
12	3454248	.	A	G	31	42	73	21	2	96	0	0
12	3925821	.	A	G	1	2	3	0	0	3	0	0
12	17479602	.	A	G	14	5	19	0	0	19	0	0
12	17479686	.	A	G	25	5	30	0	1	31	0	0
12	17479809	.	A	G	10	18	28	0	0	28	0	0
12	46747117	.	T	C	37	22	59	0	1	61	1	0
12	54718540	.	T	C	30	5	35	1	0	36	0	0
12	54719070	.	T	C	31	4	35	0	0	35	0	0
12	55102739	.	T	C	6	4	10	0	0	10	0	0
12	65091799	.	A	G	3	1	4	0	0	4	0	0
12	65091803	.	A	G	3	1	4	0	0	4	0	0
12	65114866	.	T	C	5	1	6	0	0	6	0	0
12	69236271	.	T	C	5	3	8	0	0	8	0	0
12	69244102	.	A	G	21	6	27	0	0	27	0	0
12	71009598	.	A	T	5	2	7	1	0	9	1	0
12	71009599	.	C	T	4	3	7	1	1	9	0	0
12	71041403	.	A	G	4	39	43	0	0	43	0	0
12	71041903	.	A	G	6	22	28	0	1	29	0	0
12	71041909	.	A	G	28	6	34	0	0	34	0	0
12	71041954	.	A	G	33	14	47	0	3	50	0	0
12	71041984	.	A	G	39	12	51	0	2	53	0	0
12	72844672	.	G	A	7	6	13	1	2	16	0	0
12	72953219	.	T	C	4	2	6	0	0	6	0	0
12	75677822	.	C	T	7	2	9	13	0	22	0	0
12	75677928	.	A	G	5	3	8	3	0	11	0	0
12	78730846	.	G	A	28	7	35	0	6	41	0	0
12	83684282	.	A	G	5	2	7	0	0	7	0	0
12	84056379	.	C	A	5	1	6	0	0	6	0	0
12	84092114	.	A	G	3	2	5	0	0	5	0	0
12	84092134	.	A	G	3	2	5	0	1	6	0	0
12	84305215	.	C	T	3	1	4	2	1	7	0	0
12	84305221	.	T	C	8	2	10	17	0	27	0	0
12	85159777	.	A	G	2	2	4	0	0	4	0	0
12	88337478	.	A	G	1	2	3	0	1	4	0	0
12	90300225	.	G	A	75	8	83	0	14	97	0	0
12	98949293	.	C	A	13	3	16	0	5	21	0	0
12	100410044	.	A	G	0	2	2	0	1	3	0	0
12	101887890	.	T	C	20	13	33	0	0	33	0	0
12	103381641	.	C	T	5	2	7	0	2	9	0	0
12	103381643	.	G	T	8	0	8	0	2	10	0	0
12	108171831	.	C	G	6	3	9	0	0	9	0	0
12	108572149	.	C	T	14	2	16	0	0	16	0	0
12	109552293	.	A	G	2	2	4	0	0	4	0	0
12	109706996	.	A	G	7	2	9	0	0	9	0	0
13	8901801	.	T	C	12	9	21	1	0	22	0	0
13	14189075	.	T	C	1	2	3	0	0	3	0	0
13	14225628	.	T	C	36	8	44	0	1	45	0	0
13	16205845	.	A	T	6	2	8	0	0	8	0	0
13	17978741	.	T	C	4	6	10	0	0	10	0	0
13	17978929	.	T	C	2	5	7	0	1	8	0	0
13	17979133	.	T	C	12	7	19	0	0	19	0	0
13	21574092	.	T	C	8	3	11	0	0	11	0	0
13	21574225	.	T	C	4	4	8	0	0	8	0	0
13	21576576	.	T	C	16	6	22	0	0	22	0	0
13	24998572	.	A	G	1	2	3	0	0	3	0	0
13	24999535	.	A	G	4	5	9	0	0	9	0	0
13	24999568	.	A	G	2	2	4	0	0	4	0	0
13	49684940	.	G	T	1	2	3	0	0	3	0	0
13	49685058	.	A	G	3	3	6	0	0	6	0	0
13	55745486	.	G	A	6	3	9	0	1	10	0	0
13	59757011	.	A	G	2	4	6	0	0	6	0	0
13	64438124	.	T	C	15	7	22	0	0	22	0	0
13	67621181	.	T	C	3	2	5	0	0	5	0	0
13	67621265	.	T	C	4	6	10	0	0	10	0	0
13	67621271	.	T	C	8	3	11	0	1	12	0	0
13	67621455	.	T	C	9	4	13	0	0	13	0	0
13	67621546	.	T	C	5	3	8	0	0	8	0	0
13	67807003	.	T	C	4	3	7	0	0	7	0	0
13	67807053	.	T	C	2	5	7	0	0	7	0	0
13	67807068	.	T	C	5	3	8	0	0	8	0	0
13	73663951	.	C	T	34	5	39	1	2	42	0	0
13	75793212	.	C	T	2	6	8	14	1	23	0	0
13	78383266	.	A	G	20	3	23	0	0	23	0	0
13	93431053	.	A	G	1	2	3	0	1	4	0	0
13	97594862	.	T	C	1	6	7	0	0	7	0	0
13	97594875	.	T	G	2	5	7	0	1	8	0	0
13	100839326	.	T	C	15	6	21	0	4	25	0	0
13	100839340	.	T	C	11	5	16	0	1	17	0	0
13	100839361	.	T	C	18	4	22	0	0	22	0	0
13	101820033	.	T	C	8	3	11	0	1	12	0	0
13	111883741	.	G	A	3	2	5	0	0	5	0	0
13	118515925	.	T	C	3	3	6	0	0	6	0	0
13	119625401	.	G	T	16	9	25	0	0	25	0	0
14	6229746	.	A	G	10	3	13	0	0	13	0	0
14	6229767	.	A	G	10	2	12	0	0	12	0	0
14	9647289	.	A	G	101	17	118	0	3	121	0	0
14	10058181	.	A	G	180	39	219	0	5	224	0	0
14	14533725	.	T	C	5	14	19	0	4	23	0	0
14	21846832	.	A	G	25	42	67	0	5	72	0	0
14	21846833	.	A	G	58	11	69	0	5	74	0	0
14	21847779	.	A	G	81	17	98	0	1	99	0	0
14	26381874	.	T	C	4	4	8	0	0	8	0	0
14	26381875	.	T	C	5	3	8	0	0	8	0	0
14	26382413	.	T	C	3	5	8	0	0	8	0	0
14	29762425	.	C	A	8	2	10	0	0	10	0	0
14	29788070	.	T	C	20	5	25	0	0	25	0	0
14	29788078	.	T	C	12	12	24	0	0	24	0	0
14	31422583	.	T	C	45	11	56	0	1	57	0	0
14	31422619	.	T	C	32	24	56	0	1	57	0	0
14	31422620	.	T	C	49	10	59	0	0	59	0	0
14	32018582	.	A	G	38	10	48	0	2	50	0	0
14	32298844	.	G	A	14	12	26	0	3	29	0	0
14	34396123	.	A	C	4	6	10	0	6	16	0	0
14	45372208	.	T	C	19	3	22	0	0	22	0	0
14	47558234	.	A	G	12	4	16	10	0	26	0	0
14	49246741	.	A	C	5	2	7	0	1	8	0	0
14	51013458	.	T	C	17	4	21	0	0	21	0	0
14	52530911	.	A	G	80	12	92	0	1	93	0	0
14	52531686	.	A	G	20	96	116	0	3	120	1	0
14	55749057	.	A	G	24	5	29	0	1	30	0	0
14	57035486	.	T	C	1	2	3	0	0	3	0	0
14	57875799	.	A	G	9	3	12	0	1	13	0	0
14	58064703	.	G	T	6	6	12	0	0	12	0	0
14	65291200	.	A	G	18	12	30	0	34	64	0	0
14	65434640	.	T	C	39	23	62	0	0	62	0	0
14	66208578	.	T	C	2	4	6	0	8	14	0	0
14	69486696	.	G	A	12	4	16	0	1	17	0	0
14	70900772	.	A	G	3	1	4	0	3	7	0	0
14	75957159	.	T	C	24	12	36	0	0	36	0	0
14	76653004	.	A	G	4	2	6	0	0	6	0	0
14	84681660	.	G	T	8	3	11	0	3	14	0	0
14	103584115	.	T	C	23	10	33	0	1	34	0	0
14	118470948	.	C	T	3	2	5	0	3	8	0	0
14	118470950	.	A	T	4	0	4	0	4	8	0	0
14	121273016	.	A	G	7	4	11	0	0	11	0	0
15	5150309	.	T	C	2	2	4	13	0	17	0	0
15	5247026	.	G	T	42	5	47	0	5	52	0	0
15	8187674	.	A	G	1	9	10	0	0	10	0	0
15	8188970	.	A	G	7	2	9	0	2	11	0	0
15	8188973	.	A	G	3	6	9	0	1	10	0	0
15	10493454	.	C	T	18	3	21	0	2	23	0	0
15	12185341	.	G	A	126	22	148	0	17	165	0	0
15	25972428	.	G	A	18	6	24	0	3	27	0	0
15	36235254	.	T	C	9	2	11	0	0	11	0	0
15	39545849	.	C	A	20	5	25	1	6	32	0	0
15	40967169	.	G	A	7	3	10	0	0	10	0	0
15	55118258	.	A	G	13	3	16	0	1	17	0	0
15	55118692	.	A	G	13	4	17	0	1	18	0	0
15	55118708	.	A	G	9	4	13	0	0	13	0	0
15	66158075	.	T	C	12	3	15	0	0	15	0	0
15	75525395	.	T	C	1	2	3	0	0	3	0	0
15	75951724	.	C	T	1	2	3	0	0	3	0	0
15	76794907	.	A	G	6	2	8	0	0	8	0	0
15	78900113	.	T	C	3	4	7	0	0	7	0	0
15	79791748	.	A	G	5	3	8	0	0	8	0	0
15	79791758	.	A	G	2	1	3	0	0	3	0	0
15	81339091	.	T	A	4	1	5	0	2	7	0	0
15	81339166	.	A	G	9	6	15	0	0	15	0	0
15	81341195	.	A	G	7	2	9	0	0	9	0	0
15	81799307	.	G	A	39	15	54	0	9	63	0	0
15	82015758	.	A	G	3	3	6	1	0	7	0	0
15	82015761	.	A	G	2	3	5	1	0	6	0	0
15	83542303	.	T	C	3	3	6	0	0	6	0	0
15	84750919	.	G	C	0	2	2	0	1	3	0	0
15	84836962	.	T	C	7	4	11	0	0	11	0	0
15	84836972	.	T	C	6	2	8	0	1	9	0	0
15	85740926	.	T	C	9	2	11	0	0	11	0	0
15	95117440	.	A	G	102	21	123	0	74	197	0	0
15	98634993	.	T	C	22	42	64	0	1	65	0	0
15	98730914	.	A	G	12	2	14	0	7	21	0	0
15	98731431	.	T	C	37	14	51	0	1	52	0	0
15	98932415	.	C	T	1	2	3	215	0	218	0	0
15	99368950	.	A	G	5	1	6	0	1	7	0	0
15	99369968	.	A	G	4	2	6	0	0	6	0	0
15	99626051	.	A	G	10	5	15	0	0	15	0	0
15	99626091	.	A	G	6	5	11	0	0	11	0	0
15	99627261	.	A	G	4	7	11	0	1	12	0	0
15	99627262	.	A	G	8	4	12	0	0	12	0	0
16	3675342	.	T	C	5	2	7	0	0	7	0	0
16	3680985	.	T	C	14	7	21	0	0	22	1	0
16	4138530	.	T	G	1	2	3	35	0	38	0	0
16	4444240	.	T	C	5	3	8	0	0	8	0	0
16	4444280	.	T	C	7	3	10	0	0	10	0	0
16	4604755	.	T	C	1	2	3	0	0	3	0	0
16	8674849	.	G	T	18	5	23	0	3	26	0	0
16	8674857	.	G	T	19	2	21	0	4	25	0	0
16	13520445	.	A	G	23	10	33	0	0	33	0	0
16	13650452	.	A	G	5	9	14	0	0	14	0	0
16	13651812	.	T	C	11	4	15	0	0	15	0	0
16	13927109	.	T	C	7	3	10	0	11	21	0	0
16	13927112	.	A	C	8	4	12	0	9	21	0	0
16	16844900	.	A	G	6	3	9	0	0	9	0	0
16	16844922	.	A	G	3	10	13	0	0	13	0	0
16	16844952	.	A	G	7	5	12	0	1	13	0	0
16	16866848	.	A	G	2	4	6	0	0	6	0	0
16	17321752	.	A	G	20	3	23	0	2	25	0	0
16	18653678	.	A	G	63	21	84	0	2	86	0	0
16	19942489	.	A	G	57	10	67	0	4	71	0	0
16	19942498	.	A	G	49	27	76	0	2	78	0	0
16	32119086	.	A	G	22	10	32	0	1	33	0	0
16	32119106	.	A	G	22	14	36	0	0	36	0	0
16	32119150	.	A	G	15	12	27	0	0	27	0	0
16	32209076	.	C	T	5	4	9	0	0	9	0	0
16	35749583	.	G	A	2	2	4	0	0	4	0	0
16	38319163	.	G	A	0	3	3	0	2	5	0	0
16	38319167	.	G	A	0	3	3	0	2	5	0	0
16	55722120	.	T	C	18	4	22	0	0	22	0	0
16	76086789	.	G	T	20	5	25	0	4	29	0	0
16	76086791	.	C	T	21	2	23	0	6	29	0	0
16	87230814	.	T	C	9	9	18	0	0	18	0	0
16	87231013	.	T	C	14	11	25	0	0	25	0	0
16	87737431	.	T	C	3	9	12	0	0	12	0	0
16	91452503	.	A	G	82	19	101	0	2	103	0	0
16	91453021	.	A	G	86	19	105	0	2	107	0	0
16	94267505	.	A	G	1	3	4	0	0	4	0	0
16	97867409	.	T	G	2	2	4	1	0	5	0	0
17	3094530	.	A	G	4	1	5	15	1	22	1	0
17	6172883	.	A	G	1	6	7	0	0	7	0	0
17	6173353	.	A	G	3	5	8	0	0	8	0	0
17	6330948	.	T	C	61	10	71	1	0	72	0	0
17	10429111	.	C	T	5	4	9	0	0	9	0	0
17	15741073	.	A	G	5	4	9	0	0	9	0	0
17	15742534	.	A	G	6	3	9	0	0	9	0	0
17	18050496	.	A	G	1	3	4	0	0	4	0	0
17	24395428	.	T	C	95	18	113	0	0	113	0	0
17	24395462	.	T	C	87	34	121	1	1	123	0	0
17	24395463	.	T	C	95	30	125	1	1	127	0	0
17	24397285	.	T	C	30	27	57	0	2	59	0	0
17	24397327	.	T	C	12	23	35	0	3	38	0	0
17	24442640	.	A	T	6	2	8	0	1	9	0	0
17	24940431	.	A	G	1	2	3	0	0	3	0	0
17	26234947	.	G	A	51	50	101	0	1	102	0	0
17	29521001	.	A	G	7	4	11	0	2	13	0	0
17	33015482	.	T	C	13	5	18	0	2	20	0	0
17	33034543	.	T	C	13	5	18	1	0	19	0	0
17	33038156	.	T	C	14	16	30	0	5	35	0	0
17	33038160	.	T	C	27	9	36	0	2	38	0	0
17	33552004	.	T	C	8	5	13	0	0	13	0	0
17	33906273	.	T	C	3	3	6	0	1	7	0	0
17	33966501	.	T	C	37	7	44	196	9	249	0	0
17	34147531	.	A	G	26	13	39	0	0	39	0	0
17	36168626	.	A	G	7	7	14	0	1	15	0	0
17	36168632	.	A	G	13	3	16	0	0	16	0	0
17	36169789	.	A	G	5	4	9	0	0	9	0	0
17	40158498	.	T	C	3926	5109	9035	3	211	9669	420	0
17	40159543	.	T	C	32	282	314	2	7	323	0	0
17	45973875	.	T	C	38	99	137	0	11	148	0	0
17	46727251	.	A	G	1	2	3	0	0	3	0	0
17	46727252	.	A	G	1	2	3	0	0	3	0	0
17	46765496	.	G	A	10	7	17	0	1	18	0	0
17	46810304	.	A	G	8	3	11	0	0	11	0	0
17	47085856	.	T	C	33	7	40	3	0	43	0	0
17	47085857	.	T	C	32	7	39	3	1	43	0	0
17	48235563	.	C	G	2	1	3	0	0	3	0	0
17	52166231	.	A	G	3	4	7	0	0	7	0	0
17	52166256	.	A	G	6	2	8	0	0	8	0	0
17	78683005	.	G	T	35	6	41	1	5	47	0	0
17	80352912	.	T	C	11	2	13	0	0	13	0	0
17	88797008	.	G	T	8	2	10	0	2	12	0	0
17	88797009	.	C	T	7	2	9	0	3	12	0	0
17	95067396	.	T	C	19	13	32	0	1	33	0	0
17	95067479	.	T	C	23	26	49	0	0	49	0	0
17	95123375	.	T	C	4	1	5	1	2	8	0	0
18	6792650	.	A	G	33	7	40	0	2	42	0	0
18	6792802	.	A	G	37	7	44	0	0	44	0	0
18	6793746	.	A	G	23	8	31	0	0	31	0	0
18	6793749	.	A	G	25	6	31	0	1	32	0	0
18	6793851	.	A	G	23	9	32	0	0	32	0	0
18	13821604	.	C	T	4	2	6	0	0	6	0	0
18	16941584	.	T	A	4	2	6	0	0	6	0	0
18	20815881	.	T	G	8	2	10	5	0	17	2	0
18	22525883	.	T	G	4	2	6	0	0	6	0	0
18	22661804	.	T	C	9	3	12	0	0	12	0	0
18	24097953	.	A	G	8	2	10	0	0	10	0	0
18	24098289	.	A	G	8	5	13	0	0	13	0	0
18	24098456	.	A	G	10	2	12	0	0	12	0	0
18	24098457	.	A	G	8	4	12	0	0	12	0	0
18	32232655	.	A	G	15	3	18	0	0	18	0	0
18	32234467	.	T	C	9	2	11	0	1	12	0	0
18	32235557	.	A	G	13	6	19	0	0	19	0	0
18	32235928	.	A	G	7	5	12	0	0	12	0	0
18	32235930	.	A	G	2	9	11	0	0	11	0	0
18	32236019	.	A	G	8	5	13	0	0	13	0	0
18	32329954	.	G	A	2	2	4	0	0	4	0	0
18	34998034	.	G	A	4	3	7	0	0	7	0	0
18	35741351	.	A	G	25	5	30	0	0	30	0	0
18	35743341	.	A	G	14	6	20	0	0	20	0	0
18	35935410	.	A	G	5	2	7	0	2	9	0	0
18	35942372	.	A	G	9	2	11	0	0	11	0	0
18	37065213	.	A	T	1	1	2	0	1	3	0	0
18	37102512	.	T	C	8	2	10	1	0	11	0	0
18	37625267	.	C	T	3	2	5	0	0	5	0	0
18	37865279	.	C	T	2	2	4	0	0	4	0	0
18	38437194	.	A	G	1	3	4	0	0	4	0	0
18	38596772	.	A	G	2	2	4	0	0	4	0	0
18	42472230	.	A	C	4	3	7	0	3	10	0	0
18	42472236	.	A	C	4	2	6	0	1	7	0	0
18	57089644	.	T	C	7	2	9	0	0	9	0	0
18	57090012	.	T	C	2	14	16	0	0	16	0	0
18	57523016	.	G	T	2	1	3	0	2	5	0	0
18	61328635	.	T	C	4	2	6	0	0	6	0	0
18	62794785	.	A	G	2	4	6	0	0	6	0	0
18	65610148	.	A	G	5	2	7	0	0	7	0	0
18	65610162	.	A	G	7	4	11	0	0	11	0	0
18	68396817	.	G	A	8	2	10	0	0	10	0	0
18	77028367	.	C	A	30	11	41	0	18	59	0	0
18	77061687	.	A	G	16	3	19	0	2	21	0	0
18	81012170	.	T	C	4	1	5	0	1	6	0	0
18	84966131	.	C	T	5	2	7	0	0	7	0	0
19	3916385	.	A	G	15	4	19	0	0	19	0	0
19	3940459	.	A	G	2	2	4	0	0	4	0	0
19	3940464	.	A	G	1	3	4	0	0	4	0	0
19	4324082	.	T	C	3	2	5	0	0	5	0	0
19	4324083	.	T	C	3	2	5	0	0	5	0	0
19	4368397	.	A	G	9	4	13	0	7	20	0	0
19	4811022	.	T	C	6	2	8	0	1	9	0	0
19	4811061	.	T	C	6	3	9	0	0	9	0	0
19	4811088	.	T	C	7	2	9	0	0	9	0	0
19	4811133	.	T	C	6	5	11	0	0	11	0	0
19	4813117	.	T	C	5	3	8	0	0	8	0	0
19	4813159	.	T	C	4	7	11	0	0	11	0	0
19	4841432	.	T	C	6	2	8	0	0	8	0	0
19	5016322	.	A	G	4	5	9	0	0	9	0	0
19	5465656	.	A	G	10	2	12	0	0	12	0	0
19	6895783	.	T	C	3	4	7	0	0	7	0	0
19	7511659	.	T	G	8	4	12	0	4	16	0	0
19	8868268	.	A	G	6	2	8	0	0	8	0	0
19	8900145	.	A	G	3	5	8	0	0	8	0	0
19	10223060	.	T	C	55	87	142	0	1	143	0	0
19	10566002	.	A	G	13	3	16	0	0	16	0	0
19	10883532	.	G	A	4	2	6	0	1	7	0	0
19	10885930	.	A	G	1	2	3	0	0	3	0	0
19	16255599	.	A	C	1	5	6	0	1	7	0	0
19	16255683	.	T	C	1	8	9	0	1	10	0	0
19	28995964	.	A	G	27	4	31	0	1	32	0	0
19	38776795	.	T	C	11	2	13	0	1	14	0	0
19	41818939	.	A	G	12	4	16	0	0	16	0	0
19	42181806	.	A	C	10	5	15	0	3	18	0	0
19	43429601	.	A	G	21	6	27	0	1	28	0	0
19	43429686	.	A	G	39	14	53	0	2	55	0	0
19	43429753	.	A	G	33	9	42	0	1	43	0	0
19	43838666	.	T	C	9	2	11	0	0	11	0	0
19	43838667	.	C	T	8	2	10	0	0	10	0	0
19	44993669	.	T	C	47	7	54	0	0	54	0	0
19	44993727	.	T	C	51	10	61	0	2	63	0	0
19	46269407	.	A	G	5	2	7	0	1	8	0	0
19	47030702	.	G	T	6	2	8	0	1	9	0	0
19	59891374	.	A	G	7	3	10	0	0	10	0	0
2	11413898	.	T	C	2	1	3	2	1	6	0	0
2	14152459	.	G	A	7	3	10	0	0	10	0	0
2	14153492	.	A	G	6	19	25	0	1	26	0	0
2	14153493	.	A	G	5	21	26	0	0	26	0	0
2	14153560	.	A	G	4	9	13	0	0	13	0	0
2	14153568	.	A	G	4	7	11	0	0	11	0	0
2	18219466	.	T	C	10	6	16	0	1	17	0	0
2	18219472	.	T	C	10	7	17	0	0	17	0	0
2	18219547	.	T	C	17	4	21	0	1	22	0	0
2	18220205	.	T	C	16	4	20	0	1	21	0	0
2	22477570	.	T	C	1	5	6	23	1	30	0	0
2	22479347	.	A	G	4	2	6	14	22	42	0	0
2	26271752	.	A	G	3	5	8	0	0	8	0	0
2	26271758	.	A	G	4	3	7	0	1	8	0	0
2	26800818	.	C	T	13	4	17	4	0	21	0	0
2	26846568	.	T	C	14	4	18	0	0	18	0	0
2	27153718	.	T	C	9	3	12	0	0	12	0	0
2	29961694	.	C	T	16	21	37	4	13	54	0	0
2	30920944	.	T	C	24	5	29	0	0	29	0	0
2	30920955	.	T	C	32	5	37	0	0	37	0	0
2	31185481	.	T	A	23	5	28	0	0	28	0	0
2	31937444	.	A	G	27	7	34	0	0	34	0	0
2	32173831	.	T	C	5	1	6	0	0	6	0	0
2	32173838	.	T	C	3	2	5	0	0	5	0	0
2	32196762	.	A	G	79	16	95	0	0	95	0	0
2	32506353	.	A	G	1	4	5	0	0	5	0	0
2	32892089	.	T	C	1	3	4	0	0	4	0	0
2	32911458	.	T	C	3	2	5	2	0	7	0	0
2	38901977	.	A	G	9	4	13	0	0	13	0	0
2	38901995	.	A	G	12	3	15	0	0	15	0	0
2	38964853	.	G	T	8	2	10	0	0	10	0	0
2	49198543	.	T	C	3	8	11	17	1	29	0	0
2	49198973	.	T	C	2	5	7	10	1	18	0	0
2	49199137	.	T	C	5	2	7	177	1	185	0	0
2	50082793	.	G	A	19	4	23	0	4	27	0	0
2	50082797	.	G	A	19	6	25	0	3	28	0	0
2	58161834	.	C	T	3	2	5	0	2	7	0	0
2	58161835	.	A	T	3	1	4	0	3	7	0	0
2	60037111	.	A	G	5	2	7	0	1	8	0	0
2	69479613	.	A	G	1	2	3	0	0	3	0	0
2	73454301	.	T	C	3	2	5	0	0	5	0	0
2	77012350	.	A	C	17	3	20	0	6	26	0	0
2	77012356	.	A	C	17	6	23	0	2	25	0	0
2	91064732	.	T	C	6	2	8	0	1	9	0	0
2	91064743	.	T	C	5	3	8	0	0	8	0	0
2	92191990	.	C	A	18	4	22	0	5	27	0	0
2	92445495	.	C	A	39	11	50	0	27	77	0	0
2	104511117	.	T	C	31	18	49	0	1	50	0	0
2	104511430	.	T	C	25	4	29	0	0	29	0	0
2	112186230	.	A	G	2	4	6	0	1	7	0	0
2	113544650	.	A	G	13	2	15	0	0	15	0	0
2	113544653	.	A	G	12	2	14	0	0	14	0	0
2	115895889	.	T	C	11	3	14	0	3	17	0	0
2	118700340	.	A	G	8	9	17	0	0	17	0	0
2	118700801	.	A	G	5	5	10	0	0	10	0	0
2	119481395	.	T	C	3	2	5	0	0	5	0	0
2	119565866	.	T	C	4	2	6	0	0	6	0	0
2	120451649	.	A	G	24	11	35	1	0	36	0	0
2	120564258	.	T	C	38	30	68	0	0	68	0	0
2	121001218	.	C	T	5	2	7	0	1	8	0	0
2	126733408	.	T	C	8	4	12	0	0	12	0	0
2	126734766	.	T	C	7	6	13	0	3	16	0	0
2	126734785	.	T	C	8	9	17	0	0	17	0	0
2	126756852	.	T	C	2	6	8	0	0	8	0	0
2	126756857	.	T	C	1	7	8	0	0	8	0	0
2	126758097	.	T	C	4	3	7	0	1	8	0	0
2	130397804	.	A	G	7	3	10	0	0	10	0	0
2	130397819	.	A	G	5	3	8	0	1	9	0	0
2	130410093	.	A	G	3	3	6	0	1	7	0	0
2	132151800	.	A	G	71	388	459	0	6	465	0	0
2	132153961	.	C	A	6	2	8	0	0	8	0	0
2	132153962	.	T	A	5	2	7	0	0	7	0	0
2	132636996	.	C	A	3	3	6	0	0	6	0	0
2	135911813	.	G	A	3	5	8	0	2	10	0	0
2	145702229	.	A	C	1	3	4	0	0	4	0	0
2	147132267	.	A	G	1	2	3	0	0	3	0	0
2	147132278	.	T	C	1	2	3	0	0	3	0	0
2	149585919	.	C	T	1	1	2	0	3	5	0	0
2	151936269	.	A	G	23	4	27	0	0	27	0	0
2	153108264	.	A	G	13	3	16	0	0	16	0	0
2	153460135	.	T	C	21	4	25	0	1	26	0	0
2	153460309	.	T	C	6	5	11	0	0	11	0	0
2	153610283	.	G	A	19	10	29	0	6	35	0	0
2	154379850	.	A	G	48	15	63	0	1	64	0	0
2	157400030	.	T	C	106	17	123	3	2	128	0	0
2	157400060	.	T	C	80	33	113	0	2	115	0	0
2	157400069	.	T	C	68	34	102	0	1	103	0	0
2	158219451	.	A	G	11	4	15	0	0	15	0	0
2	158220838	.	A	G	18	7	25	0	0	25	0	0
2	158225545	.	A	G	502	95	597	0	4	601	0	0
2	158226873	.	A	G	104	501	605	1	29	635	0	0
2	163309459	.	T	C	10	10	20	0	0	20	0	0
2	163310364	.	T	C	23	4	27	0	1	28	0	0
2	164953773	.	T	C	50	11	61	0	0	61	0	0
2	169913263	.	A	G	6	3	9	0	0	9	0	0
2	169913325	.	A	G	2	2	4	0	1	5	0	0
2	169913421	.	A	G	7	2	9	0	1	10	0	0
2	174169694	.	A	G	103	21	124	2	4	130	0	0
2	174269286	.	G	A	9	2	11	0	0	11	0	0
2	174549533	.	G	C	1	1	2	0	3	5	0	0
2	181229344	.	T	C	1	3	4	0	0	4	0	0
3	9346641	.	C	T	6	2	8	0	2	10	0	0
3	9346642	.	A	T	7	1	8	0	2	10	0	0
3	19278361	.	T	C	4	3	7	0	0	7	0	0
3	32615620	.	A	G	59	17	76	0	0	76	0	0
3	32615624	.	C	T	55	25	80	0	4	84	0	0
3	40748383	.	G	A	15	3	18	5	4	27	0	0
3	40819073	.	T	C	3	2	5	0	0	5	0	0
3	51323504	.	T	G	6	1	7	0	8	15	0	0
3	65866428	.	A	G	4	2	6	0	1	7	0	0
3	76389650	.	G	A	8	2	10	0	0	10	0	0
3	80599593	.	T	C	131	267	398	4	1	403	0	0
3	80613850	.	T	C	33	7	40	0	1	41	0	0
3	80614159	.	T	C	18	15	33	0	0	33	0	0
3	80614215	.	T	C	308	181	489	0	3	492	0	0
3	85463819	.	T	C	6	4	10	0	0	10	0	0
3	88079367	.	G	A	13	3	16	0	3	19	0	0
3	88259488	.	A	G	4	8	12	0	0	12	0	0
3	88259498	.	A	G	2	11	13	0	0	13	0	0
3	88259542	.	A	G	14	5	19	0	1	20	0	0
3	88259584	.	A	G	11	4	15	0	1	16	0	0
3	88259907	.	A	G	5	5	10	0	0	10	0	0
3	88445018	.	T	C	3	2	5	0	0	5	0	0
3	89076910	.	A	C	1	3	4	0	1	5	0	0
3	89153163	.	G	A	12	2	14	0	0	14	0	0
3	89308428	.	T	C	4	3	7	0	0	7	0	0
3	89675221	.	T	C	16	3	19	0	0	19	0	0
3	89967705	.	A	G	7	4	11	0	0	11	0	0
3	89967924	.	A	G	3	6	9	0	1	10	0	0
3	89967938	.	A	G	8	4	12	0	0	12	0	0
3	94794244	.	T	A	14	5	19	0	0	19	0	0
3	94794245	.	G	A	13	5	18	0	0	18	0	0
3	95051811	.	T	C	2	2	4	0	1	5	0	0
3	95090814	.	T	C	13	2	15	0	1	16	0	0
3	95090872	.	T	C	7	3	10	0	0	10	0	0
3	95090893	.	T	C	4	3	7	0	0	7	0	0
3	96539776	.	A	G	8	35	43	0	0	43	0	0
3	96540029	.	A	G	35	11	46	0	5	51	0	0
3	99124661	.	A	G	10	3	13	0	1	14	0	0
3	102973406	.	A	G	37	9	46	0	2	48	0	0
3	104835351	.	A	G	6	6	12	0	0	12	0	0
3	104835352	.	A	G	8	4	12	0	0	12	0	0
3	110050717	.	C	T	4	3	7	0	1	8	0	0
3	116537733	.	T	C	20	6	26	0	0	26	0	0
3	116537746	.	T	C	16	4	20	0	2	22	0	0
3	116538322	.	T	C	23	5	28	0	0	28	0	0
3	116538330	.	T	C	16	14	30	0	1	31	0	0
3	122346006	.	G	A	3	2	5	0	7	12	0	0
3	135112631	.	T	C	78	13	91	0	0	91	0	0
3	135113442	.	G	A	19	1	20	0	7	27	0	0
3	143894308	.	C	T	6	3	9	0	0	9	0	0
3	146435333	.	A	T	4	4	8	0	0	8	0	0
3	152494629	.	T	C	11	3	14	0	0	14	0	0
4	11549972	.	G	T	4	1	5	0	1	6	0	0
4	11549974	.	A	T	4	2	6	0	0	6	0	0
4	13892199	.	C	T	6	4	10	0	2	12	0	0
4	13892206	.	C	T	8	3	11	0	3	14	0	0
4	21749705	.	G	T	11	3	14	0	0	14	0	0
4	21749706	.	C	T	11	3	14	0	1	15	0	0
4	21834791	.	A	G	10	10	20	0	0	20	0	0
4	21836550	.	A	G	46	17	63	0	0	63	0	0
4	21836592	.	A	G	40	7	47	2	1	50	0	0
4	21911667	.	A	G	5	11	16	0	0	16	0	0
4	21911675	.	A	G	6	9	15	0	0	15	0	0
4	24616885	.	A	G	7	2	9	0	0	9	0	0
4	33019420	.	A	G	91	35	126	0	2	128	0	0
4	33020417	.	A	G	81	67	148	0	1	149	0	0
4	40727083	.	A	T	1	1	2	0	3	5	0	0
4	41518514	.	T	C	254	43	297	0	10	307	0	0
4	46538360	.	A	G	24	7	31	0	9	40	0	0
4	48392684	.	T	C	7	2	9	0	0	9	0	0
4	56870174	.	T	C	9	8	17	0	0	17	0	0
4	56870260	.	T	C	6	5	11	0	0	11	0	0
4	56870267	.	T	C	10	4	14	0	0	14	0	0
4	62342224	.	A	G	14	5	19	0	0	19	0	0
4	62370986	.	T	C	3	3	6	0	0	6	0	0
4	69844043	.	C	T	1	3	4	16	0	20	0	0
4	87951379	.	T	C	5	2	7	0	2	9	0	0
4	87951385	.	G	C	3	3	6	0	1	7	0	0
4	93222693	.	A	G	5	2	7	0	6	13	0	0
4	94388701	.	C	T	3	2	5	0	0	5	0	0
4	94388705	.	A	T	4	1	5	0	1	6	0	0
4	94834227	.	G	A	2	3	5	0	0	5	0	0
4	103021785	.	A	C	13	3	16	0	5	21	0	0
4	103021791	.	A	C	7	3	10	0	2	12	0	0
4	108198313	.	A	G	6	14	20	0	0	20	0	0
4	108198318	.	A	G	18	4	22	0	0	22	0	0
4	115991567	.	T	C	31	6	37	0	1	38	0	0
4	116944386	.	A	G	2	2	4	0	0	4	0	0
4	118484005	.	A	G	10	29	39	0	0	39	0	0
4	118484020	.	A	G	21	7	28	0	5	33	0	0
4	119135361	.	C	T	45	35	80	0	25	105	0	0
4	119993583	.	T	C	13	7	20	0	1	21	0	0
4	119993589	.	T	C	13	6	19	0	0	19	0	0
4	123631717	.	T	C	6	3	9	0	1	10	0	0
4	123631718	.	T	C	7	2	9	0	1	10	0	0
4	124832810	.	A	G	2	2	4	0	0	4	0	0
4	124837078	.	A	G	12	5	17	0	1	18	0	0
4	124837081	.	A	G	12	4	16	0	1	17	0	0
4	124838094	.	A	G	18	12	30	0	0	30	0	0
4	124838169	.	A	G	14	4	18	0	0	18	0	0
4	125982989	.	A	G	12	3	15	0	0	15	0	0
4	125985005	.	A	G	9	2	11	0	2	13	0	0
4	125985112	.	A	G	12	3	15	0	1	16	0	0
4	126929461	.	G	T	36	7	43	2	4	49	0	0
4	131525586	.	C	G	5	2	7	0	0	7	0	0
4	131679966	.	T	C	25	5	30	0	0	30	0	0
4	131839535	.	T	C	22	5	27	0	0	27	0	0
4	132054475	.	T	C	1	2	3	0	0	3	0	0
4	132510037	.	A	G	1	2	3	0	1	4	0	0
4	133389520	.	T	C	6	2	8	0	0	8	0	0
4	133389522	.	T	C	6	2	8	0	0	8	0	0
4	137987354	.	A	G	89	26	115	1	0	116	0	0
4	137987438	.	A	G	107	19	126	0	4	130	0	0
4	139376720	.	A	C	9	2	11	0	8	19	0	0
4	139376726	.	A	C	8	5	13	0	3	16	0	0
4	140678893	.	A	G	19	8	27	1	1	29	0	0
4	141758338	.	A	G	1	2	3	0	0	3	0	0
4	147907775	.	T	C	4	2	6	0	0	6	0	0
4	147907819	.	T	C	11	3	14	0	0	14	0	0
4	147907821	.	T	C	9	3	12	0	2	14	0	0
4	148088746	.	A	G	9	2	11	0	1	12	0	0
4	149203211	.	A	G	17	11	28	0	1	29	0	0
4	150986133	.	T	C	4	2	6	0	0	6	0	0
4	155686196	.	G	T	2	2	4	0	0	4	0	0
4	155706828	.	A	G	24	8	32	1	4	37	0	0
4	155800935	.	A	G	4	5	9	0	1	10	0	0
4	156095123	.	A	G	88	55	143	0	5	148	0	0
4	156105693	.	T	C	4	5	9	0	0	9	0	0
4	156105697	.	T	C	6	3	9	0	0	9	0	0
4	156294088	.	A	G	9	2	11	0	0	11	0	0
5	5833442	.	T	C	1	3	4	4	0	8	0	0
5	22733550	.	C	T	2	4	6	5	0	11	0	0
5	22930156	.	A	G	0	2	2	7	1	10	0	0
5	22930418	.	A	G	0	2	2	1	1	4	0	0
5	22930423	.	T	C	2	4	6	1	0	7	0	0
5	24649804	.	T	C	5	35	40	1	0	41	0	0
5	24649822	.	T	C	28	9	37	1	0	38	0	0
5	25430779	.	A	G	9	5	14	0	0	14	0	0
5	30780634	.	C	T	11	6	17	0	0	17	0	0
5	31330824	.	T	C	7	9	16	0	0	16	0	0
5	31611841	.	A	G	1	2	3	0	0	3	0	0
5	33149571	.	A	G	8	3	11	0	0	11	0	0
5	33149942	.	A	G	13	5	18	0	0	18	0	0
5	33149943	.	A	G	11	7	18	0	0	18	0	0
5	33572684	.	A	G	5	4	9	0	0	9	0	0
5	33573262	.	A	G	4	4	8	0	0	8	0	0
5	33573281	.	A	G	2	5	7	0	0	7	0	0
5	33573900	.	A	G	2	4	6	0	0	6	0	0
5	33575654	.	A	G	6	2	8	0	0	8	0	0
5	34333308	.	C	T	28	7	35	0	1	36	0	0
5	34333313	.	C	T	31	4	35	0	2	38	1	0
5	36159635	.	A	G	13	2	15	0	0	15	0	0
5	45891770	.	A	C	6	1	7	0	1	8	0	0
5	65605388	.	T	C	53	27	80	0	3	83	0	0
5	65605389	.	T	C	49	31	80	0	2	82	0	0
5	73469787	.	A	G	85	23	108	1	4	113	0	0
5	77555578	.	T	C	9	18	27	0	0	27	0	0
5	99079587	.	A	G	2	2	4	0	0	4	0	0
5	99079589	.	G	A	2	2	4	0	0	4	0	0
5	104137641	.	A	G	3	2	5	0	0	5	0	0
5	104652843	.	A	G	25	4	29	0	0	29	0	0
5	110081429	.	C	T	3	4	7	0	1	8	0	0
5	110081431	.	C	T	4	3	7	0	2	9	0	0
5	114079637	.	C	A	12	1	13	0	2	15	0	0
5	114079642	.	C	A	10	2	12	0	3	15	0	0
5	115306770	.	A	T	34	9	43	0	9	52	0	0
5	115435667	.	T	C	19	5	24	0	1	25	0	0
5	117907629	.	G	T	12	3	15	0	0	15	0	0
5	121683725	.	T	C	8	3	11	0	0	11	0	0
5	122872763	.	T	C	22	5	27	0	0	27	0	0
5	123168115	.	A	T	5	2	7	0	0	7	0	0
5	123386729	.	A	G	25	18	43	0	2	45	0	0
5	123880062	.	T	C	4	3	7	0	1	8	0	0
5	123880129	.	T	C	1	3	4	0	0	4	0	0
5	123880130	.	T	C	1	3	4	0	0	4	0	0
5	124392894	.	A	G	10	3	13	0	0	13	0	0
5	125533669	.	A	G	36	89	125	0	0	125	0	0
5	125533687	.	A	G	98	19	117	0	1	118	0	0
5	125533970	.	A	G	51	18	69	0	1	70	0	0
5	125533971	.	A	G	52	14	66	0	4	70	0	0
5	125534541	.	A	G	71	47	118	0	1	119	0	0
5	129797823	.	A	G	13	13	26	0	3	29	0	0
5	129798517	.	A	G	14	9	23	0	0	23	0	0
5	130014307	.	A	G	67	12	79	0	3	82	0	0
5	134623053	.	C	T	2	1	3	0	0	3	0	0
5	135193588	.	A	G	1	3	4	0	0	4	0	0
5	135193855	.	A	G	1	2	3	0	0	3	0	0
5	135437709	.	T	C	19	6	25	0	1	26	0	0
5	135665678	.	A	G	3	2	5	0	0	5	0	0
5	136941953	.	A	G	73	19	92	0	3	95	0	0
5	137336165	.	T	C	2	4	6	0	0	6	0	0
5	142655030	.	A	G	108	19	127	0	0	127	0	0
5	142655047	.	A	G	80	38	118	0	2	120	0	0
5	142856760	.	T	C	25	8	33	0	1	34	0	0
5	143751066	.	A	G	15	5	20	0	0	20	0	0
5	145045567	.	C	A	1	3	4	0	0	4	0	0
5	148250904	.	G	A	20	4	24	0	6	30	0	0
5	150561734	.	T	C	8	4	12	0	0	12	0	0
5	150573404	.	T	C	3	2	5	0	0	5	0	0
6	6877975	.	T	G	6	2	8	0	2	10	0	0
6	29714065	.	A	G	1	4	5	0	0	5	0	0
6	29866644	.	G	C	3	2	5	0	0	5	0	0
6	31492600	.	A	G	19	4	23	0	3	26	0	0
6	31492602	.	A	G	15	8	23	0	4	27	0	0
6	34999267	.	G	A	10	2	12	0	1	13	0	0
6	37847782	.	A	G	7	4	11	0	0	11	0	0
6	38480039	.	G	C	12	2	14	0	0	14	0	0
6	39312088	.	T	C	41	9	50	0	1	51	0	0
6	39312096	.	T	C	38	9	47	0	0	47	0	0
6	39584626	.	G	A	6	8	14	0	8	22	0	0
6	47773202	.	G	A	4	2	6	0	6	12	0	0
6	47848349	.	A	G	9	10	19	0	0	19	0	0
6	47848373	.	A	G	6	10	16	0	0	16	0	0
6	47848778	.	A	G	13	2	15	0	0	15	0	0
6	47848860	.	A	G	12	4	16	0	0	16	0	0
6	47927977	.	A	G	1	2	3	0	0	3	0	0
6	48375235	.	A	G	6	3	9	0	0	9	0	0
6	49231812	.	T	C	14	8	22	0	5	27	0	0
6	49233358	.	T	C	13	3	16	0	0	16	0	0
6	49237955	.	T	C	15	5	20	0	1	21	0	0
6	49237956	.	T	C	14	5	19	0	1	20	0	0
6	51445973	.	A	C	3	2	5	0	1	6	0	0
6	57512427	.	T	A	10	3	13	0	1	14	0	0
6	59326655	.	C	T	7	2	9	0	0	9	0	0
6	65684844	.	A	G	10	2	12	0	0	12	0	0
6	66517254	.	A	G	6	3	9	0	0	9	0	0
6	66517625	.	A	G	9	16	25	0	0	25	0	0
6	66517635	.	A	G	16	5	21	0	0	21	0	0
6	66517724	.	A	G	8	2	10	0	0	10	0	0
6	66517737	.	A	G	11	3	14	0	0	14	0	0
6	66517775	.	A	G	11	2	13	0	0	13	0	0
6	67273501	.	A	G	3	2	5	0	0	5	0	0
6	67273592	.	A	G	5	2	7	0	0	7	0	0
6	71841048	.	A	G	5	2	7	0	0	7	0	0
6	86391922	.	A	G	3	3	6	0	0	6	0	0
6	86393034	.	A	G	3	2	5	0	0	5	0	0
6	86393045	.	A	G	1	3	4	0	0	4	0	0
6	87791783	.	T	C	10	2	12	0	0	12	0	0
6	87890574	.	G	A	1	3	4	0	0	4	0	0
6	89293489	.	T	G	26	6	32	0	3	35	0	0
6	89293495	.	T	G	28	6	34	0	6	40	0	0
6	93659033	.	G	T	9	4	13	0	1	14	0	0
6	96010183	.	T	C	3	2	5	1	0	6	0	0
6	96010286	.	T	C	2	3	5	1	0	6	0	0
6	96010290	.	A	G	3	2	5	1	0	6	0	0
6	106095746	.	T	A	1	1	2	0	1	3	0	0
6	108117353	.	C	T	1	1	2	10	0	12	0	0
6	110617307	.	T	C	1	2	3	0	0	3	0	0
6	113266028	.	A	G	8	2	10	0	0	10	0	0
6	115229054	.	G	A	1	1	2	0	2	4	0	0
6	115229055	.	C	A	3	1	4	0	2	6	0	0
6	116611732	.	A	G	4	1	5	0	1	6	0	0
6	120490057	.	T	C	1	2	3	0	0	3	0	0
6	122715556	.	T	C	1	5	6	0	0	6	0	0
6	122715558	.	T	C	2	3	5	0	0	5	0	0
6	124716624	.	T	C	6	4	10	0	0	10	0	0
6	124716628	.	T	C	4	6	10	0	0	10	0	0
6	124717185	.	T	C	9	2	11	0	1	12	0	0
6	124787015	.	A	G	1	9	10	0	1	11	0	0
6	124787022	.	T	G	0	10	10	0	0	10	0	0
6	125218437	.	A	G	1	2	3	0	0	3	0	0
6	126619121	.	T	C	90	55	145	0	4	149	0	0
6	146733366	.	A	G	1	4	5	0	0	5	0	0
6	146734966	.	T	C	4	2	6	0	0	6	0	0
6	149236756	.	A	G	11	3	14	0	1	15	0	0
7	4429824	.	G	A	1	3	4	0	3	7	0	0
7	4429826	.	T	A	1	3	4	0	3	7	0	0
7	6193983	.	C	T	5	1	6	0	3	9	0	0
7	6193984	.	C	T	5	0	5	0	4	9	0	0
7	6357880	.	A	G	5	5	10	0	0	10	0	0
7	6432588	.	A	G	14	10	24	0	0	24	0	0
7	6432591	.	A	G	12	7	19	0	2	21	0	0
7	6433499	.	A	G	18	3	21	0	0	21	0	0
7	6967909	.	A	G	8	5	13	0	0	13	0	0
7	6967948	.	A	G	3	8	11	1	0	12	0	0
7	6968013	.	A	G	8	6	14	0	0	14	0	0
7	6968063	.	T	G	8	7	15	1	0	16	0	0
7	6969511	.	A	G	17	7	24	0	1	25	0	0
7	6969513	.	A	G	5	20	25	0	0	25	0	0
7	7293700	.	T	C	1	10	11	0	0	11	0	0
7	12706157	.	A	G	11	4	15	0	0	15	0	0
7	12707543	.	A	G	7	4	11	0	0	11	0	0
7	12707548	.	A	G	8	3	11	0	0	11	0	0
7	15683816	.	A	G	4	2	6	0	0	6	0	0
7	16544242	.	C	T	0	14	14	0	0	14	0	0
7	16619272	.	A	G	11	46	57	0	2	59	0	0
7	16619450	.	A	G	9	2	11	0	0	11	0	0
7	16619714	.	A	G	72	27	99	0	0	99	0	0
7	16731172	.	A	C	1	2	3	0	0	3	0	0
7	18696483	.	T	C	28	35	63	0	4	67	0	0
7	18697192	.	C	T	4	33	37	0	9	46	0	0
7	18873686	.	T	C	13	3	16	0	0	16	0	0
7	18873733	.	T	C	9	4	13	0	0	13	0	0
7	19086180	.	G	T	1	2	3	0	1	4	0	0
7	19638449	.	T	A	3	6	9	0	0	9	0	0
7	19638461	.	T	A	3	4	7	0	0	7	0	0
7	23840076	.	G	A	1	13	14	0	0	14	0	0
7	23875550	.	C	T	1	4	5	2	0	7	0	0
7	23974961	.	C	T	1	2	3	10	0	13	0	0
7	23975294	.	A	G	3	3	6	3	0	9	0	0
7	24710068	.	T	C	100	33	133	0	2	135	0	0
7	24710075	.	T	C	88	33	121	0	6	127	0	0
7	24771992	.	T	C	4	7	11	0	7	18	0	0
7	26904993	.	A	G	2	10	12	0	0	12	0	0
7	26905060	.	A	G	6	3	9	0	0	9	0	0
7	27226586	.	T	C	77	12	89	0	1	90	0	0
7	27227593	.	T	C	77	11	88	0	0	88	0	0
7	27506640	.	C	T	8	3	11	7	0	18	0	0
7	27506642	.	G	A	8	3	11	8	0	19	0	0
7	27520956	.	A	G	16	9	25	0	0	25	0	0
7	27521368	.	A	G	9	2	11	0	0	11	0	0
7	27663507	.	T	C	1	2	3	2	1	6	0	0
7	27663837	.	A	G	3	6	9	1	0	10	0	0
7	27707852	.	G	A	6	2	8	1	0	9	0	0
7	27707853	.	T	C	6	2	8	1	0	9	0	0
7	28922523	.	T	C	3	3	6	0	1	7	0	0
7	28922570	.	T	C	6	2	8	0	0	8	0	0
7	34746035	.	T	C	7	2	9	0	0	9	0	0
7	43174475	.	A	G	3	2	5	0	0	5	0	0
7	43174884	.	T	C	4	2	6	0	0	6	0	0
7	43898300	.	T	C	4	1	5	0	1	6	0	0
7	44974748	.	C	T	5	1	6	46	3	55	0	0
7	44974954	.	T	C	1	2	3	0	0	3	0	0
7	44974955	.	G	A	1	2	3	0	0	3	0	0
7	45032973	.	T	C	9	4	13	0	0	13	0	0
7	49205135	.	A	G	4	3	7	0	0	7	0	0
7	55627368	.	T	C	92	24	116	0	6	122	0	0
7	58875215	.	T	C	1	4	5	0	0	5	0	0
7	58979223	.	T	C	1	2	3	0	0	3	0	0
7	59037439	.	C	T	9	3	12	0	1	13	0	0
7	59278525	.	T	C	1	2	3	0	0	3	0	0
7	59361126	.	A	G	8	2	10	6	0	16	0	0
7	63537428	.	G	A	18	6	24	0	3	27	0	0
7	63537430	.	C	A	24	5	29	0	2	31	0	0
7	67881114	.	G	T	15	5	20	0	2	22	0	0
7	70003980	.	G	A	10	4	14	0	1	15	0	0
7	70003983	.	C	A	9	0	9	0	3	12	0	0
7	75403234	.	C	T	15	3	18	0	1	19	0	0
7	75403236	.	G	T	15	3	18	0	2	20	0	0
7	79574157	.	T	C	18	3	21	0	1	22	0	0
7	79574207	.	T	C	6	2	8	0	0	8	0	0
7	79891696	.	A	G	5	3	8	0	0	8	0	0
7	81180352	.	A	G	3	3	6	0	1	7	0	0
7	81180363	.	A	G	7	2	9	0	0	9	0	0
7	81521958	.	A	G	2	3	5	0	0	5	0	0
7	81522050	.	A	G	4	4	8	0	0	8	0	0
7	82516901	.	G	A	11	2	13	0	2	15	0	0
7	83274886	.	T	C	7	2	9	0	0	9	0	0
7	88793497	.	C	G	2	1	3	0	0	3	0	0
7	88793499	.	C	A	2	1	3	0	1	4	0	0
7	97865208	.	A	G	2	2	4	0	1	5	0	0
7	113168935	.	G	A	24	18	42	0	9	51	0	0
7	114449080	.	C	T	10	1	11	0	1	12	0	0
7	114449083	.	G	T	11	1	12	0	0	12	0	0
7	120358369	.	C	T	11	2	13	0	0	13	0	0
7	126423019	.	G	C	8	4	12	0	2	14	0	0
7	126423022	.	A	C	11	2	13	0	1	14	0	0
7	126459267	.	T	C	2	2	4	0	0	4	0	0
7	126468724	.	C	T	1	2	3	0	0	3	0	0
7	126853494	.	A	G	42	8	50	0	1	51	0	0
7	127165971	.	A	G	1	2	3	0	0	3	0	0
7	127178155	.	A	G	5	4	9	0	0	9	0	0
7	127178205	.	A	G	3	2	5	0	0	5	0	0
7	130360893	.	A	T	6	13	19	0	0	19	0	0
7	132441029	.	T	C	1	3	4	0	0	4	0	0
7	132441035	.	T	C	1	3	4	0	0	4	0	0
7	139685712	.	T	C	25	6	31	0	1	32	0	0
7	139715640	.	A	G	2	3	5	0	0	5	0	0
7	140391023	.	T	C	11	13	24	0	1	25	0	0
7	140471215	.	G	A	5	2	7	30	1	38	0	0
7	141014395	.	A	G	4	5	9	0	5	14	0	0
7	142207010	.	T	C	22	8	30	0	2	32	0	0
7	142778277	.	A	G	2	1	3	0	1	4	0	0
8	3589455	.	A	G	9	5	14	0	0	14	0	0
8	14077909	.	G	T	1	1	2	0	2	4	0	0
8	14078031	.	T	C	11	3	14	0	0	14	0	0
8	19741629	.	C	T	9	5	14	8	0	22	0	0
8	19747709	.	C	T	4	9	13	4	1	18	0	0
8	19747748	.	C	A	2	2	4	17	1	22	0	0
8	20030726	.	C	A	25	7	32	15	2	49	0	0
8	20030855	.	G	A	19	3	22	12	0	34	0	0
8	20030895	.	C	A	35	9	44	27	2	73	0	0
8	20030901	.	C	A	53	13	66	41	1	108	0	0
8	20053431	.	C	T	4	2	6	2	0	8	0	0
8	20143875	.	A	T	7	2	9	1	0	10	0	0
8	20157920	.	G	T	2	4	6	37	0	43	0	0
8	20157964	.	A	G	10	3	13	59	0	72	0	0
8	20698008	.	A	T	23	7	30	8	1	39	0	0
8	20721217	.	A	G	5	3	8	19	1	28	0	0
8	20727130	.	G	A	32	19	51	3	3	57	0	0
8	26304442	.	T	C	6	3	9	0	0	9	0	0
8	36684020	.	G	T	16	3	19	0	2	21	0	0
8	36684022	.	C	T	16	2	18	0	3	21	0	0
8	42061914	.	T	C	3	4	7	0	1	8	0	0
8	57978905	.	C	A	11	1	12	0	1	13	0	0
8	69766592	.	A	G	13	7	20	0	0	20	0	0
8	70017218	.	C	G	2	5	7	11	0	18	0	0
8	70023268	.	A	T	6	2	8	1	0	9	0	0
8	70028682	.	T	C	4	2	6	4	1	11	0	0
8	70028710	.	C	A	6	2	8	6	0	14	0	0
8	70028756	.	G	A	4	6	10	1	0	11	0	0
8	70481589	.	T	C	13	4	17	0	0	17	0	0
8	72034156	.	A	G	8	2	10	0	0	10	0	0
8	72935941	.	A	G	4	2	6	0	0	6	0	0
8	72977426	.	A	G	22	31	53	0	3	56	0	0
8	84723069	.	T	A	5	3	8	0	0	8	0	0
8	84976646	.	T	C	4	2	6	0	0	6	0	0
8	84977744	.	T	C	5	2	7	0	0	7	0	0
8	84977909	.	T	C	7	3	10	0	0	10	0	0
8	84982543	.	T	C	3	5	8	0	1	9	0	0
8	84982544	.	T	C	5	4	9	0	0	9	0	0
8	84982580	.	T	C	2	3	5	0	0	5	0	0
8	85429443	.	T	C	2	1	3	0	1	4	0	0
8	88898496	.	A	G	26	5	31	0	0	31	0	0
8	107744427	.	A	G	13	4	17	1	0	18	0	0
8	107744841	.	A	G	21	7	28	0	0	28	0	0
8	107744848	.	A	G	10	16	26	0	0	26	0	0
8	108144504	.	T	C	2	5	7	0	1	8	0	0
8	108165816	.	G	A	1	4	5	2	0	7	0	0
8	108165925	.	T	C	1	3	4	8	1	13	0	0
8	110817217	.	A	G	42	8	50	0	2	52	0	0
8	111731423	.	T	C	16	4	20	0	1	21	0	0
8	111731758	.	T	C	32	7	39	0	1	40	0	0
8	112446246	.	T	C	3	2	5	0	0	5	0	0
8	123768808	.	G	C	4	1	5	0	0	5	0	0
8	123824462	.	T	C	7	2	9	0	0	9	0	0
8	123824464	.	G	A	7	2	9	0	0	9	0	0
8	124261954	.	A	G	6	4	10	0	2	12	0	0
8	125620613	.	T	C	23	12	35	0	9	44	0	0
8	125620618	.	T	C	16	20	36	0	6	42	0	0
8	125620861	.	T	C	29	12	41	0	1	42	0	0
8	126865747	.	A	G	4	3	7	0	0	7	0	0
9	3387716	.	A	G	16	6	22	0	0	22	0	0
9	3387771	.	A	G	22	9	31	0	0	31	0	0
9	8021805	.	T	C	13	3	16	0	0	16	0	0
9	20508055	.	A	G	6	3	9	0	0	9	0	0
9	20511950	.	A	G	2	7	9	0	0	9	0	0
9	20512895	.	A	G	8	3	11	0	0	11	0	0
9	20513875	.	A	G	1	2	3	0	0	3	0	0
9	20513879	.	A	G	1	4	5	0	0	5	0	0
9	20515715	.	A	G	1	3	4	0	0	4	0	0
9	20515757	.	A	G	1	1	2	0	1	3	0	0
9	20781697	.	A	G	33	5	38	0	0	38	0	0
9	27260291	.	G	T	1	4	5	0	0	5	0	0
9	36642380	.	G	A	3	3	6	0	0	6	0	0
9	36642384	.	G	A	3	3	6	0	0	6	0	0
9	37344492	.	A	C	1	2	3	0	3	6	0	0
9	43715978	.	C	T	27	6	33	0	8	41	0	0
9	44204075	.	T	C	13	11	24	0	0	24	0	0
9	44204076	.	T	C	16	7	23	0	0	23	0	0
9	44205259	.	G	A	8	5	13	0	3	16	0	0
9	44221129	.	T	C	1	4	5	0	0	5	0	0
9	44221511	.	A	T	2	3	5	0	0	5	0	0
9	45747294	.	C	T	1	4	5	0	0	5	0	0
9	45747428	.	A	T	3	2	5	0	0	5	0	0
9	45747600	.	T	C	1	3	4	0	1	5	0	0
9	49415851	.	C	G	10	6	16	0	2	18	0	0
9	54275803	.	G	T	12	3	15	0	0	15	0	0
9	54275804	.	G	T	12	3	15	0	0	15	0	0
9	57062330	.	A	G	11	3	14	0	0	14	0	0
9	65253476	.	A	G	10	3	13	0	1	14	0	0
9	65273907	.	A	G	3	2	5	0	0	5	0	0
9	72270786	.	C	A	21	13	34	0	7	41	0	0
9	72529153	.	G	A	8	3	11	0	4	15	0	0
9	72529155	.	T	A	9	3	12	0	3	15	0	0
9	72636929	.	A	G	5	2	7	0	0	7	0	0
9	73387872	.	G	T	3	3	6	0	2	8	0	0
9	75165287	.	A	G	3	1	4	0	0	4	0	0
9	78076674	.	A	G	12	3	15	0	0	15	0	0
9	85727555	.	C	T	6	2	8	1	3	12	0	0
9	86690629	.	A	G	3	2	5	0	0	5	0	0
9	89794102	.	T	C	16	3	19	0	6	25	0	0
9	89794108	.	G	C	15	3	18	0	7	25	0	0
9	89990745	.	T	C	1	4	5	0	0	5	0	0
9	95448061	.	C	T	10	8	18	0	1	19	0	0
9	95939293	.	A	G	29	14	43	0	0	43	0	0
9	96777818	.	T	C	4	2	6	275	1	282	0	0
9	96778072	.	G	T	8	1	9	88	1	98	0	0
9	103062470	.	C	A	17	4	21	0	1	22	0	0
9	103062472	.	C	A	0	5	5	0	0	5	0	0
9	104446906	.	T	C	1	2	3	0	1	4	0	0
9	104446910	.	T	C	1	1	2	0	2	4	0	0
9	108215047	.	T	G	3	5	8	0	3	11	0	0
9	108683376	.	C	T	3	2	5	0	1	6	0	0
9	109660347	.	T	C	5	3	8	0	0	8	0	0
9	110769094	.	A	C	1	2	3	0	0	3	0	0
9	114425843	.	T	C	3	2	5	0	0	5	0	0
9	118754231	.	C	G	9	6	15	0	2	17	0	0
9	119277924	.	T	C	2	1	3	0	0	3	0	0
9	121284393	.	G	C	4	5	9	0	3	12	0	0
9	121290973	.	T	C	11	2	13	0	0	13	0	0
9	121290978	.	G	T	14	2	16	0	0	16	0	0
9	122665145	.	A	G	30	5	35	0	0	35	0	0
9	122725342	.	A	G	4	3	7	0	1	8	0	0
9	122726003	.	A	G	0	2	2	0	1	3	0	0
9	124034058	.	T	G	19	11	30	3	1	34	0	0
X	7020445	.	C	T	3	2	5	0	0	5	0	0
X	7020446	.	C	T	3	1	4	0	1	5	0	0
X	40743165	.	A	G	1	2	3	0	0	3	0	0
X	47054626	.	C	A	33	3	36	0	9	45	0	0
X	47054628	.	C	A	31	4	35	0	10	45	0	0
X	55633003	.	T	C	36	7	43	0	0	43	0	0
X	60231705	.	A	G	14	10	24	0	1	25	0	0
X	60237448	.	T	C	3	1	4	0	0	4	0	0
X	73270255	.	T	C	11	12	23	0	0	23	0	0
X	73270256	.	T	C	3	18	21	0	0	21	0	0
X	73270455	.	T	C	12	2	14	0	0	14	0	0
X	73270468	.	T	C	11	16	27	1	0	28	0	0
X	80866141	.	T	C	1	3	4	19	0	23	0	0
X	93318364	.	G	T	1	2	3	0	2	5	0	0
X	98509362	.	A	T	2	2	4	0	0	4	0	0
X	102620090	.	T	C	5	5	10	0	0	10	0	0
X	102620099	.	T	C	5	8	13	0	0	13	0	0
X	102620158	.	T	C	10	12	22	0	1	23	0	0
X	102620159	.	T	C	8	15	23	0	0	23	0	0
X	102621405	.	T	C	7	2	9	2	0	11	0	0
X	102623385	.	T	C	8	5	13	0	0	13	0	0
X	132582914	.	A	G	1	1	2	0	0	2	0	0
X	132582921	.	A	G	1	2	3	0	0	3	0	0
X	133489294	.	T	C	13	5	18	0	0	18	0	0
X	133489379	.	T	C	3	11	14	0	1	15	0	0
X	133490062	.	T	C	6	3	9	0	1	10	0	0
X	133490075	.	T	C	13	2	15	0	0	15	0	0
X	133490101	.	T	C	8	3	11	0	0	11	0	0
X	145978689	.	A	G	30	7	37	0	0	37	0	0
X	149766871	.	T	C	39	18	57	0	9	66	0	0
X	149767577	.	T	C	91	14	105	3	2	110	0	0
X	149767614	.	T	C	94	55	149	2	13	165	1	0
X	149768450	.	T	C	191	53	244	0	1	245	0	0
X	149768451	.	T	C	209	33	242	0	1	243	0	0
X	168759395	.	C	A	4	2	6	0	0	6	0	0
X	168761798	.	A	G	4	4	8	9	0	17	0	0
Y	1016394	.	A	G	11	15	26	0	0	26	0	0
Y	1048604	.	A	G	9	3	12	0	1	13	0	0
Y	1048726	.	A	G	9	4	13	0	0	13	0	0
Y	1048869	.	A	G	1	4	5	0	0	5	0	0
Y	1048870	.	A	G	1	4	5	0	0	5	0	0
Y	1048989	.	A	G	1	5	6	0	0	6	0	0
