contig	position	variantID	refAllele	altAllele	refCount	altCount	totalCount	lowMAPQDepth	lowBaseQDepth	rawDepth	otherBases	improperPairs
1	4841605	.	A	T	5	2	7	5	0	12	0	0
1	10101774	.	T	C	2	2	4	0	0	4	0	0
1	11667225	.	A	G	48	12	60	0	2	62	0	0
1	12636255	.	A	G	0	3	3	0	1	4	0	0
1	13695233	.	T	C	3	10	13	0	0	13	0	0
1	13695959	.	T	C	15	3	18	9	0	27	0	0
1	13695965	.	T	C	3	5	8	8	0	16	0	0
1	15783977	.	T	C	7	2	9	0	0	9	0	0
1	17234492	.	T	A	4	2	6	0	0	6	0	0
1	22031785	.	T	C	4	9	13	1	0	14	0	0
1	33779819	.	C	T	8	2	10	0	1	11	0	0
1	33835472	.	T	C	14	3	17	0	1	18	0	0
1	34488318	.	G	A	6	2	8	0	0	8	0	0
1	36405381	.	T	C	1	2	3	0	0	3	0	0
1	36483977	.	T	G	1	2	3	0	1	4	0	0
1	36546869	.	A	C	10	2	12	0	2	14	0	0
1	36546870	.	G	T	12	2	14	0	1	15	0	0
1	36566618	.	C	T	5	4	9	0	0	9	0	0
1	36566620	.	C	T	5	3	8	0	1	9	0	0
1	37482239	.	T	C	18	3	21	0	0	21	0	0
1	38906327	.	T	C	4	4	8	0	0	8	0	0
1	39695898	.	A	G	7	2	9	0	0	9	0	0
1	43788764	.	A	C	2	3	5	0	1	6	0	0
1	43788770	.	A	C	3	4	7	0	1	8	0	0
1	45896584	.	T	C	1	2	3	5	1	9	0	0
1	51506146	.	T	C	4	3	7	0	0	7	0	0
1	52199462	.	A	G	12	2	14	0	1	15	0	0
1	52202611	.	G	T	6	2	8	0	1	9	0	0
1	59683213	.	T	C	1	2	3	0	0	3	0	0
1	59755964	.	A	G	8	2	10	0	0	10	0	0
1	59756998	.	A	G	16	4	20	0	0	20	0	0
1	59913367	.	A	G	66	12	78	0	4	82	0	0
1	60116747	.	G	A	3	0	3	0	2	5	0	0
1	60116749	.	C	A	1	1	2	0	3	5	0	0
1	60517747	.	A	G	45	30	75	0	17	92	0	0
1	63156443	.	A	G	3	3	6	0	0	6	0	0
1	66711873	.	A	G	135	54	189	0	6	195	0	0
1	75398649	.	A	G	27	9	36	0	0	36	0	0
1	84883650	.	T	C	6	2	8	0	0	8	0	0
1	86276528	.	T	C	17	7	24	0	0	24	0	0
1	87647517	.	G	T	13	2	15	0	0	15	0	0
1	88187311	.	C	T	6	6	12	0	0	12	0	0
1	88188121	.	A	C	8	2	10	0	0	10	0	0
1	88188150	.	C	A	4	3	7	0	1	8	0	0
1	88188255	.	C	T	2	3	5	0	0	5	0	0
1	88188360	.	T	G	3	2	5	0	0	5	0	0
1	88188362	.	C	G	3	2	5	0	0	5	0	0
1	88189435	.	G	C	4	3	7	0	0	7	0	0
1	88189462	.	G	A	2	3	5	0	0	5	0	0
1	88189563	.	C	T	4	3	7	0	0	7	0	0
1	88189611	.	A	G	4	2	6	0	0	6	0	0
1	88189707	.	C	T	3	2	5	0	0	5	0	0
1	88190661	.	G	C	2	4	6	0	0	6	0	0
1	88190717	.	G	C	1	2	3	0	0	3	0	0
1	88190781	.	C	T	1	2	3	0	0	3	0	0
1	88191018	.	A	T	4	18	22	0	0	22	0	0
1	88191035	.	T	A	2	14	16	0	0	16	0	0
1	88191237	.	A	C	20	46	66	0	6	72	0	0
1	88191320	.	C	T	24	41	65	0	0	65	0	0
1	88191468	.	C	G	7	53	60	0	0	60	0	0
1	88191710	.	T	C	11	53	64	0	0	64	0	0
1	88191864	.	G	T	68	11	79	0	1	80	0	0
1	88192008	.	C	T	59	10	69	0	10	79	0	0
1	88192048	.	G	C	14	46	60	0	0	60	0	0
1	88192098	.	G	A	54	13	67	0	0	67	0	0
1	88192180	.	G	T	86	12	98	0	3	101	0	0
1	88192184	.	T	A	86	12	98	0	3	101	0	0
1	88192243	.	A	G	9	41	50	0	1	51	0	0
1	88192700	.	G	A	9	49	58	0	1	59	0	0
1	88192756	.	G	A	21	55	76	1	3	80	0	0
1	88192844	.	G	A	4	47	51	0	0	51	0	0
1	88193031	.	C	G	15	21	36	2	0	38	0	0
1	88193194	.	C	T	5	7	12	7	1	20	0	0
1	88193292	.	T	A	3	3	6	2	0	8	0	0
1	88193568	.	A	C	2	7	9	36	0	45	0	0
1	88193614	.	C	G	8	3	11	61	0	72	0	0
1	88193917	.	G	A	7	26	33	24	0	57	0	0
1	88194314	.	C	A	41	15	56	3	1	60	0	0
1	88197053	.	T	C	14	33	47	0	0	47	0	0
1	88197991	.	A	G	7	38	45	0	1	46	0	0
1	88200605	.	C	A	2	21	23	0	1	24	0	0
1	88200653	.	A	C	2	21	23	0	0	23	0	0
1	88200670	.	G	A	2	23	25	0	1	26	0	0
1	88200832	.	C	T	12	13	25	0	0	25	0	0
1	88202664	.	A	G	3	2	5	1	1	7	0	0
1	88202772	.	A	T	32	8	40	4	0	44	0	0
1	88203542	.	G	A	3	2	5	5	0	10	0	0
1	88203643	.	A	G	1	2	3	0	0	3	0	0
1	88203670	.	C	T	2	4	6	5	0	11	0	0
1	88203782	.	G	A	2	3	5	0	0	5	0	0
1	88205197	.	A	G	2	13	15	2	0	17	0	0
1	91224050	.	T	C	1	2	3	0	0	3	0	0
1	93226925	.	C	T	9	2	11	0	2	13	0	0
1	93299307	.	A	G	15	7	22	0	0	22	0	0
1	95426538	.	A	G	1	3	4	3	0	7	0	0
1	118225697	.	T	C	10	2	12	0	0	12	0	0
1	119344493	.	C	T	7	2	9	0	0	9	0	0
1	119398801	.	G	A	16	3	19	0	4	23	0	0
1	128091427	.	A	G	4	2	6	0	0	6	0	0
1	131953439	.	T	C	20	12	32	0	0	32	0	0
1	135160587	.	A	G	1	7	8	2	0	10	0	0
1	143631121	.	T	C	32	13	45	0	0	45	0	0
1	143631499	.	T	C	18	3	21	0	0	21	0	0
1	143876458	.	C	T	4	2	6	0	1	7	0	0
1	153094863	.	C	G	3	3	6	0	2	8	0	0
1	156255182	.	T	C	6	19	25	0	0	25	0	0
1	156255601	.	T	C	5	2	7	0	0	7	0	0
1	165059169	.	T	C	2	2	4	0	0	4	0	0
1	167051315	.	C	G	10	3	13	0	1	14	0	0
1	179356206	.	G	T	5	3	8	5	4	17	0	0
1	180155629	.	C	T	12	2	14	0	1	15	0	0
1	180923662	.	T	C	20	3	23	0	1	24	0	0
1	180924020	.	T	C	18	13	31	0	0	31	0	0
1	180996273	.	A	C	14	6	20	0	4	24	0	0
1	180996279	.	A	C	14	6	20	0	2	22	0	0
1	183190594	.	A	G	16	8	24	0	1	25	0	0
1	183190595	.	A	G	17	7	24	0	0	24	0	0
1	183190682	.	A	G	10	7	17	0	1	18	0	0
1	190505415	.	C	T	14	28	42	0	0	42	0	0
1	191835304	.	A	G	1	1	2	0	0	2	0	0
10	8626820	.	A	G	4	2	6	0	1	7	0	0
10	11333810	.	C	T	18	9	27	0	8	35	0	0
10	11333814	.	C	T	28	6	34	0	5	39	0	0
10	13405211	.	T	C	1	2	3	0	0	3	0	0
10	14621524	.	C	T	6	8	14	167	0	181	0	0
10	14621525	.	C	T	9	4	13	153	0	167	1	0
10	22220413	.	T	C	1	2	3	2	0	5	0	0
10	29104018	.	G	T	10	2	12	0	4	16	0	0
10	29104019	.	G	T	12	2	14	0	3	17	0	0
10	33685021	.	C	G	0	2	2	0	2	4	0	0
10	33791335	.	A	G	5	3	8	0	0	8	0	0
10	33864871	.	T	C	3	2	5	0	0	5	0	0
10	33865251	.	T	C	7	6	13	0	0	13	0	0
10	33868452	.	T	C	7	6	13	0	1	14	0	0
10	39441145	.	C	A	16	4	20	0	7	27	0	0
10	45752162	.	G	A	13	4	17	19	2	38	0	0
10	49118584	.	T	C	6	10	16	0	0	16	0	0
10	49118640	.	T	C	12	5	17	0	1	18	0	0
10	49148885	.	T	C	9	39	48	0	0	48	0	0
10	56266511	.	T	A	3	2	5	0	0	5	0	0
10	57382804	.	T	C	5	1	6	0	1	7	0	0
10	57383221	.	A	G	5	2	7	0	0	7	0	0
10	57391874	.	C	T	17	14	31	0	4	35	0	0
10	62291054	.	C	T	5	2	7	0	0	7	0	0
10	62645542	.	T	C	5	4	9	0	0	9	0	0
10	63129481	.	A	G	3	2	5	0	0	5	0	0
10	67373837	.	C	T	14	3	17	0	7	24	0	0
10	73038538	.	A	G	1	3	4	1	0	5	0	0
10	76391424	.	A	G	9	3	12	0	0	12	0	0
10	77158442	.	T	C	49	15	64	1	0	65	0	0
10	77158455	.	T	C	35	27	62	1	1	64	0	0
10	80475187	.	T	C	11	2	13	0	1	14	0	0
10	81181979	.	T	C	11	2	13	0	1	14	0	0
10	82486613	.	T	C	31	7	38	0	0	38	0	0
10	84362294	.	C	T	8	1	9	0	1	10	0	0
10	88306344	.	T	C	20	5	25	0	2	27	0	0
10	93801926	.	T	C	7	4	11	0	0	11	0	0
10	94057224	.	A	G	13	13	26	0	0	26	0	0
10	94057234	.	A	G	12	3	15	0	0	15	0	0
10	126881725	.	A	C	9	4	13	0	4	17	0	0
10	126903751	.	T	C	101	22	123	0	0	123	0	0
10	127037635	.	T	C	5	4	9	0	0	9	0	0
10	127037641	.	T	C	6	4	10	0	0	10	0	0
10	128404563	.	G	A	1	3	4	0	0	4	0	0
10	128636450	.	T	C	13	3	16	0	0	16	0	0
11	3075936	.	A	G	6	3	9	1	0	10	0	0
11	3077575	.	C	A	9	10	19	30	1	50	0	0
11	3902194	.	A	C	2	5	7	0	0	7	0	0
11	4092046	.	T	C	24	20	44	0	0	44	0	0
11	4092085	.	T	C	16	18	34	0	1	35	0	0
11	4092108	.	T	C	30	13	43	0	2	45	0	0
11	4092790	.	T	C	18	11	29	0	2	31	0	0
11	6247430	.	G	A	1	2	3	0	0	3	0	0
11	11212883	.	A	T	1	1	2	0	0	2	0	0
11	29495263	.	T	A	8	3	11	0	4	15	0	0
11	33424796	.	T	C	3	2	5	0	0	5	0	0
11	43572939	.	A	G	2	3	5	0	0	5	0	0
11	45821425	.	T	C	15	7	22	0	0	22	0	0
11	46163470	.	T	C	112	564	676	0	7	683	0	0
11	48644072	.	A	T	0	2	2	27	2	31	0	0
11	51547470	.	A	G	3	3	6	0	0	6	0	0
11	52014692	.	A	G	19	5	24	0	0	24	0	0
11	54730814	.	T	C	15	3	18	0	1	19	0	0
11	58218134	.	T	C	3	3	6	0	0	6	0	0
11	59347072	.	A	G	31	6	37	0	0	37	0	0
11	59347092	.	A	G	29	6	35	0	1	36	0	0
11	59349201	.	A	G	11	3	14	0	0	14	0	0
11	59401881	.	A	G	7	7	14	0	1	15	0	0
11	59708716	.	C	T	20	3	23	0	7	30	0	0
11	59708717	.	C	T	19	3	22	0	8	30	0	0
11	60610144	.	T	G	5	3	8	0	0	8	0	0
11	62032236	.	A	G	3	3	6	0	0	6	0	0
11	62612744	.	G	A	1	1	2	0	1	3	0	0
11	65625566	.	T	C	2	2	4	0	0	4	0	0
11	67579383	.	C	G	24	7	31	1	24	57	1	0
11	69514179	.	A	G	7	3	10	0	0	10	0	0
11	69560108	.	G	A	8	2	10	0	0	10	0	0
11	69716092	.	T	G	7	13	20	0	15	35	0	0
11	69922901	.	A	G	8	7	15	0	1	16	0	0
11	69922950	.	A	G	9	6	15	0	2	17	0	0
11	69923965	.	A	G	12	3	15	0	0	15	0	0
11	69925876	.	A	G	15	3	18	0	0	18	0	0
11	69926045	.	A	G	5	2	7	0	0	7	0	0
11	69926813	.	A	G	9	8	17	0	0	17	0	0
11	69927869	.	A	G	4	8	12	0	1	13	0	0
11	69927953	.	A	G	15	4	19	0	0	19	0	0
11	72816636	.	T	A	16	4	20	0	1	21	0	0
11	74569446	.	C	T	5	2	7	0	0	7	0	0
11	75067258	.	T	C	31	11	42	0	1	43	0	0
11	77426880	.	T	C	61	18	79	0	0	79	0	0
11	78186044	.	A	G	3	4	7	0	0	7	0	0
11	78187480	.	A	G	4	5	9	0	0	9	0	0
11	78388363	.	G	A	11	4	15	0	1	16	0	0
11	78736472	.	A	G	4	8	12	0	1	13	0	0
11	78906412	.	G	A	19	4	23	2	3	28	0	0
11	85082181	.	C	T	21	5	26	0	9	35	0	0
11	86521333	.	T	C	1	3	4	5	1	10	0	0
11	86521497	.	G	A	1	2	3	5	0	8	0	0
11	86521633	.	T	C	1	3	4	3	0	7	0	0
11	86521711	.	A	G	7	2	9	14	3	26	0	0
11	87014103	.	A	G	10	2	12	0	0	12	0	0
11	87014114	.	A	G	11	2	13	0	0	13	0	0
11	87269302	.	T	C	3	2	5	0	0	5	0	0
11	87269321	.	T	C	1	4	5	0	0	5	0	0
11	88083921	.	T	C	2	3	5	0	2	7	0	0
11	88927208	.	T	C	19	8	27	0	0	27	0	0
11	88928592	.	T	C	3	2	5	0	2	7	0	0
11	94431318	.	T	C	3	4	7	0	1	8	0	0
11	94431842	.	T	C	15	4	19	0	1	20	0	0
11	94432839	.	T	C	9	3	12	0	3	15	0	0
11	94432859	.	T	C	12	3	15	0	1	16	0	0
11	95659143	.	C	T	18	6	24	0	2	26	0	0
11	95938019	.	A	G	9	1	10	0	2	12	0	0
11	95962333	.	T	C	10	4	14	0	0	14	0	0
11	95962469	.	T	C	2	5	7	0	0	7	0	0
11	95962488	.	T	C	5	2	7	0	0	7	0	0
11	98242736	.	A	G	8	2	10	0	0	10	0	0
11	100330625	.	T	C	7	2	9	0	0	9	0	0
11	100488792	.	T	C	20	5	25	0	0	25	0	0
11	101080710	.	A	C	14	7	21	0	3	24	0	0
11	101080714	.	G	C	19	6	25	0	12	37	0	0
11	101089119	.	T	C	14	3	17	0	0	17	0	0
11	101089126	.	T	C	10	7	17	0	0	17	0	0
11	101089557	.	T	C	15	4	19	0	0	19	0	0
11	101089597	.	T	C	8	3	11	0	1	12	0	0
11	101089734	.	T	C	15	5	20	0	0	20	0	0
11	101089802	.	T	C	10	8	18	0	0	18	0	0
11	102053496	.	G	A	0	2	2	0	3	5	0	0
11	102200221	.	A	G	2	2	4	0	0	4	0	0
11	104220906	.	G	A	10	7	17	0	5	22	0	0
11	104222913	.	T	A	5	4	9	0	1	10	0	0
11	105820127	.	G	A	6	3	9	0	0	9	0	0
11	106047899	.	T	C	11	2	13	0	0	13	0	0
11	106286315	.	A	G	7	2	9	0	2	11	0	0
11	109148241	.	T	C	1	7	8	0	0	8	0	0
11	109464346	.	G	T	7	2	9	0	3	12	0	0
11	115534972	.	A	T	14	12	26	0	14	40	0	0
11	115713779	.	A	C	3	0	3	0	3	6	0	0
11	115713785	.	A	C	3	1	4	0	1	5	0	0
11	116013636	.	T	C	7	2	9	0	0	9	0	0
11	116013650	.	T	C	4	3	7	0	0	7	0	0
11	116013671	.	T	C	4	2	6	0	0	6	0	0
11	116471963	.	T	C	12	34	46	0	3	49	0	0
11	120490379	.	A	G	2	2	4	0	0	4	0	0
12	3454168	.	A	G	51	11	62	13	1	76	0	0
12	3454248	.	A	G	30	41	71	14	5	90	0	0
12	8547666	.	A	T	4	3	7	0	0	7	0	0
12	15778865	.	A	T	1	3	4	0	0	4	0	0
12	17479425	.	T	C	12	7	19	0	1	20	0	0
12	17479431	.	G	C	9	7	16	0	8	24	0	0
12	17479613	.	A	G	16	4	20	0	0	20	0	0
12	17479809	.	A	G	11	17	28	0	2	30	0	0
12	17479860	.	A	G	19	5	24	0	1	25	0	0
12	30225235	.	C	T	8	2	10	0	0	10	0	0
12	46747117	.	T	C	46	15	61	0	1	62	0	0
12	51418190	.	A	G	2	2	4	0	0	4	0	0
12	54718540	.	T	C	24	5	29	0	2	31	0	0
12	54719142	.	T	C	40	8	48	0	1	49	0	0
12	55102739	.	T	C	1	5	6	0	0	6	0	0
12	55465236	.	G	A	9	2	11	0	1	12	0	0
12	69244102	.	A	G	16	9	25	0	0	25	0	0
12	71041954	.	A	G	22	14	36	0	1	37	0	0
12	71041984	.	A	G	30	18	48	0	0	48	0	0
12	71180745	.	T	C	8	3	11	0	2	13	0	0
12	71998702	.	A	C	23	5	28	0	4	32	0	0
12	72844672	.	G	A	6	5	11	0	3	14	0	0
12	72928034	.	A	G	3	2	5	0	0	5	0	0
12	72956113	.	T	C	8	3	11	0	0	11	0	0
12	72956161	.	T	C	1	9	10	0	0	10	0	0
12	73975614	.	A	G	1	4	5	0	0	5	0	0
12	75677928	.	A	G	3	3	6	1	2	9	0	0
12	75678010	.	C	T	1	2	3	5	0	8	0	0
12	80769426	.	A	G	5	4	9	0	1	10	0	0
12	80769436	.	A	G	2	8	10	0	0	10	0	0
12	80770523	.	A	G	1	3	4	0	0	4	0	0
12	80770526	.	A	G	2	2	4	0	0	4	0	0
12	84092114	.	A	G	1	2	3	0	0	3	0	0
12	84092880	.	A	G	1	3	4	0	0	4	0	0
12	84197105	.	A	C	8	3	11	0	1	12	0	0
12	84197111	.	A	C	6	5	11	0	1	12	0	0
12	84820971	.	A	G	9	2	11	0	0	11	0	0
12	86726722	.	A	C	8	6	14	0	0	14	0	0
12	86726725	.	T	C	10	4	14	0	0	14	0	0
12	87467472	.	G	A	3	3	6	0	0	6	0	0
12	87480641	.	T	C	6	2	8	0	0	8	0	0
12	98646690	.	G	A	10	2	12	0	0	12	0	0
12	101886131	.	T	C	17	6	23	0	0	23	0	0
12	101887890	.	T	C	23	10	33	0	0	33	0	0
12	103403927	.	C	T	7	2	9	0	0	9	0	0
12	105804411	.	G	T	25	3	28	0	13	41	0	0
12	105804414	.	C	T	26	1	27	0	11	38	0	0
12	107877884	.	A	G	12	2	14	0	0	14	0	0
12	108171831	.	C	G	16	3	19	0	0	19	0	0
12	109552521	.	A	G	4	2	6	0	0	6	0	0
12	109600865	.	A	T	10	2	12	0	0	12	0	0
12	109689209	.	A	G	1	4	5	0	0	5	0	0
12	109690223	.	A	G	1	3	4	0	0	4	0	0
12	109693307	.	A	G	3	3	6	0	0	6	0	0
12	110282582	.	A	G	1	1	2	2	1	5	0	0
12	112571040	.	G	C	2	1	3	0	1	4	0	0
12	112880888	.	A	C	4	1	5	0	0	5	0	0
12	118265024	.	T	G	3	2	5	0	1	6	0	0
13	3702325	.	A	G	7	3	10	0	0	10	0	0
13	3702353	.	A	G	8	3	11	0	0	11	0	0
13	3702375	.	A	G	2	9	11	0	1	12	0	0
13	8901801	.	T	C	20	9	29	3	0	32	0	0
13	9144050	.	A	G	16	3	19	0	0	19	0	0
13	14176103	.	T	C	2	4	6	0	0	6	0	0
13	14176124	.	T	C	3	2	5	0	0	5	0	0
13	14225628	.	T	C	37	10	47	0	1	48	0	0
13	15989053	.	T	C	1	3	4	0	0	4	0	0
13	17890474	.	A	G	5	2	7	0	0	7	0	0
13	17979133	.	T	C	6	3	9	0	0	9	0	0
13	21574169	.	T	C	4	5	9	0	0	9	0	0
13	21574188	.	T	C	10	3	13	0	0	13	0	0
13	23537754	.	C	T	14	6	20	0	3	23	0	0
13	23537759	.	G	T	15	5	20	0	1	21	0	0
13	23769586	.	A	G	5	2	7	0	0	7	0	0
13	24780754	.	T	C	1	2	3	0	0	3	0	0
13	24999535	.	A	G	1	3	4	0	0	4	0	0
13	24999573	.	A	G	4	4	8	0	0	8	0	0
13	24999590	.	A	G	4	2	6	0	0	6	0	0
13	37962478	.	A	T	1	1	2	0	0	2	0	0
13	49685058	.	A	G	4	2	6	0	0	6	0	0
13	49685611	.	A	G	2	2	4	0	0	4	0	0
13	54647794	.	A	C	1	4	5	0	0	5	0	0
13	54647804	.	G	T	1	4	5	0	0	5	0	0
13	55706659	.	T	C	3	4	7	0	0	7	0	0
13	58150736	.	G	C	1	2	3	0	1	4	0	0
13	59281741	.	G	A	23	6	29	0	2	31	0	0
13	64437994	.	T	C	17	3	20	0	0	20	0	0
13	64438124	.	T	C	13	4	17	0	0	17	0	0
13	67621265	.	T	C	6	6	12	0	0	12	0	0
13	67621455	.	T	C	5	4	9	1	0	10	0	0
13	67621544	.	T	C	7	2	9	0	3	12	0	0
13	67621546	.	T	C	8	4	12	0	0	12	0	0
13	67806988	.	T	C	6	4	10	0	0	10	0	0
13	67807030	.	T	C	4	3	7	0	1	8	0	0
13	67968352	.	T	C	3	3	6	0	0	6	0	0
13	74094178	.	A	T	4	1	5	0	1	6	0	0
13	75793212	.	C	T	0	3	3	4	3	10	0	0
13	84421758	.	A	G	5	5	10	0	0	10	0	0
13	93328823	.	T	G	2	2	4	0	5	9	0	0
13	96747846	.	T	C	3	2	5	0	0	5	0	0
13	100839326	.	T	C	13	4	17	0	0	17	0	0
13	100839340	.	T	C	14	7	21	0	0	21	0	0
13	103493717	.	T	C	5	2	7	17	0	24	0	0
13	107861323	.	C	T	7	5	12	0	5	17	0	0
13	110089117	.	G	C	5	2	7	0	0	7	0	0
13	112797345	.	T	A	9	2	11	0	0	11	0	0
13	118515925	.	T	C	6	2	8	0	0	8	0	0
13	119625401	.	G	T	21	14	35	0	1	36	0	0
14	4188227	.	T	C	19	7	26	0	2	28	0	0
14	6162269	.	T	C	1	2	3	0	1	4	0	0
14	10058181	.	A	G	168	43	211	0	4	215	0	0
14	14533725	.	T	C	2	18	20	0	0	20	0	0
14	14533732	.	T	C	18	4	22	0	0	22	0	0
14	20517408	.	T	C	8	4	12	0	0	12	0	0
14	21846832	.	A	G	26	39	65	0	0	65	0	0
14	21847779	.	A	G	101	19	120	0	1	121	0	0
14	29788078	.	T	C	24	9	33	0	1	34	0	0
14	30698898	.	A	G	2	2	4	0	0	4	0	0
14	30842757	.	C	T	12	3	15	0	2	17	0	0
14	30908090	.	G	A	13	5	18	0	3	21	0	0
14	31422583	.	T	C	51	16	67	0	1	68	0	0
14	31422619	.	T	C	28	28	56	0	1	57	0	0
14	32018582	.	A	G	30	11	41	0	1	42	0	0
14	33953408	.	T	C	5	3	8	0	0	8	0	0
14	33953448	.	T	C	8	2	10	0	0	10	0	0
14	34468782	.	C	T	15	10	25	1	2	28	0	0
14	45372232	.	T	C	15	4	19	0	1	20	0	0
14	47558234	.	A	G	10	4	14	3	0	17	0	0
14	51013458	.	T	C	13	3	16	0	0	16	0	0
14	51067601	.	A	C	4	2	6	0	0	6	0	0
14	51109987	.	A	G	4	5	9	0	0	9	0	0
14	51115833	.	A	G	6	3	9	0	0	9	0	0
14	52243661	.	A	C	4	4	8	0	1	9	0	0
14	52243667	.	A	C	5	3	8	0	0	8	0	0
14	52531686	.	A	G	21	77	98	0	1	99	0	0
14	54531709	.	G	A	7	2	9	9	1	19	0	0
14	55749057	.	A	G	14	7	21	0	0	21	0	0
14	65434629	.	T	C	49	10	59	0	1	60	0	0
14	65434640	.	T	C	46	18	64	0	1	65	0	0
14	70724131	.	C	G	22	6	28	0	6	34	0	0
14	70903214	.	T	C	9	2	11	0	3	14	0	0
14	75957159	.	T	C	33	14	47	0	3	50	0	0
14	103584115	.	T	C	28	9	37	0	1	38	0	0
14	103608252	.	T	C	1	1	2	0	2	4	0	0
14	121273016	.	A	G	4	4	8	0	0	8	0	0
15	5150309	.	T	C	6	3	9	19	0	28	0	0
15	7222126	.	C	T	14	3	17	0	3	20	0	0
15	8187674	.	A	G	11	10	21	0	1	22	0	0
15	8188973	.	A	G	2	9	11	0	2	13	0	0
15	8245655	.	A	G	3	2	5	0	1	6	0	0
15	10493454	.	C	T	14	5	19	0	1	20	0	0
15	55118708	.	A	G	11	3	14	0	1	15	0	0
15	66158075	.	T	C	10	4	14	0	0	14	0	0
15	66158211	.	G	C	3	2	5	0	0	5	0	0
15	66158215	.	A	C	2	2	4	0	0	4	0	0
15	68973014	.	C	A	3	6	9	0	6	15	0	0
15	72373772	.	A	G	13	3	16	0	0	16	0	0
15	72377225	.	A	C	0	1	1	0	6	7	0	0
15	72377230	.	A	C	1	0	1	0	6	7	0	0
15	72976842	.	A	G	6	3	9	0	2	11	0	0
15	73279800	.	A	G	1	2	3	5	0	8	0	0
15	77586786	.	T	C	1	1	2	0	1	3	0	0
15	79496119	.	T	C	2	2	4	0	0	4	0	0
15	79791748	.	A	G	3	3	6	0	0	6	0	0
15	80815257	.	C	T	10	5	15	0	4	19	0	0
15	80816550	.	A	G	9	4	13	0	0	13	0	0
15	81339166	.	A	G	11	3	14	0	0	14	0	0
15	81340592	.	A	G	6	3	9	0	0	9	0	0
15	81341097	.	A	G	5	5	10	0	0	10	0	0
15	81791419	.	A	G	3	1	4	0	2	6	0	0
15	81791504	.	A	G	6	2	8	0	1	9	0	0
15	81799307	.	G	A	36	8	44	0	17	61	0	0
15	81831739	.	A	G	1	2	3	0	0	3	0	0
15	83542349	.	T	C	1	2	3	0	0	3	0	0
15	83542354	.	T	C	1	2	3	0	0	3	0	0
15	84836683	.	T	C	9	2	11	0	1	12	0	0
15	84836962	.	T	C	7	12	19	0	0	19	0	0
15	84944342	.	A	G	2	2	4	0	0	4	0	0
15	85823380	.	C	T	6	2	8	0	0	8	0	0
15	89007522	.	G	A	3	2	5	0	1	6	0	0
15	93283997	.	A	G	8	2	10	0	0	10	0	0
15	98533031	.	A	C	6	7	13	0	7	20	0	0
15	98634993	.	T	C	20	38	58	0	1	59	0	0
15	98731431	.	T	C	39	10	49	1	0	50	0	0
15	98932367	.	T	C	4	3	7	386	0	393	0	0
15	98932415	.	C	T	4	3	7	233	0	240	0	0
15	99142536	.	T	C	110	20	130	27	1	158	0	0
15	99626049	.	A	G	4	3	7	0	0	7	0	0
15	99626051	.	A	G	2	4	6	0	0	6	0	0
15	99626091	.	A	G	12	5	17	0	0	17	0	0
15	99626495	.	G	A	5	2	7	0	0	7	0	0
15	99627261	.	A	G	1	5	6	0	0	6	0	0
15	99627262	.	A	G	4	2	6	0	0	6	0	0
15	100492130	.	T	C	3	4	7	0	0	7	0	0
15	100492133	.	T	C	3	3	6	0	0	6	0	0
16	3665394	.	T	C	5	1	6	0	1	7	0	0
16	3680985	.	T	C	19	4	23	0	0	23	0	0
16	4105409	.	C	T	8	2	10	1	2	13	0	0
16	4444211	.	T	C	4	2	6	0	0	6	0	0
16	4604755	.	T	C	1	2	3	0	0	3	0	0
16	4695050	.	T	C	7	3	10	0	0	10	0	0
16	8462332	.	A	G	5	2	7	0	1	8	0	0
16	9388853	.	C	A	32	5	37	1	3	41	0	0
16	9388859	.	G	A	30	9	39	1	3	43	0	0
16	13520445	.	A	G	28	9	37	0	2	39	0	0
16	13520501	.	A	G	26	4	30	0	0	30	0	0
16	13650451	.	A	G	10	2	12	0	0	12	0	0
16	13650452	.	A	G	4	6	10	0	0	10	0	0
16	13651794	.	G	T	9	3	12	1	1	14	0	0
16	13651795	.	G	T	9	4	13	1	0	14	0	0
16	16865515	.	G	T	4	1	5	0	0	5	0	0
16	17321752	.	A	G	21	5	26	0	0	26	0	0
16	18156479	.	T	C	2	2	4	0	0	4	0	0
16	18156488	.	T	C	1	2	3	0	0	3	0	0
16	18653678	.	A	G	54	14	68	0	3	71	0	0
16	19942498	.	A	G	44	23	67	0	0	67	0	0
16	20363153	.	A	G	3	2	5	0	1	6	0	0
16	30330773	.	T	C	11	5	16	0	0	16	0	0
16	31070945	.	A	G	8	2	10	0	2	12	0	0
16	32118699	.	A	G	31	7	38	1	1	40	0	0
16	32118742	.	A	G	28	4	32	0	0	32	0	0
16	32119078	.	A	G	24	3	27	0	2	29	0	0
16	32119086	.	A	G	19	9	28	0	1	29	0	0
16	32119119	.	A	G	32	7	39	0	0	39	0	0
16	32119150	.	A	G	28	13	41	0	0	41	0	0
16	32209076	.	C	T	10	5	15	0	3	18	0	0
16	32212545	.	T	A	4	2	6	0	0	6	0	0
16	35747286	.	T	C	2	2	4	0	0	4	0	0
16	35749583	.	G	A	1	2	3	0	0	3	0	0
16	37705464	.	C	T	18	7	25	5	3	33	0	0
16	43441450	.	T	A	3	2	5	0	2	7	0	0
16	43441459	.	T	A	5	0	5	0	3	8	0	0
16	43460151	.	T	G	5	4	9	0	5	14	0	0
16	66750191	.	G	T	1	9	10	0	0	10	0	0
16	87230813	.	T	C	11	9	20	0	1	21	0	0
16	87230814	.	T	C	15	5	20	0	1	21	0	0
16	87231013	.	T	C	18	5	23	0	1	24	0	0
16	87299347	.	A	G	4	2	6	0	0	6	0	0
16	87737431	.	T	C	9	6	15	0	1	16	0	0
16	89584427	.	A	G	1	22	23	0	4	27	0	0
16	89584429	.	A	G	24	0	24	0	9	33	0	0
16	91287336	.	A	G	1	2	3	0	0	3	0	0
16	91287361	.	A	G	2	1	3	0	1	4	0	0
16	91287399	.	A	G	1	2	3	0	0	3	0	0
16	91287619	.	A	G	5	2	7	0	0	7	0	0
16	91452977	.	A	G	88	59	147	1	1	149	0	0
16	91453021	.	A	G	116	27	143	0	4	147	0	0
16	91460807	.	A	T	10	1	11	0	3	14	0	0
16	94267505	.	A	G	9	3	12	0	0	12	0	0
16	95957876	.	G	T	23	10	33	1	2	36	0	0
16	97749910	.	C	A	1	3	4	0	1	5	0	0
16	97832881	.	G	A	10	2	12	0	0	12	0	0
16	97867298	.	A	G	3	2	5	2	0	7	0	0
17	6172906	.	A	G	6	3	9	0	0	9	0	0
17	6172911	.	A	G	5	2	7	0	2	9	0	0
17	6173322	.	A	G	7	2	9	0	0	9	0	0
17	6173353	.	A	G	5	4	9	0	0	9	0	0
17	9539246	.	G	T	1	2	3	0	0	3	0	0
17	10429111	.	C	T	7	2	9	1	0	10	0	0
17	15741073	.	A	G	7	2	9	0	0	9	0	0
17	15741625	.	A	G	4	4	8	0	0	8	0	0
17	15742534	.	A	G	6	5	11	0	0	11	0	0
17	17566278	.	G	C	1	3	4	5	1	10	0	0
17	24395428	.	T	C	82	16	98	0	2	100	0	0
17	24395462	.	T	C	113	29	142	0	1	143	0	0
17	24395463	.	T	C	112	31	143	0	2	145	0	0
17	24397283	.	T	C	37	12	49	0	1	50	0	0
17	24397285	.	T	C	22	22	44	0	1	45	0	0
17	24899644	.	A	C	7	5	12	0	3	15	0	0
17	24899650	.	A	C	8	5	13	0	3	16	0	0
17	24940431	.	A	G	5	2	7	0	0	7	0	0
17	24941037	.	A	T	5	2	7	0	0	7	0	0
17	25101597	.	C	T	4	2	6	0	0	6	0	0
17	26234947	.	G	A	60	56	116	0	1	117	0	0
17	26357856	.	T	C	3	2	5	0	0	5	0	0
17	26995598	.	G	A	2	2	4	0	0	4	0	0
17	31335753	.	A	C	4	3	7	0	1	8	0	0
17	32280731	.	A	G	12	6	18	0	0	18	0	0
17	33015107	.	T	C	2	15	17	0	1	18	0	0
17	33015115	.	T	C	11	6	17	0	0	17	0	0
17	33015485	.	T	C	10	2	12	0	1	13	0	0
17	33037766	.	T	C	11	6	17	0	0	17	0	0
17	33038156	.	T	C	25	13	38	0	0	38	0	0
17	33038160	.	T	C	21	13	34	0	3	37	0	0
17	33038192	.	T	C	22	4	26	0	3	29	0	0
17	33328500	.	G	C	8	2	10	0	3	13	0	0
17	33550719	.	T	C	18	5	23	0	0	23	0	0
17	33552004	.	T	C	19	4	23	0	0	23	0	0
17	33554396	.	A	G	14	3	17	0	0	17	0	0
17	33906234	.	T	C	7	3	10	0	0	10	0	0
17	33906273	.	T	C	3	4	7	0	0	7	0	0
17	34147531	.	A	G	29	9	38	0	1	39	0	0
17	35244244	.	T	C	1	2	3	0	0	3	0	0
17	35347202	.	G	T	4	2	6	0	0	6	0	0
17	35347203	.	G	T	3	2	5	0	1	6	0	0
17	35360291	.	C	T	4	2	6	0	0	6	0	0
17	36168626	.	A	G	4	9	13	0	0	13	0	0
17	36580955	.	T	C	8	2	10	0	0	10	0	0
17	40158498	.	T	C	4758	6080	10838	3	253	11579	485	0
17	45973875	.	T	C	38	106	144	0	13	157	0	0
17	46727251	.	A	G	4	3	7	0	0	7	0	0
17	46727252	.	A	G	5	2	7	0	0	7	0	0
17	46810304	.	A	G	8	5	13	0	0	13	0	0
17	46985479	.	G	T	9	3	12	0	0	12	0	0
17	47085856	.	T	C	32	8	40	0	2	42	0	0
17	47085857	.	T	C	29	7	36	0	1	37	0	0
17	52166231	.	A	G	1	4	5	0	0	5	0	0
17	56482902	.	T	C	3	3	6	0	0	6	0	0
17	56482903	.	T	C	4	2	6	0	0	6	0	0
17	56586277	.	C	A	13	4	17	0	0	17	0	0
17	56586281	.	C	A	10	3	13	0	3	16	0	0
17	56901870	.	A	G	3	2	5	0	0	5	0	0
17	85919894	.	A	C	1	2	3	0	1	4	0	0
17	95064364	.	T	C	10	2	12	0	0	12	0	0
17	95067396	.	T	C	19	11	30	0	1	31	0	0
17	95067479	.	T	C	16	22	38	0	0	38	0	0
18	6792739	.	A	G	18	6	24	0	1	25	0	0
18	6792757	.	A	G	24	14	38	0	1	39	0	0
18	6792802	.	A	G	22	8	30	0	1	31	0	0
18	6792850	.	A	G	16	6	22	0	1	23	0	0
18	21261539	.	C	T	9	5	14	0	3	17	0	0
18	24093462	.	A	G	25	5	30	0	0	30	0	0
18	25270986	.	C	A	7	3	10	0	3	13	0	0
18	31845190	.	A	G	6	3	9	0	0	9	0	0
18	32232655	.	A	G	11	3	14	0	1	15	0	0
18	32235557	.	A	G	13	5	18	0	0	18	0	0
18	32235595	.	A	G	2	14	16	0	1	17	0	0
18	32235614	.	A	G	15	6	21	0	0	21	0	0
18	32235643	.	A	G	5	12	17	0	0	17	0	0
18	32235652	.	A	G	3	12	15	0	0	15	0	0
18	32235930	.	A	G	4	4	8	0	0	8	0	0
18	32236019	.	A	G	9	8	17	1	0	18	0	0
18	32561134	.	A	G	47	12	59	0	0	59	0	0
18	32999202	.	C	T	7	2	9	0	3	12	0	0
18	34343091	.	A	G	3	2	5	1	0	6	0	0
18	34998034	.	G	A	3	3	6	0	1	7	0	0
18	35743341	.	A	G	7	3	10	0	1	11	0	0
18	37974922	.	T	A	8	2	10	0	0	10	0	0
18	37974923	.	G	A	7	2	9	0	1	10	0	0
18	38596801	.	A	G	3	5	8	0	0	8	0	0
18	38596826	.	A	G	3	2	5	0	0	5	0	0
18	43664579	.	G	T	17	3	20	1	0	21	0	0
18	47245311	.	C	T	1	2	3	0	1	4	0	0
18	50267987	.	T	C	1	2	3	1	0	4	0	0
18	50267994	.	T	C	1	2	3	1	0	4	0	0
18	57089632	.	T	C	4	3	7	0	0	7	0	0
18	57089634	.	T	C	0	6	6	0	0	6	0	0
18	62797640	.	A	G	1	3	4	0	0	4	0	0
18	65610148	.	A	G	5	8	13	0	0	13	0	0
18	65610162	.	A	G	6	5	11	0	0	11	0	0
18	76280485	.	A	C	4	4	8	0	3	11	0	0
18	76280490	.	T	C	4	4	8	0	3	11	0	0
18	77061687	.	A	G	12	8	20	0	2	22	0	0
18	82712421	.	T	C	3	2	5	5	0	10	0	0
18	86413291	.	T	C	2	2	4	0	6	10	0	0
18	86413297	.	G	C	1	6	7	0	6	13	0	0
19	3256052	.	A	G	2	2	4	1	0	5	0	0
19	3916385	.	A	G	10	9	19	0	1	20	0	0
19	3917362	.	A	G	7	4	11	0	0	11	0	0
19	3940126	.	A	G	2	2	4	0	0	4	0	0
19	3962324	.	T	G	1	1	2	0	1	3	0	0
19	4368397	.	A	G	6	8	14	0	18	32	0	0
19	4811061	.	T	C	18	3	21	0	0	21	0	0
19	4813117	.	T	C	5	3	8	0	0	8	0	0
19	5015429	.	A	G	3	2	5	0	0	5	0	0
19	5503302	.	T	C	6	4	10	0	0	10	0	0
19	5659074	.	A	C	2	1	3	0	0	3	0	0
19	5965806	.	A	G	1	2	3	0	0	3	0	0
19	6309373	.	A	G	1	1	2	0	1	3	0	0
19	7192521	.	C	T	7	2	9	0	0	9	0	0
19	7402857	.	A	C	12	5	17	1	3	21	0	0
19	7515480	.	A	G	27	8	35	0	1	36	0	0
19	8868268	.	A	G	4	3	7	0	0	7	0	0
19	8900145	.	A	G	2	4	6	0	0	6	0	0
19	8920351	.	A	G	3	2	5	0	0	5	0	0
19	8988504	.	G	T	11	2	13	2	0	15	0	0
19	10223060	.	T	C	44	86	130	0	2	132	0	0
19	10512634	.	A	C	16	9	25	0	2	27	0	0
19	10885930	.	A	G	3	3	6	0	1	7	0	0
19	12441626	.	A	G	31	6	37	0	0	37	0	0
19	16244704	.	G	A	1	2	3	1	0	4	0	0
19	16255550	.	T	A	1	5	6	0	0	6	0	0
19	16256046	.	T	C	1	2	3	0	0	3	0	0
19	16256052	.	G	T	1	1	2	0	1	3	0	0
19	22969640	.	C	T	19	5	24	0	4	28	0	0
19	28995960	.	A	G	23	4	27	0	0	27	0	0
19	28997203	.	A	G	31	8	39	0	0	39	0	0
19	30556199	.	C	T	9	1	10	0	1	11	0	0
19	30556202	.	C	T	8	1	9	0	1	10	0	0
19	32181942	.	A	G	1	2	3	0	0	3	0	0
19	32182031	.	G	A	1	2	3	0	0	3	0	0
19	40729432	.	A	G	9	5	14	0	0	14	0	0
19	42106061	.	A	G	1	2	3	0	0	3	0	0
19	43429601	.	A	G	21	9	30	0	0	30	0	0
19	43429753	.	A	G	33	12	45	0	0	45	0	0
19	43722344	.	A	C	1	1	2	0	6	8	0	0
19	43722350	.	A	C	3	2	5	0	4	9	0	0
19	46583614	.	A	G	3	2	5	0	0	5	0	0
19	46584105	.	A	G	5	5	10	0	0	10	0	0
19	46584123	.	A	G	5	2	7	0	0	7	0	0
19	46584807	.	A	G	3	1	4	0	0	4	0	0
19	46584822	.	A	G	4	2	6	0	0	6	0	0
19	53920819	.	G	T	4	2	6	0	1	7	0	0
19	53920820	.	G	T	4	4	8	0	0	8	0	0
19	56712563	.	G	C	7	4	11	0	1	13	1	0
19	57477337	.	T	A	12	2	14	0	0	14	0	0
19	57477338	.	T	A	14	2	16	0	0	16	0	0
19	60845470	.	T	C	1	2	3	0	0	3	0	0
2	5902367	.	T	C	1	3	4	0	0	4	0	0
2	12187540	.	T	G	5	1	6	0	0	6	0	0
2	13016231	.	C	T	24	6	30	1	7	38	0	0
2	13016235	.	C	T	24	6	30	0	10	40	0	0
2	14152860	.	A	G	32	7	39	0	0	39	0	0
2	14153492	.	A	G	4	15	19	0	0	19	0	0
2	14153493	.	A	G	3	16	19	0	0	19	0	0
2	14153560	.	A	G	5	7	12	0	0	12	0	0
2	14153568	.	A	G	7	8	15	0	0	15	0	0
2	18219547	.	T	C	10	5	15	0	0	15	0	0
2	22478526	.	A	G	1	2	3	4	1	8	0	0
2	25294131	.	A	G	2	3	5	2	0	7	0	0
2	25479805	.	T	C	2	2	4	0	0	4	0	0
2	26271752	.	A	G	6	3	9	0	0	9	0	0
2	26800818	.	C	T	12	7	19	0	0	19	0	0
2	27153718	.	T	C	7	3	10	0	0	10	0	0
2	29664965	.	T	C	11	2	13	0	1	14	0	0
2	29921460	.	T	A	7	3	10	0	0	10	0	0
2	29957692	.	G	A	4	2	6	0	0	6	0	0
2	30174243	.	A	T	6	1	7	0	1	8	0	0
2	31506608	.	C	T	10	3	13	0	9	22	0	0
2	31506610	.	G	T	13	4	17	0	5	22	0	0
2	31937444	.	A	G	21	4	25	0	1	26	0	0
2	32208556	.	T	C	2	2	4	0	0	4	0	0
2	32262132	.	A	G	3	2	5	0	1	6	0	0
2	40445978	.	T	C	0	2	2	4	1	7	0	0
2	49199137	.	T	C	2	2	4	182	0	186	0	0
2	50082793	.	G	A	10	4	14	0	6	20	0	0
2	50082797	.	G	A	10	6	16	0	4	20	0	0
2	55005781	.	C	T	16	4	20	0	0	20	0	0
2	55005783	.	G	T	16	4	20	0	0	20	0	0
2	66124226	.	G	A	10	2	12	0	0	12	0	0
2	73265342	.	T	G	7	4	11	1	3	15	0	0
2	80462175	.	A	C	3	6	9	0	0	9	0	0
2	91043632	.	A	G	42	9	51	1	1	53	0	0
2	91064732	.	T	C	11	6	17	0	0	17	0	0
2	91064743	.	T	C	12	8	20	0	0	20	0	0
2	91551767	.	A	G	1	3	4	0	0	4	0	0
2	91551768	.	A	G	1	3	4	0	0	4	0	0
2	104511430	.	T	C	16	5	21	0	2	23	0	0
2	112185846	.	A	G	5	2	7	0	0	7	0	0
2	112185852	.	A	G	4	2	6	0	1	7	0	0
2	120451649	.	A	G	25	7	32	3	1	36	0	0
2	120564258	.	T	C	32	26	58	0	1	59	0	0
2	121015462	.	A	G	6	2	8	0	0	8	0	0
2	121223480	.	T	C	3	2	5	0	0	5	0	0
2	121373743	.	A	G	7	2	9	0	0	9	0	0
2	121373755	.	A	G	7	3	10	0	0	10	0	0
2	126733408	.	T	C	13	5	18	0	1	19	0	0
2	126734766	.	T	C	7	9	16	0	1	17	0	0
2	126734771	.	T	C	9	8	17	0	2	19	0	0
2	126734839	.	T	C	38	8	46	0	0	46	0	0
2	126756857	.	T	C	2	4	6	0	0	6	0	0
2	127126710	.	A	G	2	2	4	0	0	4	0	0
2	128935809	.	A	C	21	5	26	0	16	42	0	0
2	130397974	.	A	G	2	7	9	0	1	10	0	0
2	130410090	.	A	G	3	2	5	0	0	5	0	0
2	130410093	.	A	G	2	2	4	0	0	4	0	0
2	130715901	.	T	C	5	4	9	0	0	9	0	0
2	131141887	.	A	C	5	2	7	0	1	8	0	0
2	131141893	.	A	C	7	2	9	0	2	11	0	0
2	132151800	.	A	G	70	358	428	0	2	430	0	0
2	132636996	.	C	A	2	5	7	0	1	8	0	0
2	144382358	.	A	G	28	6	34	0	0	34	0	0
2	149585867	.	G	A	1	2	3	0	2	5	0	0
2	149585919	.	C	T	0	2	2	0	2	4	0	0
2	151353191	.	G	A	13	8	21	2	8	31	0	0
2	153108264	.	A	G	14	6	20	0	0	20	0	0
2	153460309	.	T	C	7	6	13	0	0	13	0	0
2	153460310	.	T	C	11	3	14	0	0	14	0	0
2	154379850	.	A	G	32	5	37	0	2	39	0	0
2	154428307	.	T	C	3	3	6	0	0	6	0	0
2	155989163	.	C	T	2	4	6	0	0	6	0	0
2	156563788	.	T	C	31	5	36	0	3	39	0	0
2	157400030	.	T	C	131	23	154	8	3	165	0	0
2	157400060	.	T	C	121	42	163	0	6	169	0	0
2	157400069	.	T	C	107	59	166	0	2	168	0	0
2	158220838	.	A	G	15	6	21	0	0	21	0	0
2	158225545	.	A	G	537	83	620	1	8	629	0	0
2	158226873	.	A	G	155	431	586	0	25	612	1	0
2	163309459	.	T	C	9	17	26	0	0	26	0	0
2	163310345	.	T	C	27	5	32	0	1	33	0	0
2	164306821	.	G	A	16	8	24	0	11	35	0	0
2	164307764	.	A	C	4	1	5	0	1	6	0	0
2	164307770	.	A	C	2	2	4	0	1	5	0	0
2	164953669	.	T	C	62	9	71	0	0	71	0	0
2	164953773	.	T	C	37	12	49	0	1	50	0	0
2	168057486	.	T	C	4	2	6	0	1	7	0	0
2	169913325	.	A	G	5	2	7	0	0	7	0	0
2	169913372	.	A	G	6	1	7	0	1	8	0	0
2	169913421	.	A	G	15	5	20	0	0	20	0	0
2	181159604	.	A	G	6	3	9	0	0	9	0	0
3	22128601	.	C	G	11	2	13	0	0	13	0	0
3	30855589	.	T	C	2	2	4	0	0	4	0	0
3	32519249	.	G	A	20	11	31	0	6	37	0	0
3	32636549	.	T	C	18	5	23	0	0	23	0	0
3	35862204	.	A	G	1	4	5	0	0	5	0	0
3	35862205	.	A	G	1	4	5	0	0	5	0	0
3	37698154	.	A	C	7	2	9	0	2	11	0	0
3	40747624	.	A	G	50	12	62	0	1	63	0	0
3	40747629	.	A	G	37	29	66	0	0	66	0	0
3	40748697	.	A	G	32	15	47	11	4	62	0	0
3	54822327	.	G	A	0	2	2	0	1	3	0	0
3	57551908	.	T	C	3	3	6	0	0	6	0	0
3	57553351	.	T	C	4	3	7	0	0	7	0	0
3	59224386	.	C	T	11	6	17	0	6	23	0	0
3	65866372	.	A	G	6	2	8	0	0	8	0	0
3	65866425	.	A	G	7	3	10	0	1	11	0	0
3	65866428	.	A	G	6	5	11	0	1	12	0	0
3	67385195	.	A	G	2	2	4	0	0	4	0	0
3	78825331	.	C	T	1	2	3	0	1	4	0	0
3	80599593	.	T	C	152	275	427	6	6	440	1	0
3	80614159	.	T	C	6	7	13	0	0	13	0	0
3	80614215	.	T	C	345	151	496	0	3	499	0	0
3	87829007	.	A	G	6	3	9	0	1	10	0	0
3	88259498	.	A	G	1	7	8	0	0	8	0	0
3	88259549	.	A	G	13	2	15	0	0	15	0	0
3	88259907	.	A	G	6	5	11	0	0	11	0	0
3	89675221	.	T	C	10	2	12	0	0	12	0	0
3	89675614	.	T	C	10	2	12	0	0	12	0	0
3	89949547	.	A	G	1	1	2	0	0	2	0	0
3	90270461	.	C	T	2	1	3	0	4	7	0	0
3	94794244	.	T	A	8	2	10	0	0	10	0	0
3	94794245	.	G	A	7	2	9	0	0	9	0	0
3	95037891	.	T	C	4	3	7	0	0	7	0	0
3	95089361	.	G	T	14	1	15	0	0	15	0	0
3	95089363	.	G	T	14	1	15	0	0	15	0	0
3	95090872	.	T	C	9	4	13	0	0	13	0	0
3	95091616	.	T	C	11	2	13	0	0	13	0	0
3	95668923	.	G	C	6	2	8	1	4	13	0	0
3	95668929	.	G	C	9	3	12	1	2	15	0	0
3	95768692	.	T	C	3	2	5	0	0	5	0	0
3	96127525	.	A	G	3	2	5	0	0	5	0	0
3	96485465	.	T	C	19	4	23	0	0	23	0	0
3	96539776	.	A	G	3	17	20	0	1	21	0	0
3	96540029	.	A	G	35	5	40	0	2	42	0	0
3	96615405	.	C	G	11	1	12	0	3	15	0	0
3	96615411	.	C	T	12	2	14	0	2	16	0	0
3	97134574	.	T	C	11	2	13	0	0	13	0	0
3	104835351	.	A	G	6	6	12	0	1	13	0	0
3	104835352	.	A	G	9	4	13	0	0	13	0	0
3	116538232	.	T	C	16	3	19	0	0	19	0	0
3	129624900	.	G	A	10	2	12	0	0	12	0	0
3	135112631	.	T	C	64	12	76	0	0	76	0	0
3	137795759	.	T	G	3	1	4	0	3	7	0	0
3	137795762	.	T	G	3	0	3	0	5	8	0	0
3	151913134	.	T	C	5	1	6	0	0	6	0	0
3	152098972	.	T	A	5	3	8	0	0	8	0	0
4	6219479	.	G	A	13	3	16	0	1	18	1	0
4	6219480	.	C	A	14	4	18	0	0	18	0	0
4	9576791	.	G	A	20	7	27	0	1	28	0	0
4	21834548	.	A	G	28	10	38	1	0	39	0	0
4	21834568	.	A	G	26	11	37	5	2	44	0	0
4	21834757	.	A	G	31	5	36	0	2	38	0	0
4	21834791	.	A	G	8	14	22	0	0	22	0	0
4	21911309	.	A	G	26	8	34	0	0	34	0	0
4	21911667	.	A	G	6	10	16	0	0	16	0	0
4	21911675	.	A	G	6	10	16	0	0	16	0	0
4	33019420	.	A	G	93	23	116	0	2	118	0	0
4	33020417	.	A	G	78	83	161	0	3	164	0	0
4	34768667	.	G	T	3	2	5	0	0	5	0	0
4	40807162	.	G	A	2	1	3	0	1	4	0	0
4	41169211	.	T	C	1	2	3	0	0	3	0	0
4	41169380	.	A	G	1	4	5	0	0	5	0	0
4	41169386	.	T	C	1	4	5	0	0	5	0	0
4	42856595	.	T	C	2	3	5	6	0	11	0	0
4	44910340	.	T	C	4	2	6	0	0	6	0	0
4	44924244	.	A	G	15	4	19	0	2	21	0	0
4	56870174	.	T	C	17	5	22	0	2	24	0	0
4	56875732	.	T	C	10	5	15	2	0	17	0	0
4	56995087	.	A	T	10	2	12	0	3	15	0	0
4	56995088	.	G	T	6	0	6	0	9	15	0	0
4	62371004	.	T	C	1	2	3	0	0	3	0	0
4	83379025	.	T	C	4	2	6	0	0	6	0	0
4	94830780	.	C	T	15	7	22	0	2	24	0	0
4	94834227	.	G	A	4	3	7	2	3	12	0	0
4	94834234	.	G	A	4	3	7	1	3	11	0	0
4	103021909	.	A	G	25	13	38	0	3	41	0	0
4	103028660	.	C	T	10	2	12	0	0	12	0	0
4	108198313	.	A	G	5	10	15	0	0	15	0	0
4	108874777	.	C	G	6	4	10	0	0	10	0	0
4	115991567	.	T	C	20	5	25	0	0	25	0	0
4	116410112	.	T	C	12	3	15	0	0	15	0	0
4	118483276	.	A	G	29	9	38	0	1	39	0	0
4	118483277	.	A	G	31	8	39	0	0	39	0	0
4	118484005	.	A	G	18	22	40	0	1	41	0	0
4	118484020	.	A	G	33	7	40	0	2	42	0	0
4	118484072	.	A	G	30	9	39	0	0	39	0	0
4	119080668	.	T	C	12	5	17	0	3	20	0	0
4	119080724	.	T	C	15	8	23	0	1	24	0	0
4	119135361	.	C	T	25	50	75	0	24	99	0	0
4	124838094	.	A	G	9	14	23	0	0	23	0	0
4	124838169	.	A	G	18	6	24	0	0	24	0	0
4	125982944	.	A	G	15	7	22	0	1	23	0	0
4	125984993	.	A	G	12	3	15	0	4	19	0	0
4	125985005	.	A	G	15	3	18	0	4	22	0	0
4	125985065	.	A	G	7	5	12	1	1	14	0	0
4	125985458	.	A	G	29	7	36	0	0	36	0	0
4	129074340	.	T	C	2	2	4	0	0	4	0	0
4	129107038	.	A	G	1	2	3	0	0	3	0	0
4	129242397	.	A	G	0	2	2	1	1	4	0	0
4	131839575	.	T	C	19	5	24	5	0	29	0	0
4	133389520	.	T	C	8	2	10	0	0	10	0	0
4	133866408	.	T	C	2	2	4	0	0	4	0	0
4	137987341	.	A	G	104	28	132	0	4	136	0	0
4	137987354	.	A	G	83	46	129	0	0	129	0	0
4	139368532	.	C	T	5	2	7	0	0	7	0	0
4	140678893	.	A	G	18	5	23	2	0	25	0	0
4	141830787	.	A	C	5	1	6	0	4	10	0	0
4	141830793	.	A	C	5	0	5	0	4	9	0	0
4	147907770	.	T	C	8	2	10	1	0	11	0	0
4	147909533	.	A	C	3	2	5	0	0	6	1	0
4	148140817	.	A	G	15	7	22	0	2	24	0	0
4	148163513	.	T	C	10	2	12	0	0	12	0	0
4	149202586	.	A	G	26	8	34	0	0	34	0	0
4	149202605	.	A	G	34	6	40	0	0	40	0	0
4	149203211	.	A	G	19	16	35	0	0	35	0	0
4	149552635	.	T	C	2	5	7	0	0	7	0	0
4	149552818	.	T	C	4	3	7	0	1	8	0	0
4	154106538	.	A	G	5	5	10	0	2	12	0	0
4	155705891	.	A	G	11	6	17	1	0	18	0	0
4	155705922	.	A	G	16	4	20	1	1	22	0	0
4	155706828	.	A	G	33	6	39	0	3	42	0	0
4	156095123	.	A	G	77	47	124	0	2	126	0	0
4	156105693	.	T	C	4	2	6	0	0	6	0	0
5	3680495	.	T	C	6	5	11	0	0	11	0	0
5	3680498	.	T	C	6	5	11	0	0	11	0	0
5	3856881	.	T	C	8	2	10	0	0	10	0	0
5	13449717	.	C	T	3	1	4	0	4	8	0	0
5	22733550	.	C	T	2	2	4	4	0	8	0	0
5	22930275	.	T	C	1	3	4	5	0	9	0	0
5	23749502	.	T	C	1	3	4	0	0	4	0	0
5	25081776	.	A	T	13	2	15	0	0	15	0	0
5	25081778	.	G	C	12	2	14	0	0	14	0	0
5	25430882	.	A	G	5	2	7	0	1	8	0	0
5	25477416	.	C	T	20	5	25	0	5	30	0	0
5	30473849	.	C	T	23	5	28	0	2	30	0	0
5	31026169	.	A	G	2	3	5	0	0	5	0	0
5	31316473	.	T	A	35	21	56	0	1	57	0	0
5	31330824	.	T	C	16	9	25	0	1	26	0	0
5	33149571	.	A	G	10	4	14	0	1	15	0	0
5	33149755	.	A	G	16	3	19	0	0	19	0	0
5	33149943	.	A	G	13	4	17	0	0	17	0	0
5	33573262	.	A	G	5	3	8	0	0	8	0	0
5	33573872	.	A	G	8	2	10	0	0	10	0	0
5	33573900	.	A	G	2	6	8	0	1	9	0	0
5	33575694	.	A	G	5	5	10	0	0	10	0	0
5	33575699	.	A	G	6	4	10	0	0	10	0	0
5	36157689	.	C	T	11	5	16	0	1	17	0	0
5	36157699	.	C	T	13	2	15	0	5	20	0	0
5	39764345	.	A	G	2	2	4	0	0	4	0	0
5	57874513	.	A	C	4	1	5	0	3	8	0	0
5	64066995	.	G	T	3	2	5	0	4	9	0	0
5	64066996	.	C	T	6	0	6	0	4	10	0	0
5	65605388	.	T	C	56	28	84	1	1	86	0	0
5	65605389	.	T	C	48	30	78	1	6	85	0	0
5	66422225	.	A	G	2	2	4	0	0	4	0	0
5	66422232	.	A	G	1	2	3	0	0	3	0	0
5	75165420	.	C	G	5	1	6	0	0	6	0	0
5	76125262	.	T	A	5	1	6	0	0	6	0	0
5	77555578	.	T	C	8	7	15	0	0	15	0	0
5	77555630	.	T	C	3	18	21	0	2	23	0	0
5	91908983	.	T	C	1	3	4	4	0	8	0	0
5	103040772	.	T	C	3	2	5	0	0	5	0	0
5	104652843	.	A	G	32	8	40	0	0	40	0	0
5	104652845	.	A	G	31	10	41	0	0	41	0	0
5	110081429	.	C	T	7	4	11	0	5	16	0	0
5	110081431	.	C	T	6	5	11	0	4	15	0	0
5	110226481	.	T	C	1	7	8	0	0	8	0	0
5	111602747	.	C	T	3	5	8	1	4	13	0	0
5	113235854	.	T	C	31	13	44	0	0	44	0	0
5	113235873	.	T	C	30	12	42	0	2	44	0	0
5	113873969	.	G	C	3	2	5	0	2	7	0	0
5	113873971	.	T	C	4	0	4	0	3	7	0	0
5	115434850	.	G	A	19	6	25	0	3	28	0	0
5	117412698	.	G	A	14	3	17	0	0	17	0	0
5	118330645	.	A	G	10	2	12	0	9	21	0	0
5	121683667	.	T	C	8	2	10	0	0	10	0	0
5	121683846	.	T	C	1	2	3	0	0	3	0	0
5	121941595	.	A	G	3	1	4	0	1	5	0	0
5	121941617	.	A	G	2	2	4	0	0	4	0	0
5	122546590	.	A	G	13	2	15	0	0	15	0	0
5	122546790	.	A	G	16	3	19	0	0	19	0	0
5	122848428	.	A	G	1	2	3	0	0	3	0	0
5	122872763	.	T	C	21	4	25	0	0	25	0	0
5	123303207	.	T	C	1	2	3	0	0	3	0	0
5	123386729	.	A	G	28	6	34	0	0	34	0	0
5	123387747	.	A	G	10	2	12	0	0	12	0	0
5	123654715	.	T	C	8	2	10	0	0	10	0	0
5	123879315	.	T	C	6	12	18	0	0	18	0	0
5	123879350	.	T	C	6	4	10	0	0	10	0	0
5	124417071	.	T	C	1	2	3	0	0	3	0	0
5	125102953	.	C	T	5	2	7	0	0	7	0	0
5	125533669	.	A	G	22	65	87	0	0	87	0	0
5	125533687	.	A	G	81	16	97	0	1	98	0	0
5	125533970	.	A	G	54	14	68	0	3	71	0	0
5	125533991	.	A	G	83	11	94	0	1	95	0	0
5	125534541	.	A	G	63	40	103	1	1	105	0	0
5	129795803	.	A	G	23	4	27	0	0	27	0	0
5	129795821	.	A	G	3	17	20	0	1	21	0	0
5	129797823	.	A	G	16	13	29	0	2	31	0	0
5	129798517	.	A	G	18	4	22	0	1	23	0	0
5	130162859	.	A	G	1	2	3	0	0	3	0	0
5	131466449	.	C	T	11	5	16	0	7	23	0	0
5	134173078	.	G	A	6	17	23	0	8	31	0	0
5	135166612	.	T	C	1	1	2	0	1	3	0	0
5	135192126	.	A	G	8	2	10	0	0	10	0	0
5	135405677	.	C	T	20	5	25	0	0	25	0	0
5	135437709	.	T	C	18	8	26	0	0	26	0	0
5	135437715	.	T	C	15	6	21	0	1	22	0	0
5	135665678	.	A	G	1	3	4	0	0	4	0	0
5	136941953	.	A	G	115	33	148	0	0	148	0	0
5	137142795	.	G	T	2	1	3	0	0	3	0	0
5	137336111	.	T	C	5	1	6	0	1	7	0	0
5	137361570	.	T	C	3	2	5	0	0	5	0	0
5	137927193	.	C	G	1	2	3	0	0	3	0	0
5	138142191	.	G	T	2	2	4	0	0	4	0	0
5	140601103	.	T	C	7	3	10	0	0	10	0	0
5	140606797	.	C	G	23	11	34	0	12	47	1	0
5	142655047	.	A	G	113	30	143	0	3	146	0	0
5	142711238	.	A	C	5	2	7	0	0	7	0	0
5	142711248	.	G	C	3	2	5	0	2	7	0	0
5	142855831	.	T	C	11	20	31	0	0	31	0	0
5	142855848	.	T	C	21	7	28	0	7	35	0	0
5	142976793	.	C	T	15	3	18	0	5	23	0	0
5	142976801	.	C	T	15	2	17	0	5	22	0	0
5	143381321	.	A	G	1	2	3	0	0	3	0	0
5	143382050	.	A	G	2	3	5	0	0	5	0	0
5	143751066	.	A	G	18	8	26	2	0	28	0	0
5	145045567	.	C	A	3	4	7	0	1	8	0	0
5	150414528	.	A	C	1	1	2	0	1	3	0	0
5	150414534	.	A	C	1	2	3	0	0	3	0	0
6	4760212	.	T	C	11	2	13	0	1	14	0	0
6	5492737	.	T	G	7	2	9	0	1	10	0	0
6	31489086	.	A	G	13	5	18	0	0	18	0	0
6	31492602	.	A	G	15	7	22	0	0	22	0	0
6	31492682	.	A	G	8	16	24	0	3	27	0	0
6	47846393	.	A	G	15	6	21	0	0	21	0	0
6	47848349	.	A	G	16	5	21	0	0	21	0	0
6	47848373	.	A	G	9	10	19	0	0	19	0	0
6	47848652	.	A	G	8	4	12	0	0	12	0	0
6	47848942	.	A	G	12	4	16	0	0	16	0	0
6	47849226	.	A	G	14	3	17	0	0	17	0	0
6	48570864	.	C	G	5	2	7	0	2	9	0	0
6	49032628	.	G	A	4	2	6	0	0	6	0	0
6	49231812	.	T	C	13	8	21	0	1	22	0	0
6	51445967	.	G	C	3	0	3	0	4	7	0	0
6	51445973	.	A	C	4	4	8	0	0	8	0	0
6	51459935	.	A	T	16	0	16	4	13	33	0	0
6	53672330	.	A	T	5	2	7	0	0	7	0	0
6	65684152	.	A	G	1	2	3	0	1	4	0	0
6	65684423	.	A	G	3	4	7	0	0	7	0	0
6	65684424	.	A	G	3	3	6	0	1	7	0	0
6	66517110	.	A	G	6	6	12	0	0	12	0	0
6	66517122	.	A	G	7	2	9	0	1	10	0	0
6	66517625	.	A	G	7	6	13	0	0	13	0	0
6	66517635	.	A	G	7	5	12	0	0	12	0	0
6	66517724	.	A	G	8	1	9	0	1	10	0	0
6	66517775	.	A	G	11	3	14	0	0	14	0	0
6	67273501	.	A	G	7	3	10	0	0	10	0	0
6	71841048	.	A	G	3	2	5	0	0	5	0	0
6	83079556	.	C	T	11	2	13	0	0	13	0	0
6	83962492	.	C	T	4	2	6	0	1	7	0	0
6	83962493	.	C	T	3	1	4	0	3	7	0	0
6	84790053	.	T	G	1	3	4	1	0	5	0	0
6	85932353	.	T	C	14	12	26	0	1	27	0	0
6	86391922	.	A	G	1	7	8	0	0	8	0	0
6	86393034	.	A	G	8	2	10	0	0	10	0	0
6	87793165	.	A	C	3	1	4	0	2	6	0	0
6	87795142	.	T	C	13	3	16	0	1	17	0	0
6	96010078	.	C	T	4	3	7	0	0	7	0	0
6	96010333	.	A	G	4	2	6	0	1	7	0	0
6	99855189	.	A	T	6	1	7	46	1	54	0	0
6	113470300	.	G	A	11	2	13	0	1	14	0	0
6	115229054	.	G	A	1	2	3	0	0	3	0	0
6	115229055	.	C	A	1	0	1	0	2	3	0	0
6	117974482	.	C	T	2	2	4	5	0	9	0	0
6	119458909	.	A	C	10	3	13	0	2	15	0	0
6	119458914	.	A	C	8	0	8	0	5	13	0	0
6	119896957	.	A	G	10	3	13	0	0	13	0	0
6	119898378	.	A	G	9	2	11	0	0	11	0	0
6	120324239	.	T	C	2	4	6	0	0	6	0	0
6	120908695	.	A	G	9	3	12	0	0	12	0	0
6	122715481	.	T	C	4	2	6	0	1	7	0	0
6	122716311	.	T	C	4	3	7	0	0	7	0	0
6	122716319	.	T	C	3	2	5	0	0	5	0	0
6	124684687	.	A	G	2	2	4	0	0	4	0	0
6	126619121	.	T	C	75	40	115	0	2	117	0	0
6	126717815	.	A	C	4	2	6	0	3	9	0	0
6	127259372	.	T	C	0	2	2	0	1	3	0	0
6	128318896	.	T	C	1	2	3	0	0	3	0	0
6	140540355	.	G	C	4	1	5	0	0	5	0	0
6	146012079	.	C	T	12	3	15	0	0	15	0	0
6	146733366	.	A	G	3	2	5	0	0	5	0	0
6	149058967	.	T	C	4	2	6	0	0	6	0	0
6	149083412	.	A	G	2	1	3	0	0	3	0	0
6	149227852	.	T	C	4	2	6	0	0	6	0	0
7	3231347	.	G	C	2	2	4	15	0	19	0	0
7	3386097	.	A	G	11	2	13	0	0	13	0	0
7	4811447	.	A	G	6	2	8	89	0	97	0	0
7	4899709	.	A	T	3	2	5	1	0	6	0	0
7	4899710	.	T	A	3	2	5	1	0	6	0	0
7	6357880	.	A	G	1	3	4	0	0	4	0	0
7	6357928	.	A	G	4	3	7	0	0	7	0	0
7	6678646	.	T	C	4	3	7	0	0	7	0	0
7	6968001	.	A	G	19	5	24	0	0	24	0	0
7	6968013	.	A	G	10	10	20	0	0	20	0	0
7	6968063	.	T	G	14	6	20	0	0	20	0	0
7	6969234	.	A	G	25	6	31	0	1	32	0	0
7	6969259	.	A	G	35	6	41	0	2	43	0	0
7	6969286	.	A	G	23	6	29	0	0	29	0	0
7	6969451	.	A	G	10	7	17	0	0	17	0	0
7	6969462	.	A	G	18	3	21	0	2	23	0	0
7	6969513	.	A	G	7	20	27	0	0	27	0	0
7	12706114	.	A	G	10	2	12	0	0	12	0	0
7	12706157	.	A	G	11	4	15	0	0	15	0	0
7	12707543	.	A	G	3	2	5	0	0	5	0	0
7	12707548	.	A	G	3	2	5	0	0	5	0	0
7	12718907	.	C	T	1	4	5	0	0	5	0	0
7	15022690	.	C	A	3	1	4	47	1	52	0	0
7	15864164	.	G	C	5	4	9	0	6	15	0	0
7	15864170	.	T	C	9	4	13	0	4	17	0	0
7	16515475	.	T	A	2	4	6	0	0	6	0	0
7	16568569	.	A	C	1	5	6	0	1	7	0	0
7	16619272	.	A	G	9	51	60	0	3	63	0	0
7	16619714	.	A	G	49	15	64	0	0	64	0	0
7	16650305	.	G	C	6	46	52	1	1	54	0	0
7	16651111	.	C	A	2774	1	2775	12	33	2821	1	0
7	18598949	.	G	A	1	3	4	0	1	5	0	0
7	18696483	.	T	C	37	28	65	0	7	72	0	0
7	18873575	.	A	T	8	2	10	0	0	10	0	0
7	18873686	.	T	C	16	6	22	0	0	22	0	0
7	18873733	.	T	C	11	3	14	0	0	14	0	0
7	18874314	.	T	C	21	5	26	0	0	26	0	0
7	19192472	.	T	G	10	2	12	0	1	13	0	0
7	19240036	.	T	C	17	3	20	0	0	20	0	0
7	19638449	.	T	A	2	3	5	0	0	5	0	0
7	19638461	.	T	A	3	3	6	0	0	6	0	0
7	19655075	.	G	T	0	2	2	0	1	3	0	0
7	23840812	.	T	C	2	6	8	5	0	13	0	0
7	23840986	.	C	A	10	3	13	0	0	13	0	0
7	23974961	.	C	T	1	5	6	11	0	17	0	0
7	23975294	.	A	G	1	3	4	7	0	11	0	0
7	24710068	.	T	C	84	15	99	0	1	100	0	0
7	24710075	.	T	C	79	20	99	0	5	105	1	0
7	24771992	.	T	C	8	9	17	0	6	23	0	0
7	24788489	.	T	C	8	2	10	0	0	10	0	0
7	26905060	.	A	G	4	8	12	0	0	12	0	0
7	27176636	.	G	A	1	6	7	0	0	7	0	0
7	27176649	.	A	G	1	4	5	0	0	5	0	0
7	27227593	.	T	C	74	11	85	0	4	89	0	0
7	27520956	.	A	G	2	4	6	0	0	6	0	0
7	27543795	.	G	A	4	2	6	11	0	17	0	0
7	27582427	.	C	G	1	2	3	0	0	3	0	0
7	27649003	.	C	A	2	1	3	10	0	13	0	0
7	27663471	.	G	A	2	2	4	1	0	5	0	0
7	27663507	.	T	C	3	2	5	1	0	6	0	0
7	27663582	.	A	G	1	3	4	0	0	4	0	0
7	27706778	.	C	T	7	2	9	2	0	11	0	0
7	27706780	.	C	T	9	2	11	2	0	13	0	0
7	29664648	.	C	G	1	3	4	134	0	138	0	0
7	29664956	.	T	C	2	2	4	2	0	6	0	0
7	35091052	.	A	G	10	2	12	0	1	13	0	0
7	39218901	.	A	G	11	2	13	0	0	13	0	0
7	43174884	.	T	C	1	3	4	0	0	4	0	0
7	43175823	.	T	C	3	2	5	0	0	5	0	0
7	45032973	.	T	C	11	6	17	0	1	18	0	0
7	45122926	.	T	C	8	2	10	0	0	10	0	0
7	45141114	.	T	C	1	3	4	0	0	4	0	0
7	46574856	.	T	C	11	2	13	2	1	16	0	0
7	49206120	.	A	G	2	6	8	0	0	8	0	0
7	55575241	.	A	G	1	3	4	0	0	4	0	0
7	55627368	.	T	C	85	31	116	0	5	121	0	0
7	58899042	.	T	C	7	2	9	0	0	9	0	0
7	58980002	.	T	C	7	2	9	0	0	9	0	0
7	59037439	.	C	T	14	6	20	2	0	22	0	0
7	60935667	.	A	C	5	2	7	0	0	7	0	0
7	60935671	.	G	C	5	3	8	0	0	8	0	0
7	62029437	.	T	C	6	2	8	0	0	8	0	0
7	63990472	.	A	G	6	2	8	0	0	8	0	0
7	67382347	.	C	T	10	5	15	0	1	16	0	0
7	67879576	.	T	C	1	2	3	0	10	13	0	0
7	73068209	.	G	C	21	7	28	0	7	35	0	0
7	73590294	.	C	T	5	1	6	0	1	7	0	0
7	73590300	.	C	T	5	2	7	0	0	7	0	0
7	75403234	.	C	T	11	2	13	0	1	14	0	0
7	75403236	.	G	T	13	2	15	0	1	16	0	0
7	79115122	.	A	T	6	2	8	0	0	8	0	0
7	79889662	.	A	G	6	2	8	0	0	8	0	0
7	79891696	.	A	G	2	2	4	0	0	4	0	0
7	79891697	.	A	G	2	2	4	0	0	4	0	0
7	80361800	.	T	C	16	4	20	0	0	20	0	0
7	81180352	.	A	G	2	2	4	0	0	4	0	0
7	81180363	.	A	G	4	2	6	0	0	6	0	0
7	81521958	.	A	G	5	3	8	0	0	8	0	0
7	81522050	.	A	G	2	2	4	0	1	5	0	0
7	83274886	.	T	C	10	3	13	0	0	13	0	0
7	83406399	.	G	A	1	6	7	1	0	8	0	0
7	83758713	.	C	A	8	2	10	0	2	12	0	0
7	97864380	.	A	G	7	3	10	0	0	10	0	0
7	101561470	.	A	G	8	2	10	0	0	10	0	0
7	103988513	.	T	C	1	2	3	0	0	3	0	0
7	109659027	.	T	C	1	2	3	1	0	4	0	0
7	113168935	.	G	A	28	15	43	0	7	50	0	0
7	123582103	.	A	G	19	4	23	0	0	23	0	0
7	123582585	.	A	G	11	3	14	0	0	14	0	0
7	126423019	.	G	C	9	6	15	0	4	19	0	0
7	126423022	.	A	C	11	4	15	0	2	17	0	0
7	126853494	.	A	G	36	6	42	0	0	42	0	0
7	126853784	.	A	G	61	11	72	0	2	74	0	0
7	127165834	.	A	G	2	2	4	0	0	4	0	0
7	127165851	.	A	G	2	3	5	0	0	5	0	0
7	128385724	.	C	A	21	4	25	0	3	28	0	0
7	131048678	.	A	G	4	2	6	0	0	6	0	0
7	131048682	.	A	G	1	4	5	0	1	6	0	0
7	138516521	.	A	C	1	2	3	0	0	3	0	0
7	140391011	.	T	C	25	5	30	0	0	30	0	0
7	140391023	.	T	C	13	17	30	0	1	31	0	0
7	140796971	.	G	C	3	1	4	0	0	4	0	0
7	140916604	.	A	G	35	7	42	0	0	42	0	0
7	141014406	.	T	G	6	3	9	0	5	14	0	0
7	141503544	.	T	A	5	1	6	0	0	8	2	0
7	142207010	.	T	C	29	6	35	0	1	36	0	0
7	142837548	.	A	G	2	2	4	0	0	4	0	0
8	3588384	.	A	G	1	5	6	0	0	6	0	0
8	3589445	.	A	G	8	3	11	0	0	11	0	0
8	4676164	.	G	C	13	2	15	0	0	15	0	0
8	13336085	.	T	C	1	3	4	0	0	4	0	0
8	19732474	.	C	A	7	7	14	1	0	15	0	0
8	19737779	.	A	G	8	2	10	14	0	24	0	0
8	19737782	.	C	G	8	2	10	14	0	24	0	0
8	19741629	.	C	T	6	7	13	5	0	18	0	0
8	19747748	.	C	A	4	2	6	19	0	25	0	0
8	19834807	.	A	T	16	4	20	58	1	79	0	0
8	20030726	.	C	A	22	4	26	16	0	42	0	0
8	20030843	.	C	T	22	5	27	9	1	37	0	0
8	20030855	.	G	A	21	4	25	11	1	37	0	0
8	20030895	.	C	A	34	6	40	29	0	69	0	0
8	20030901	.	C	A	43	16	59	34	1	94	0	0
8	20053431	.	C	T	2	2	4	1	0	5	0	0
8	20157920	.	G	T	8	5	13	53	0	67	1	0
8	20157964	.	A	G	2	2	4	66	0	70	0	0
8	20727130	.	G	A	41	15	56	5	0	61	0	0
8	26306818	.	C	T	14	1	15	0	0	15	0	0
8	26306819	.	A	C	12	1	13	0	0	13	0	0
8	41370800	.	A	G	12	4	16	0	0	16	0	0
8	41370836	.	A	G	16	4	20	0	0	20	0	0
8	42700052	.	A	G	1	1	2	10	1	13	0	0
8	42700188	.	T	C	1	2	3	2	0	5	0	0
8	42700336	.	G	A	9	2	11	31	3	45	0	0
8	70017218	.	C	G	1	5	6	9	1	16	0	0
8	70017232	.	G	A	1	7	8	5	0	13	0	0
8	70028682	.	T	C	2	3	5	2	0	7	0	0
8	70028756	.	G	A	4	5	9	1	0	10	0	0
8	70967363	.	T	C	3	3	6	0	0	6	0	0
8	70967375	.	T	C	2	3	5	0	2	7	0	0
8	71826317	.	A	G	4	2	6	0	1	7	0	0
8	71826392	.	A	G	8	3	11	0	0	11	0	0
8	72056438	.	C	A	4	1	5	0	0	5	0	0
8	72935942	.	A	G	2	2	4	0	0	4	0	0
8	72977426	.	A	G	11	17	28	0	0	28	0	0
8	78322744	.	A	T	12	4	16	0	2	18	0	0
8	78322746	.	G	T	13	2	15	0	5	20	0	0
8	82848815	.	G	A	7	2	9	0	0	9	0	0
8	84723069	.	T	A	5	7	12	0	1	13	0	0
8	84977744	.	T	C	5	2	7	0	0	7	0	0
8	84977909	.	T	C	5	2	7	0	0	7	0	0
8	84982725	.	T	C	4	3	7	0	0	7	0	0
8	85142330	.	A	G	17	3	20	0	1	21	0	0
8	85593307	.	A	G	4	3	7	0	0	7	0	0
8	85802206	.	T	A	5	1	6	0	1	7	0	0
8	85813273	.	A	G	3	2	5	0	0	5	0	0
8	85837099	.	T	C	4	1	5	0	0	5	0	0
8	88898496	.	A	G	28	5	33	0	1	35	1	0
8	88986099	.	G	A	8	2	10	28	0	38	0	0
8	96099873	.	G	C	14	1	15	0	2	17	0	0
8	96099877	.	G	C	14	2	16	0	1	17	0	0
8	96179548	.	G	T	11	5	16	0	4	20	0	0
8	96179550	.	A	T	11	2	13	0	5	18	0	0
8	104987504	.	A	G	1	2	3	0	0	3	0	0
8	105322660	.	A	C	5	3	8	0	0	8	0	0
8	105322663	.	T	C	4	2	6	0	2	8	0	0
8	107149194	.	A	G	2	2	4	0	0	4	0	0
8	107744427	.	A	G	13	4	17	0	0	17	0	0
8	107744841	.	A	G	16	3	19	0	0	19	0	0
8	107744848	.	A	G	5	13	18	0	0	18	0	0
8	107746022	.	C	T	2	1	3	0	1	4	0	0
8	108144485	.	T	C	10	3	13	0	0	13	0	0
8	108144504	.	T	C	1	4	5	0	0	5	0	0
8	110817217	.	A	G	39	13	52	0	2	54	0	0
8	111731423	.	T	C	22	6	28	0	0	28	0	0
8	111731758	.	T	C	25	7	32	0	0	32	0	0
8	121821589	.	T	C	6	6	12	0	1	13	0	0
8	123198430	.	T	C	4	3	7	0	0	7	0	0
8	123355941	.	C	T	4	2	6	0	2	8	0	0
8	123858368	.	A	G	10	2	12	0	0	12	0	0
8	123983917	.	A	G	1	2	3	0	0	3	0	0
8	124261954	.	A	G	9	5	14	0	1	15	0	0
8	124261955	.	A	G	11	4	15	0	0	15	0	0
8	125620861	.	T	C	32	12	44	0	1	45	0	0
8	125620868	.	T	C	44	7	51	0	0	51	0	0
8	125620923	.	T	C	12	31	43	0	1	44	0	0
8	125620929	.	T	C	15	19	34	0	1	35	0	0
8	129361216	.	G	C	0	2	2	0	1	3	0	0
9	3387771	.	A	G	19	11	30	0	0	30	0	0
9	4313759	.	A	G	5	3	8	0	0	8	0	0
9	4331585	.	T	C	6	2	8	0	0	8	0	0
9	4456006	.	T	C	12	21	33	0	0	33	0	0
9	8022080	.	T	C	10	5	15	0	1	16	0	0
9	15653681	.	T	A	1	2	3	0	0	3	0	0
9	20512443	.	A	G	10	4	14	0	0	14	0	0
9	20512912	.	A	G	7	2	9	0	0	9	0	0
9	20512914	.	A	G	7	2	9	0	0	9	0	0
9	20513843	.	A	G	2	5	7	0	0	7	0	0
9	20513844	.	A	G	3	4	7	0	0	7	0	0
9	20515432	.	A	G	11	4	15	0	0	15	0	0
9	20515715	.	A	G	1	3	4	0	0	4	0	0
9	20515808	.	A	G	1	3	4	0	0	4	0	0
9	21122912	.	G	A	31	13	44	1	4	49	0	0
9	21929086	.	G	T	15	5	20	1	4	25	0	0
9	21929088	.	C	T	15	4	19	1	4	25	1	0
9	27260291	.	G	T	3	2	5	0	4	9	0	0
9	37297864	.	C	A	4	2	6	0	1	7	0	0
9	37297865	.	G	A	5	1	6	0	1	7	0	0
9	43957544	.	A	G	7	4	11	0	0	11	0	0
9	44204075	.	T	C	27	6	33	0	1	34	0	0
9	44204076	.	T	C	27	6	33	0	0	33	0	0
9	44206135	.	T	C	16	3	19	0	0	19	0	0
9	44212728	.	T	C	1	2	3	0	0	3	0	0
9	44322503	.	T	C	7	2	9	0	0	9	0	0
9	44666949	.	T	C	1	1	2	0	1	3	0	0
9	45747294	.	C	T	1	4	5	0	0	5	0	0
9	49413448	.	C	T	2	2	4	0	0	4	0	0
9	54275803	.	G	T	6	2	8	0	2	10	0	0
9	54275804	.	G	T	7	3	10	0	1	11	0	0
9	54732169	.	T	C	9	2	11	24	0	35	0	0
9	54732171	.	G	A	2	2	4	21	0	25	0	0
9	54854496	.	A	G	2	3	5	0	0	5	0	0
9	55714366	.	C	T	13	6	19	0	1	20	0	0
9	56131053	.	A	C	8	2	10	335	1	346	0	0
9	57449244	.	G	T	10	2	12	0	2	14	0	0
9	65253476	.	A	G	6	3	9	0	0	9	0	0
9	65273907	.	A	G	1	2	3	0	0	3	0	0
9	65309623	.	A	G	2	2	4	0	0	4	0	0
9	67892060	.	C	T	13	5	18	0	2	20	0	0
9	67892066	.	C	T	17	2	19	0	6	25	0	0
9	72366856	.	T	C	5	2	7	0	0	7	0	0
9	72635965	.	A	G	2	2	4	0	0	4	0	0
9	73387872	.	G	T	13	8	21	0	2	23	0	0
9	73387877	.	C	T	9	6	15	0	5	20	0	0
9	79351592	.	T	C	1	2	3	0	0	3	0	0
9	95448061	.	C	T	15	6	21	0	5	26	0	0
9	95939293	.	A	G	31	9	40	1	1	42	0	0
9	96777818	.	T	C	3	2	5	263	1	269	0	0
9	103062470	.	C	A	17	6	23	0	1	24	0	0
9	103062472	.	C	A	7	9	16	0	0	16	0	0
9	106540945	.	T	C	3	2	5	0	0	5	0	0
9	106540968	.	T	C	4	2	6	0	0	6	0	0
9	107640487	.	T	C	6	5	11	0	0	11	0	0
9	109659993	.	A	G	8	2	10	0	0	10	0	0
9	110086210	.	A	G	9	2	11	0	0	11	0	0
9	110150912	.	A	G	8	3	11	0	0	11	0	0
9	118753640	.	A	G	14	2	16	0	5	21	0	0
9	118754231	.	C	G	16	5	21	0	2	24	1	0
9	121564523	.	G	A	3	2	5	0	2	7	0	0
9	121584335	.	A	C	8	2	10	0	3	13	0	0
9	121584341	.	A	C	10	3	13	0	3	16	0	0
9	122508524	.	T	C	10	3	13	0	1	14	0	0
9	122725313	.	A	G	1	2	3	0	0	3	0	0
9	124034058	.	T	G	16	8	24	3	1	28	0	0
X	7239449	.	C	A	4	2	6	0	0	6	0	0
X	7517583	.	A	G	4	3	7	0	0	7	0	0
X	7773342	.	A	G	12	2	14	0	0	14	0	0
X	7774376	.	A	G	1	5	6	0	0	6	0	0
X	35226946	.	C	G	5	1	6	0	1	7	0	0
X	37653248	.	C	G	2	1	3	0	2	5	0	0
X	37653311	.	T	G	3	2	5	0	1	6	0	0
X	37697716	.	A	G	5	2	7	0	0	7	0	0
X	37698808	.	A	G	12	4	16	0	1	17	0	0
X	40743129	.	A	G	19	119	138	1	1	140	0	0
X	40743165	.	A	G	9	8	17	0	0	17	0	0
X	52045173	.	C	T	11	5	16	0	0	16	0	0
X	55695874	.	A	G	1	8	9	0	0	9	0	0
X	60231705	.	A	G	16	13	29	0	0	29	0	0
X	71488898	.	T	C	12	108	120	0	0	120	0	0
X	73270255	.	T	C	12	7	19	0	0	19	0	0
X	73270256	.	T	C	2	17	19	0	0	19	0	0
X	73270468	.	T	C	10	20	30	0	6	36	0	0
X	73328787	.	A	G	4	5	9	0	0	9	0	0
X	73329444	.	A	G	2	2	4	0	0	4	0	0
X	87616192	.	T	G	1	3	4	0	0	4	0	0
X	87803595	.	T	A	12	2	14	976	0	990	0	0
X	93318384	.	A	T	0	3	3	0	3	6	0	0
X	93318385	.	G	T	2	2	4	0	2	6	0	0
X	97987714	.	A	G	2	2	4	0	0	4	0	0
X	102620090	.	T	C	4	11	15	0	0	15	0	0
X	102620099	.	T	C	6	10	16	0	0	16	0	0
X	102620158	.	T	C	6	8	14	0	0	14	0	0
X	102620159	.	T	C	1	11	12	0	1	13	0	0
X	102623385	.	T	C	12	4	16	0	0	16	0	0
X	102631411	.	T	C	11	2	13	0	0	13	0	0
X	102631412	.	T	C	11	2	13	0	0	13	0	0
X	102631489	.	T	C	8	3	11	0	0	11	0	0
X	104084545	.	T	C	5	3	8	0	0	8	0	0
X	119071173	.	G	A	1	2	3	0	1	4	0	0
X	133489294	.	T	C	12	3	15	0	0	15	0	0
X	133489379	.	T	C	6	5	11	0	0	11	0	0
X	133489405	.	T	C	4	9	13	0	0	13	0	0
X	133490062	.	T	C	6	3	9	0	0	9	0	0
X	133490096	.	T	C	9	3	12	0	1	13	0	0
X	133490134	.	T	C	7	2	9	0	0	9	0	0
X	133490145	.	T	C	10	4	14	0	0	14	0	0
X	138844312	.	T	C	14	4	18	0	0	18	0	0
X	138846154	.	T	C	3	4	7	0	1	8	0	0
X	140507620	.	T	C	1	4	5	0	1	6	0	0
X	149766871	.	T	C	68	22	90	0	6	96	0	0
X	149767614	.	T	C	82	70	152	0	6	158	0	0
X	149768450	.	T	C	209	69	278	0	3	281	0	0
X	151693091	.	C	A	0	2	2	5	1	8	0	0
X	152616350	.	C	T	10	2	12	0	0	12	0	0
X	164972992	.	A	G	10	2	12	3	0	15	0	0
X	168761798	.	A	G	1	4	5	3	0	8	0	0
X	168768041	.	C	T	2	2	4	1	0	5	0	0
Y	1016394	.	A	G	14	22	36	0	4	40	0	0
Y	1048604	.	A	G	11	2	13	0	0	13	0	0
Y	1048692	.	A	G	7	2	9	0	0	9	0	0
Y	1048726	.	A	G	3	4	7	0	0	7	0	0
Y	1048870	.	A	G	3	5	8	0	0	8	0	0
