contig	position	variantID	refAllele	altAllele	refCount	altCount	totalCount	lowMAPQDepth	lowBaseQDepth	rawDepth	otherBases	improperPairs
1	9790061	.	T	C	15	4	19	0	0	19	0	0
1	10101774	.	T	C	2	2	4	0	1	5	0	0
1	11667213	.	A	G	50	10	60	0	2	62	0	0
1	11667225	.	A	G	47	6	53	0	0	53	0	0
1	11671340	.	A	G	43	9	52	0	0	52	0	0
1	13636292	.	T	A	11	3	14	0	5	19	0	0
1	13695260	.	T	C	6	3	9	1	0	10	0	0
1	13695959	.	T	C	11	5	16	4	0	20	0	0
1	13695965	.	T	C	6	6	12	5	0	17	0	0
1	13856110	.	G	C	1	3	4	0	0	4	0	0
1	13856292	.	T	C	3	2	5	0	1	6	0	0
1	16717105	.	T	C	9	2	11	0	0	11	0	0
1	22031785	.	T	C	1	13	14	0	0	14	0	0
1	22031965	.	T	C	16	3	19	0	0	19	0	0
1	24091769	.	T	C	2	2	4	0	0	4	0	0
1	33835472	.	T	C	5	2	7	0	0	7	0	0
1	36565749	.	G	T	24	4	28	0	3	31	0	0
1	36565750	.	A	T	25	3	28	0	3	31	0	0
1	36576695	.	C	T	1	2	3	0	0	3	0	0
1	39695898	.	A	G	3	3	6	0	0	6	0	0
1	39695983	.	A	G	1	2	3	0	0	3	0	0
1	51506146	.	T	C	1	3	4	0	0	4	0	0
1	52689985	.	G	T	1	1	2	0	1	3	0	0
1	59913367	.	A	G	54	22	76	0	1	77	0	0
1	60115443	.	A	G	6	2	8	0	0	8	0	0
1	60517747	.	A	G	51	29	80	1	7	88	0	0
1	60744104	.	G	A	2	2	4	155	0	159	0	0
1	63156443	.	A	G	2	5	7	0	0	7	0	0
1	66711873	.	A	G	113	43	156	2	5	163	0	0
1	75163777	.	T	C	1	2	3	0	0	3	0	0
1	75398649	.	A	G	28	5	33	0	0	33	0	0
1	75398708	.	A	G	2	21	23	0	2	25	0	0
1	79681738	.	G	T	13	3	16	0	0	16	0	0
1	79681745	.	G	T	13	2	15	0	0	15	0	0
1	86273633	.	T	C	8	15	23	0	0	23	0	0
1	86273638	.	T	C	12	10	22	0	0	22	0	0
1	86275458	.	T	C	27	6	33	0	0	33	0	0
1	86275459	.	T	C	27	5	32	0	1	33	0	0
1	86276528	.	T	C	19	6	25	0	1	26	0	0
1	86836917	.	T	C	1	5	6	10	0	16	0	0
1	88187289	.	A	G	1	4	5	0	0	5	0	0
1	88188057	.	A	C	1	2	3	0	0	3	0	0
1	88188121	.	A	C	2	1	3	0	1	4	0	0
1	88188255	.	C	T	1	3	4	0	1	5	0	0
1	88188277	.	C	G	3	4	7	0	0	7	0	0
1	88188846	.	T	G	2	4	6	0	0	6	0	0
1	88189360	.	G	A	2	3	5	0	0	5	0	0
1	88189404	.	C	T	2	2	4	0	0	4	0	0
1	88189435	.	G	C	3	4	7	0	0	7	0	0
1	88189611	.	A	G	3	2	5	1	0	6	0	0
1	88189685	.	C	A	3	2	5	0	0	5	0	0
1	88189707	.	C	T	5	2	7	0	0	7	0	0
1	88189784	.	A	G	5	2	7	0	0	7	0	0
1	88189797	.	G	A	3	4	7	0	1	8	0	0
1	88189889	.	C	T	6	5	11	0	0	11	0	0
1	88189910	.	T	C	5	2	7	0	0	7	0	0
1	88190006	.	T	A	2	3	5	0	1	6	0	0
1	88190661	.	G	C	2	2	4	0	0	4	0	0
1	88191237	.	A	C	15	42	57	0	3	60	0	0
1	88191320	.	C	T	16	34	50	0	0	50	0	0
1	88191706	.	G	A	32	7	39	0	1	40	0	0
1	88191710	.	T	C	11	29	40	0	0	40	0	0
1	88191744	.	C	A	47	9	56	0	0	56	0	0
1	88191864	.	G	T	55	9	64	0	3	67	0	0
1	88192037	.	T	A	3	18	21	0	0	21	0	0
1	88192048	.	G	C	19	32	51	0	0	51	0	0
1	88192098	.	G	A	51	10	61	0	1	62	0	0
1	88192180	.	G	T	71	9	80	0	3	83	0	0
1	88192184	.	T	A	68	10	78	0	3	81	0	0
1	88192243	.	A	G	5	42	47	0	2	49	0	0
1	88192700	.	G	A	13	29	42	0	1	43	0	0
1	88192756	.	G	A	10	37	47	0	1	48	0	0
1	88192980	.	A	G	5	37	42	1	1	44	0	0
1	88193031	.	C	G	11	14	25	4	2	31	0	0
1	88193194	.	C	T	5	7	12	4	3	19	0	0
1	88193292	.	T	A	1	2	3	6	0	9	0	0
1	88193568	.	A	C	2	6	8	33	0	41	0	0
1	88193702	.	T	G	3	9	12	36	0	48	0	0
1	88193917	.	G	A	12	26	38	16	0	54	0	0
1	88194314	.	C	A	41	9	50	2	2	54	0	0
1	88197053	.	T	C	11	35	46	0	0	46	0	0
1	88197991	.	A	G	11	38	49	0	1	50	0	0
1	88197996	.	C	T	6	54	60	0	0	60	0	0
1	88200653	.	A	C	2	21	23	0	0	23	0	0
1	88200670	.	G	A	2	19	21	0	1	22	0	0
1	88200832	.	C	T	8	7	15	0	0	15	0	0
1	88203447	.	G	A	1	3	4	3	0	7	0	0
1	88203643	.	A	G	1	3	4	0	0	4	0	0
1	88203670	.	C	T	1	4	5	3	0	8	0	0
1	88204960	.	T	C	4	26	30	3	0	33	0	0
1	88205247	.	A	G	0	2	2	0	1	3	0	0
1	91860479	.	C	T	14	2	16	1	0	17	0	0
1	91860480	.	G	T	15	2	17	1	0	18	0	0
1	93299307	.	A	G	20	6	26	0	0	26	0	0
1	105207655	.	C	T	8	1	9	0	1	10	0	0
1	105207656	.	C	T	10	1	11	0	1	12	0	0
1	106648377	.	A	G	9	2	11	0	0	11	0	0
1	109924431	.	T	C	7	2	9	0	0	9	0	0
1	118225697	.	T	C	6	2	8	0	1	9	0	0
1	119474586	.	A	G	4	2	6	0	1	7	0	0
1	125500234	.	C	T	24	4	28	0	4	32	0	0
1	131953439	.	T	C	14	12	26	0	0	26	0	0
1	132927928	.	T	C	4	3	7	0	0	7	0	0
1	133065748	.	A	G	42	12	54	0	1	55	0	0
1	143631379	.	T	C	7	2	9	0	2	11	0	0
1	143631393	.	T	C	10	3	13	0	0	13	0	0
1	156255182	.	T	C	5	15	20	0	0	20	0	0
1	156255601	.	T	C	5	2	7	0	0	7	0	0
1	160802511	.	T	C	8	3	11	0	0	11	0	0
1	160835343	.	T	C	2	2	4	0	0	4	0	0
1	162499744	.	G	A	7	4	11	2	4	17	0	0
1	162499745	.	T	A	7	2	9	2	7	18	0	0
1	165058782	.	T	C	3	2	5	0	0	5	0	0
1	165058785	.	T	C	2	3	5	0	0	5	0	0
1	165477158	.	A	G	7	2	9	0	0	9	0	0
1	166916330	.	A	C	7	4	11	0	10	21	0	0
1	167051315	.	C	G	2	2	4	0	0	4	0	0
1	167947968	.	A	G	4	2	6	0	0	6	0	0
1	173162580	.	G	C	17	2	19	0	16	35	0	0
1	180923662	.	T	C	27	6	33	0	1	34	0	0
1	180924020	.	T	C	19	5	24	0	0	24	0	0
1	180996273	.	A	C	11	5	16	0	0	16	0	0
1	183190594	.	A	G	12	6	18	0	1	19	0	0
1	190505415	.	C	T	18	16	34	0	0	34	0	0
10	7524278	.	T	C	5	5	10	0	0	10	0	0
10	9632715	.	G	A	10	3	13	0	1	14	0	0
10	20194396	.	A	G	1	2	3	0	0	3	0	0
10	20194416	.	A	G	1	2	3	0	0	3	0	0
10	29104018	.	G	T	9	3	12	0	2	14	0	0
10	29104019	.	G	T	10	2	12	0	4	16	0	0
10	33791335	.	A	G	2	4	6	0	0	6	0	0
10	33865248	.	T	C	5	3	8	0	0	8	0	0
10	33865251	.	T	C	4	4	8	0	0	8	0	0
10	33868474	.	T	C	11	4	15	0	0	15	0	0
10	42637623	.	C	T	5	2	7	0	0	7	0	0
10	49118640	.	T	C	9	8	17	0	1	18	0	0
10	49120426	.	T	C	3	32	35	0	0	35	0	0
10	49148872	.	T	C	9	27	36	0	0	36	0	0
10	49148885	.	T	C	11	20	31	0	0	31	0	0
10	57383221	.	A	G	4	2	6	0	0	6	0	0
10	57383252	.	A	G	2	3	5	0	0	5	0	0
10	67373837	.	C	T	9	3	12	0	1	13	0	0
10	79698199	.	T	C	3	2	5	0	0	5	0	0
10	81181979	.	T	C	12	2	14	0	0	14	0	0
10	81182083	.	T	C	14	2	16	0	1	17	0	0
10	82486401	.	T	C	16	6	22	0	0	22	0	0
10	82486613	.	T	C	20	8	28	0	0	28	0	0
10	86672208	.	A	G	36	19	55	0	2	57	0	0
10	93320682	.	T	A	11	4	15	0	2	17	0	0
10	93801926	.	T	C	9	3	12	0	0	12	0	0
10	94057224	.	A	G	13	5	18	0	1	19	0	0
10	99933188	.	T	C	14	3	17	0	2	19	0	0
10	105683211	.	C	A	10	2	12	0	5	17	0	0
10	122828281	.	C	G	10	2	12	5	0	17	0	0
10	126903751	.	T	C	64	13	77	0	1	78	0	0
10	127038297	.	T	C	6	4	10	0	0	10	0	0
10	127964417	.	C	T	20	7	27	0	1	28	0	0
10	128032463	.	A	G	1	2	3	0	1	4	0	0
10	128032727	.	A	G	1	2	3	0	0	3	0	0
11	3079179	.	C	T	4	2	6	7	0	13	0	0
11	4091399	.	T	C	17	4	21	0	0	21	0	0
11	4092046	.	T	C	23	5	28	0	0	28	0	0
11	4092085	.	T	C	10	11	21	0	0	21	0	0
11	4092775	.	T	C	13	2	15	0	0	15	0	0
11	4092790	.	T	C	15	7	22	0	0	22	0	0
11	19671092	.	G	A	0	3	3	1	1	5	0	0
11	26433255	.	A	G	5	2	7	0	0	7	0	0
11	30892820	.	T	C	5	2	7	0	0	7	0	0
11	33233911	.	A	G	5	2	7	0	0	7	0	0
11	43572939	.	A	G	11	5	16	0	0	16	0	0
11	43572970	.	A	G	13	2	15	0	0	15	0	0
11	43597941	.	T	C	1	2	3	0	0	3	0	0
11	43608523	.	A	G	1	2	3	0	0	3	0	0
11	43608524	.	A	G	1	2	3	0	0	3	0	0
11	46163470	.	T	C	97	517	614	1	7	623	1	0
11	48643731	.	G	A	6	2	8	22	1	31	0	0
11	48643747	.	G	A	1	2	3	4	0	7	0	0
11	48691187	.	C	T	40	12	52	0	1	53	0	0
11	52016508	.	A	G	17	3	20	0	0	20	0	0
11	52017633	.	A	G	17	3	20	0	1	21	0	0
11	59347027	.	A	G	21	24	45	0	0	45	0	0
11	59347029	.	A	G	27	18	45	0	0	45	0	0
11	59347092	.	A	G	33	9	42	0	1	43	0	0
11	59349242	.	A	G	24	6	30	0	0	30	0	0
11	59401881	.	A	G	3	5	8	0	1	9	0	0
11	59401884	.	A	G	6	2	8	0	0	8	0	0
11	60749148	.	A	G	4	2	6	0	0	6	0	0
11	62032236	.	A	G	3	4	7	0	0	7	0	0
11	66956050	.	A	G	1	3	4	0	0	4	0	0
11	69922901	.	A	G	12	8	20	0	0	20	0	0
11	69922950	.	A	G	11	5	16	0	1	17	0	0
11	69923921	.	A	G	8	3	11	0	0	11	0	0
11	69924751	.	A	G	6	2	8	0	0	8	0	0
11	69924767	.	A	G	8	2	10	0	0	10	0	0
11	69925824	.	A	G	3	6	9	0	0	9	0	0
11	69926648	.	A	G	8	2	10	0	0	10	0	0
11	69926813	.	A	G	4	4	8	0	0	8	0	0
11	69926817	.	A	G	7	3	10	0	0	10	0	0
11	69927363	.	A	G	3	4	7	0	0	7	0	0
11	69927374	.	A	G	2	3	5	0	0	5	0	0
11	69927869	.	A	G	5	6	11	0	0	11	0	0
11	69936321	.	C	T	8	3	11	0	0	11	0	0
11	72570452	.	A	G	3	2	5	0	0	5	0	0
11	74747599	.	T	C	1	3	4	0	0	4	0	0
11	75067210	.	T	C	51	8	59	0	0	59	0	0
11	75067258	.	T	C	41	12	53	0	0	53	0	0
11	75068247	.	A	G	42	8	50	0	0	50	0	0
11	75068285	.	T	C	28	11	39	0	2	41	0	0
11	75467185	.	G	T	5	6	11	0	0	11	0	0
11	77426880	.	T	C	54	13	67	0	1	68	0	0
11	77600713	.	C	T	12	3	15	0	2	17	0	0
11	78184535	.	A	G	4	4	8	0	0	8	0	0
11	78186027	.	A	G	9	4	13	0	1	14	0	0
11	78186044	.	A	G	6	5	11	0	0	11	0	0
11	78187443	.	A	G	5	2	7	0	0	7	0	0
11	78187460	.	A	G	4	2	6	0	1	7	0	0
11	78187480	.	A	G	3	2	5	0	0	5	0	0
11	78187512	.	A	G	11	2	13	0	0	13	0	0
11	78388386	.	G	A	1	4	5	1	1	7	0	0
11	78388387	.	C	A	1	4	5	1	1	7	0	0
11	78736472	.	A	G	1	4	5	0	0	5	0	0
11	84784190	.	T	C	4	2	6	1	0	7	0	0
11	85082181	.	C	T	17	6	23	0	14	37	0	0
11	86521333	.	T	C	1	6	7	2	0	9	0	0
11	87014114	.	A	G	8	2	10	0	0	10	0	0
11	87014308	.	A	G	8	2	10	0	1	11	0	0
11	87476439	.	A	G	10	2	12	0	0	12	0	0
11	88083921	.	T	C	2	2	4	0	2	6	0	0
11	88927208	.	T	C	9	13	22	0	0	22	0	0
11	88928606	.	T	C	6	3	9	0	0	9	0	0
11	94431318	.	T	C	6	4	10	0	0	10	0	0
11	95962283	.	T	C	5	2	7	0	1	8	0	0
11	96855788	.	A	G	4	3	7	0	0	7	0	0
11	96855790	.	A	G	5	2	7	0	0	7	0	0
11	96855850	.	A	G	4	2	6	0	0	6	0	0
11	97285031	.	A	C	11	2	13	0	1	14	0	0
11	97535690	.	T	C	12	4	16	0	0	16	0	0
11	100330625	.	T	C	5	2	7	0	0	7	0	0
11	100488792	.	T	C	20	8	28	0	0	28	0	0
11	100954541	.	G	A	15	3	18	0	1	19	0	0
11	101080710	.	A	C	10	5	15	0	1	16	0	0
11	101080714	.	G	C	12	5	17	0	10	27	0	0
11	101089126	.	T	C	7	5	12	0	0	12	0	0
11	101089557	.	T	C	20	6	26	0	0	26	0	0
11	101089729	.	T	C	12	5	17	0	2	19	0	0
11	101089802	.	T	C	12	12	24	0	0	24	0	0
11	101137103	.	G	A	4	2	6	0	1	7	0	0
11	101467457	.	A	G	4	2	6	0	0	6	0	0
11	102053496	.	G	A	1	4	5	0	3	8	0	0
11	102053507	.	G	A	1	1	2	0	2	4	0	0
11	102837091	.	T	C	11	2	13	0	0	13	0	0
11	105818906	.	A	G	101	16	117	0	3	120	0	0
11	108840870	.	A	C	1	2	3	0	3	6	0	0
11	108840875	.	A	C	1	2	3	0	4	7	0	0
11	109341818	.	A	G	5	2	7	0	0	7	0	0
11	113641632	.	G	A	2	1	3	0	0	3	0	0
11	116013650	.	T	C	2	2	4	0	0	4	0	0
11	116303813	.	T	C	10	3	13	0	2	15	0	0
11	116471963	.	T	C	12	46	58	0	1	59	0	0
11	119037626	.	T	C	33	6	39	0	0	39	0	0
11	120485569	.	G	A	12	2	14	0	0	14	0	0
11	120600258	.	T	C	5	2	7	0	0	7	0	0
12	3454168	.	A	G	48	8	56	12	1	69	0	0
12	3454248	.	A	G	18	49	67	18	3	88	0	0
12	3454647	.	A	G	43	48	91	12	5	109	1	0
12	3454648	.	A	G	79	17	96	12	1	109	0	0
12	8547666	.	A	T	1	2	3	0	0	3	0	0
12	17479425	.	T	C	13	4	17	0	2	19	0	0
12	17479431	.	G	C	15	3	18	0	1	19	0	0
12	17479602	.	A	G	12	7	19	0	0	19	0	0
12	17479613	.	A	G	13	5	18	0	0	18	0	0
12	17479809	.	A	G	9	17	26	0	0	26	0	0
12	17479860	.	A	G	20	3	23	0	1	24	0	0
12	27190828	.	G	A	9	3	12	0	5	17	0	0
12	46747117	.	T	C	41	14	55	0	1	56	0	0
12	54114697	.	T	C	9	3	12	0	0	12	0	0
12	54718540	.	T	C	18	7	25	0	1	26	0	0
12	54718798	.	T	C	7	3	10	0	1	11	0	0
12	54719070	.	T	C	37	7	44	0	0	44	0	0
12	54719142	.	T	C	30	5	35	0	0	35	0	0
12	55102739	.	T	C	5	2	7	0	0	7	0	0
12	64987606	.	T	C	7	2	9	0	0	9	0	0
12	65091803	.	A	G	2	2	4	0	0	4	0	0
12	69236271	.	T	C	5	2	7	0	0	7	0	0
12	69236276	.	T	C	5	2	7	0	0	7	0	0
12	69244102	.	A	G	20	17	37	0	0	37	0	0
12	70872758	.	A	G	4	1	5	0	0	5	0	0
12	71041403	.	A	G	7	29	36	0	2	38	0	0
12	71182331	.	G	T	4	2	6	0	0	6	0	0
12	71182333	.	C	T	3	2	5	0	0	5	0	0
12	72842800	.	C	T	13	6	19	0	15	34	0	0
12	72955878	.	T	C	10	2	12	0	1	13	0	0
12	72956113	.	T	C	12	3	15	0	0	15	0	0
12	75678010	.	C	T	1	2	3	1	0	4	0	0
12	76078438	.	T	A	5	1	6	0	0	6	0	0
12	79128920	.	T	C	10	2	12	0	0	12	0	0
12	80538465	.	C	T	12	3	15	0	0	15	0	0
12	80769436	.	A	G	1	3	4	0	0	4	0	0
12	80802572	.	C	T	6	4	10	0	2	12	0	0
12	83997166	.	T	C	1	3	4	0	0	4	0	0
12	85281878	.	T	C	30	5	35	0	0	35	0	0
12	86927726	.	C	A	13	1	14	1	1	16	0	0
12	86927727	.	C	A	13	1	14	1	1	16	0	0
12	87203355	.	A	G	6	4	10	0	0	10	0	0
12	91523522	.	C	A	22	2	24	1	1	26	0	0
12	91523523	.	T	A	18	3	21	1	1	23	0	0
12	98761274	.	T	C	10	3	13	0	0	13	0	0
12	101886131	.	T	C	27	6	33	0	0	33	0	0
12	101887890	.	T	C	17	8	25	0	0	25	0	0
12	103403927	.	C	T	9	3	12	0	0	12	0	0
12	107877223	.	A	C	6	1	7	0	4	11	0	0
12	108171831	.	C	G	4	4	8	0	0	8	0	0
12	108993691	.	A	G	12	2	14	0	0	14	0	0
12	109706996	.	A	G	5	4	9	0	0	9	0	0
12	110841655	.	T	C	3	2	5	0	0	5	0	0
13	13533385	.	A	G	7	11	18	0	0	18	0	0
13	14225628	.	T	C	29	6	35	0	2	37	0	0
13	14226674	.	T	C	47	10	57	0	5	62	0	0
13	14353063	.	A	G	2	2	4	0	0	4	0	0
13	17978732	.	T	C	8	2	10	0	0	10	0	0
13	17978741	.	T	C	11	4	15	0	0	15	0	0
13	17978929	.	T	C	1	14	15	0	0	15	0	0
13	17978950	.	T	C	3	10	13	0	1	14	0	0
13	17979133	.	T	C	9	5	14	0	0	14	0	0
13	21574169	.	T	C	6	10	16	0	0	16	0	0
13	21574225	.	T	C	13	3	16	0	0	16	0	0
13	21576545	.	T	C	14	3	17	0	0	17	0	0
13	24999535	.	A	G	1	2	3	0	0	3	0	0
13	30559716	.	G	A	1	2	3	0	0	3	0	0
13	42863045	.	T	C	1	2	3	0	0	3	0	0
13	42863049	.	T	C	1	2	3	0	0	3	0	0
13	47162420	.	A	G	1	2	3	0	0	3	0	0
13	49685058	.	A	G	2	3	5	0	0	5	0	0
13	55706638	.	T	C	4	3	7	0	0	7	0	0
13	55706659	.	T	C	3	3	6	0	0	6	0	0
13	55868184	.	G	A	6	2	8	0	0	8	0	0
13	59757011	.	A	G	2	3	5	0	0	5	0	0
13	63448577	.	A	G	6	2	8	0	0	8	0	0
13	64437994	.	T	C	19	5	24	0	0	24	0	0
13	64438124	.	T	C	13	3	16	0	0	16	0	0
13	67621181	.	T	C	3	3	6	0	1	7	0	0
13	67621454	.	T	C	6	2	8	0	0	8	0	0
13	67621455	.	T	C	3	5	8	0	0	8	0	0
13	67621546	.	T	C	2	4	6	0	3	9	0	0
13	67967482	.	T	C	2	4	6	0	0	6	0	0
13	75793212	.	C	T	1	2	3	11	0	14	0	0
13	78347093	.	A	C	4	2	6	0	5	11	0	0
13	92577452	.	G	A	12	3	15	0	2	17	0	0
13	95567915	.	A	G	4	3	7	0	0	7	0	0
13	100839303	.	T	C	30	6	36	0	0	36	0	0
13	100839326	.	T	C	9	10	19	0	0	19	0	0
13	100839340	.	T	C	9	8	17	0	0	17	0	0
13	117410736	.	C	A	6	1	7	0	5	12	0	0
13	118515925	.	T	C	4	2	6	0	1	7	0	0
13	119625401	.	G	T	26	15	41	0	0	41	0	0
14	9647289	.	A	G	94	17	111	0	2	113	0	0
14	10058181	.	A	G	148	48	196	0	6	202	0	0
14	14533725	.	T	C	10	17	27	0	1	28	0	0
14	20517444	.	T	C	5	2	7	0	0	7	0	0
14	21846832	.	A	G	17	24	41	0	2	43	0	0
14	21846833	.	A	G	35	7	42	0	1	43	0	0
14	21847779	.	A	G	77	21	98	0	3	101	0	0
14	21847872	.	A	G	86	16	102	0	1	103	0	0
14	26382350	.	T	C	2	3	5	0	0	5	0	0
14	26382413	.	T	C	5	4	9	0	0	9	0	0
14	26826855	.	A	G	0	3	3	0	1	4	0	0
14	26826856	.	A	G	1	3	4	0	0	4	0	0
14	29788070	.	T	C	15	4	19	0	0	19	0	0
14	29788078	.	T	C	14	12	26	0	0	26	0	0
14	31422583	.	T	C	37	12	49	0	1	50	0	0
14	31422619	.	T	C	28	22	50	0	1	51	0	0
14	32018582	.	A	G	36	9	45	0	0	45	0	0
14	33953408	.	T	C	6	2	8	0	0	8	0	0
14	47341511	.	A	T	5	3	8	0	1	9	0	0
14	49247630	.	G	A	2	1	3	0	1	4	0	0
14	51013458	.	T	C	7	2	9	0	0	9	0	0
14	51108711	.	A	G	3	2	5	0	0	5	0	0
14	51109987	.	A	G	11	5	16	0	0	16	0	0
14	52531686	.	A	G	11	71	82	0	0	82	0	0
14	54888878	.	C	T	11	2	13	0	1	14	0	0
14	59882986	.	G	A	5	4	9	0	0	9	0	0
14	60451245	.	T	C	2	2	4	0	0	4	0	0
14	60451268	.	T	C	1	3	4	0	0	4	0	0
14	60451313	.	T	C	1	3	4	0	0	4	0	0
14	65434629	.	T	C	34	9	43	0	1	44	0	0
14	65434640	.	T	C	32	17	49	0	0	49	0	0
14	66208572	.	A	C	7	5	12	0	13	25	0	0
14	66208578	.	T	C	6	4	10	0	9	19	0	0
14	75957159	.	T	C	35	11	46	0	1	47	0	0
14	78804071	.	A	C	2	2	4	0	2	6	0	0
14	78804077	.	A	C	4	2	6	0	2	8	0	0
14	99311216	.	G	A	3	2	5	0	0	5	0	0
14	103584115	.	T	C	24	20	44	0	1	45	0	0
14	105352004	.	C	T	2	2	4	0	0	4	0	0
14	105352009	.	C	T	2	3	5	0	0	5	0	0
14	121273016	.	A	G	7	6	13	0	0	13	0	0
15	5150309	.	T	C	2	5	7	12	0	19	0	0
15	8187674	.	A	G	7	11	18	0	0	18	0	0
15	8187696	.	A	G	13	3	16	0	1	17	0	0
15	8188973	.	A	G	2	8	10	0	1	11	0	0
15	9199559	.	A	G	28	18	46	1	2	49	0	0
15	54733598	.	C	T	3	2	5	0	0	5	0	0
15	55118692	.	A	G	4	11	15	0	0	15	0	0
15	55119059	.	A	G	6	3	9	0	0	9	0	0
15	58695035	.	T	C	25	4	29	0	0	29	0	0
15	66158075	.	T	C	10	3	13	0	0	13	0	0
15	68973014	.	C	A	8	3	11	0	1	12	0	0
15	71666559	.	G	A	1	1	2	42	0	44	0	0
15	71666643	.	T	A	5	1	6	42	0	48	0	0
15	78900113	.	T	C	2	2	4	0	0	4	0	0
15	79496070	.	T	C	7	3	10	0	0	10	0	0
15	79791742	.	A	G	2	1	3	0	0	3	0	0
15	79791748	.	A	G	3	1	4	0	0	4	0	0
15	80816548	.	A	G	9	4	13	0	0	13	0	0
15	80816550	.	A	G	8	4	12	0	0	12	0	0
15	81339166	.	A	G	14	10	24	0	0	24	0	0
15	81341097	.	A	G	12	7	19	0	0	19	0	0
15	81700640	.	A	G	28	6	34	0	1	35	0	0
15	81799307	.	G	A	35	14	49	0	9	58	0	0
15	81997065	.	G	C	6	1	7	0	0	7	0	0
15	81997071	.	C	G	7	1	8	0	0	8	0	0
15	83542349	.	T	C	1	2	3	0	0	3	0	0
15	84199806	.	G	A	6	2	8	0	0	8	0	0
15	84264248	.	G	T	10	4	14	0	1	15	0	0
15	84264249	.	G	T	12	2	14	0	2	16	0	0
15	98932415	.	C	T	1	3	4	201	0	205	0	0
15	99142536	.	T	C	93	24	117	22	1	140	0	0
15	99626049	.	A	G	8	4	12	0	0	12	0	0
15	99626051	.	A	G	7	4	11	0	0	11	0	0
15	99626091	.	A	G	7	7	14	0	1	15	0	0
16	3680985	.	T	C	20	5	25	0	2	27	0	0
16	4138530	.	T	G	0	2	2	22	1	25	0	0
16	4444275	.	T	C	9	2	11	0	0	11	0	0
16	4444280	.	T	C	10	2	12	0	0	12	0	0
16	4695050	.	T	C	6	2	8	0	1	9	0	0
16	13520445	.	A	G	28	12	40	0	0	40	0	0
16	13520501	.	A	G	18	4	22	0	0	22	0	0
16	13650452	.	A	G	5	5	10	0	0	10	0	0
16	13651812	.	T	C	14	3	17	0	1	18	0	0
16	13651947	.	T	C	27	4	31	0	1	32	0	0
16	16844922	.	A	G	5	2	7	0	0	7	0	0
16	16866848	.	A	G	1	4	5	0	0	5	0	0
16	16926931	.	T	C	5	2	7	0	0	7	0	0
16	17321752	.	A	G	15	5	20	0	0	20	0	0
16	18653678	.	A	G	53	19	72	0	1	73	0	0
16	19942498	.	A	G	30	22	52	0	3	55	0	0
16	20219877	.	C	A	9	3	12	0	6	18	0	0
16	20363121	.	A	G	1	1	2	0	1	3	0	0
16	20363153	.	A	G	4	2	6	0	0	6	0	0
16	20363189	.	A	G	3	2	5	0	0	5	0	0
16	20512079	.	T	C	25	13	38	0	61	99	0	0
16	20512084	.	T	C	43	9	52	0	50	102	0	0
16	30330773	.	T	C	18	4	22	0	0	22	0	0
16	31779484	.	T	C	30	5	35	0	0	35	0	0
16	32118689	.	A	G	27	6	33	0	1	34	0	0
16	32119086	.	A	G	22	6	28	0	1	29	0	0
16	32119106	.	A	G	19	11	30	0	0	30	0	0
16	32119150	.	A	G	16	11	27	0	0	27	0	0
16	32207597	.	G	T	6	1	7	0	2	9	0	0
16	32209076	.	C	T	11	4	15	0	1	16	0	0
16	32890334	.	G	A	5	2	7	0	0	7	0	0
16	37708788	.	T	C	11	3	14	13	0	27	0	0
16	43447381	.	G	T	6	2	8	0	0	8	0	0
16	62537826	.	G	A	1	2	3	13	0	16	0	0
16	62615160	.	T	G	4	2	6	0	3	9	0	0
16	87231000	.	T	C	12	3	15	0	1	16	0	0
16	87231013	.	T	C	13	5	18	0	0	18	0	0
16	87737431	.	T	C	5	9	14	0	1	15	0	0
16	91452503	.	A	G	104	23	127	0	1	128	0	0
16	91452977	.	A	G	101	60	161	0	0	161	0	0
16	91453021	.	A	G	90	23	113	0	1	114	0	0
17	15741073	.	A	G	4	5	9	0	0	9	0	0
17	24395428	.	T	C	55	24	79	0	1	80	0	0
17	24395462	.	T	C	90	28	118	0	1	119	0	0
17	24395463	.	T	C	101	18	119	0	3	122	0	0
17	24397327	.	T	C	5	17	22	0	1	23	0	0
17	24643100	.	A	G	6	2	8	0	0	8	0	0
17	24940431	.	A	G	5	2	7	0	0	7	0	0
17	26916523	.	A	G	11	3	14	0	0	14	0	0
17	26916539	.	A	G	12	4	16	0	0	16	0	0
17	29521001	.	A	G	5	5	10	0	0	10	0	0
17	33015107	.	T	C	3	7	10	0	0	10	0	0
17	33015482	.	T	C	5	5	10	0	0	10	0	0
17	33015528	.	T	C	9	2	11	0	0	11	0	0
17	33037766	.	T	C	21	5	26	0	1	27	0	0
17	33037804	.	T	C	14	5	19	0	0	19	0	0
17	33038156	.	T	C	26	12	38	0	2	40	0	0
17	33038160	.	T	C	35	7	42	0	3	45	0	0
17	33552004	.	T	C	15	6	21	0	0	21	0	0
17	33906273	.	T	C	4	8	12	0	1	13	0	0
17	34147531	.	A	G	19	7	26	0	1	27	0	0
17	36168626	.	A	G	8	7	15	0	0	15	0	0
17	36169512	.	A	G	16	5	21	0	0	21	0	0
17	36169527	.	A	G	13	6	19	0	0	19	0	0
17	40158498	.	T	C	3724	4780	8504	3	131	8990	352	0
17	40158991	.	A	T	2380	3102	5482	39	88	5669	60	0
17	41272755	.	C	T	7	2	9	0	0	9	0	0
17	45973875	.	T	C	45	103	148	0	11	159	0	0
17	46727251	.	A	G	4	3	7	0	0	7	0	0
17	47085856	.	T	C	21	7	28	1	2	31	0	0
17	47085857	.	T	C	19	10	29	1	0	30	0	0
17	52166231	.	A	G	3	10	13	0	0	13	0	0
17	52166256	.	A	G	7	5	12	0	0	12	0	0
17	56753805	.	T	C	9	2	11	0	0	11	0	0
17	62088255	.	T	G	0	2	2	0	1	3	0	0
17	66424296	.	G	C	10	3	13	0	1	14	0	0
17	66424299	.	T	C	7	2	9	0	3	12	0	0
17	69650716	.	T	C	1	2	3	0	0	3	0	0
17	69724894	.	T	C	8	2	10	0	0	10	0	0
17	72164444	.	G	A	12	2	14	0	2	16	0	0
17	78683005	.	G	T	34	3	37	1	1	39	0	0
17	80604880	.	T	C	6	2	8	0	0	8	0	0
17	95064364	.	T	C	7	2	9	0	0	9	0	0
17	95067396	.	T	C	11	11	22	0	0	22	0	0
17	95067479	.	T	C	16	9	25	0	0	25	0	0
17	95123373	.	T	C	4	3	7	1	0	8	0	0
17	95123375	.	T	C	3	3	6	1	1	8	0	0
18	4198498	.	C	T	2	2	4	11	1	16	0	0
18	4198525	.	T	C	3	2	5	32	1	38	0	0
18	6792802	.	A	G	15	5	20	0	1	21	0	0
18	6792857	.	A	G	18	8	26	0	1	27	0	0
18	6792866	.	A	G	18	7	25	0	2	27	0	0
18	6793684	.	A	G	18	3	21	0	0	21	0	0
18	6793851	.	A	G	30	7	37	0	0	37	0	0
18	24097917	.	A	G	7	4	11	0	0	11	0	0
18	24750998	.	G	A	3	2	5	0	0	5	0	0
18	24751000	.	A	G	3	2	5	0	0	5	0	0
18	31974868	.	A	G	1	2	3	0	0	3	0	0
18	32235557	.	A	G	12	7	19	0	0	19	0	0
18	32235928	.	A	G	6	3	9	0	0	9	0	0
18	32235930	.	A	G	4	4	8	0	0	8	0	0
18	32236019	.	A	G	4	3	7	0	1	8	0	0
18	32561134	.	A	G	51	8	59	0	2	61	0	0
18	35387814	.	T	C	6	2	8	0	0	8	0	0
18	35807586	.	T	C	60	9	69	0	0	69	0	0
18	37974922	.	T	A	3	2	5	0	0	5	0	0
18	37974923	.	G	A	3	2	5	0	0	5	0	0
18	43457365	.	C	T	17	2	19	0	6	25	0	0
18	43457368	.	C	T	18	1	19	0	6	25	0	0
18	46869696	.	T	C	6	3	9	0	0	9	0	0
18	57089619	.	T	C	7	4	11	0	1	12	0	0
18	57089620	.	T	C	4	8	12	0	0	12	0	0
18	57089998	.	T	C	6	2	8	0	0	8	0	0
18	68433575	.	T	A	2	1	3	0	0	3	0	0
18	75527605	.	G	T	13	3	16	0	4	20	0	0
18	77061687	.	A	G	21	6	27	0	0	27	0	0
19	3916379	.	A	G	21	5	26	0	0	26	0	0
19	3916385	.	A	G	18	5	23	0	0	23	0	0
19	3916452	.	A	G	17	5	22	0	0	22	0	0
19	3917362	.	A	G	9	2	11	0	0	11	0	0
19	4324083	.	T	C	6	1	7	0	1	8	0	0
19	4368397	.	A	G	3	2	5	0	2	7	0	0
19	4811133	.	T	C	12	3	15	0	0	15	0	0
19	4813117	.	T	C	11	6	17	0	1	18	0	0
19	4813159	.	T	C	8	2	10	0	0	10	0	0
19	6895771	.	T	C	4	2	6	0	0	6	0	0
19	7254111	.	C	T	24	11	35	0	10	45	0	0
19	7402857	.	A	C	10	2	12	0	5	17	0	0
19	7515480	.	A	G	28	5	33	0	1	34	0	0
19	8868268	.	A	G	7	4	11	0	0	11	0	0
19	10185887	.	T	G	11	2	13	0	5	18	0	0
19	10223060	.	T	C	26	63	89	0	0	89	0	0
19	10223097	.	T	C	82	14	96	0	0	96	0	0
19	10498402	.	T	C	3	2	5	0	0	5	0	0
19	21835416	.	A	T	3	3	6	0	3	9	0	0
19	23700709	.	A	G	14	3	17	0	0	17	0	0
19	28997203	.	A	G	17	6	23	0	0	23	0	0
19	38776795	.	T	C	8	2	10	0	1	11	0	0
19	40729466	.	A	G	3	3	6	0	0	6	0	0
19	40917427	.	C	T	2	2	4	0	0	4	0	0
19	41572965	.	C	T	3	1	4	0	1	5	0	0
19	41818939	.	A	G	11	2	13	0	0	13	0	0
19	42181800	.	A	C	12	2	14	0	7	21	0	0
19	42181806	.	A	C	13	4	17	0	4	21	0	0
19	42755659	.	C	T	3	1	4	0	1	5	0	0
19	43429365	.	A	G	15	4	19	0	0	19	0	0
19	43429601	.	A	G	23	21	44	0	1	45	0	0
19	43429753	.	A	G	39	11	50	0	0	50	0	0
19	44130371	.	T	C	2	3	5	0	0	5	0	0
19	44971716	.	G	A	6	2	8	0	0	8	0	0
19	44993669	.	T	C	37	8	45	0	1	46	0	0
19	46269407	.	A	G	6	2	8	0	0	8	0	0
19	46583614	.	A	G	2	3	5	0	0	5	0	0
19	60845457	.	T	C	0	3	3	0	1	4	0	0
19	60845462	.	T	C	4	2	6	0	0	6	0	0
2	6549298	.	G	T	53	27	80	1	16	97	0	0
2	6549647	.	G	T	21	5	26	0	2	28	0	0
2	14153492	.	A	G	4	14	18	0	0	18	0	0
2	14153493	.	A	G	4	14	18	0	0	18	0	0
2	18219472	.	T	C	8	4	12	0	1	13	0	0
2	18219905	.	T	C	8	2	10	0	0	10	0	0
2	18220185	.	T	C	8	4	12	0	0	12	0	0
2	18220199	.	T	C	12	3	15	0	0	15	0	0
2	22478526	.	A	G	2	2	4	9	2	15	0	0
2	22478756	.	A	G	1	2	3	2	0	5	0	0
2	22478961	.	G	A	0	2	2	2	0	4	0	0
2	22478964	.	T	C	2	2	4	5	0	9	0	0
2	22479351	.	T	A	6	2	8	187	38	233	0	0
2	26278314	.	A	G	7	3	10	0	0	10	0	0
2	26846568	.	T	C	15	4	19	0	0	19	0	0
2	27153718	.	T	C	11	5	16	0	0	16	0	0
2	29876652	.	A	G	7	2	9	0	0	9	0	0
2	29961422	.	G	A	38	13	51	13	25	89	0	0
2	29995882	.	A	G	6	2	8	0	0	8	0	0
2	30920944	.	T	C	22	4	26	0	0	26	0	0
2	30920955	.	T	C	20	4	24	0	0	24	0	0
2	31505906	.	A	G	9	2	11	0	0	11	0	0
2	32173797	.	T	C	7	2	9	0	0	9	0	0
2	32173831	.	T	C	3	2	5	0	0	5	0	0
2	32176110	.	T	C	2	2	4	0	0	4	0	0
2	32196762	.	A	G	52	11	63	0	0	63	0	0
2	32911421	.	T	C	2	2	4	0	0	4	0	0
2	35869717	.	C	T	10	2	12	0	2	14	0	0
2	35869720	.	C	T	10	2	12	0	1	13	0	0
2	38614155	.	T	C	10	2	12	0	0	12	0	0
2	40446058	.	C	T	9	2	11	134	0	145	0	0
2	50082793	.	G	A	17	5	22	0	5	27	0	0
2	50082797	.	G	A	18	7	25	0	3	28	0	0
2	53026108	.	A	C	8	2	10	0	0	10	0	0
2	55005781	.	C	T	11	4	15	0	0	15	0	0
2	55005783	.	G	T	11	3	14	0	1	15	0	0
2	69709370	.	T	C	2	3	5	0	0	5	0	0
2	80668540	.	G	A	0	2	2	2	3	7	0	0
2	91043632	.	A	G	35	16	51	0	0	51	0	0
2	112185846	.	A	G	2	3	5	0	0	5	0	0
2	112185852	.	A	G	2	3	5	0	0	5	0	0
2	115895889	.	T	C	12	5	17	0	3	20	0	0
2	115895896	.	T	C	15	1	16	0	7	23	0	0
2	118641351	.	C	G	5	1	6	0	0	6	0	0
2	118641356	.	C	G	3	1	4	0	0	4	0	0
2	118700801	.	A	G	7	3	10	0	0	10	0	0
2	120451095	.	A	G	31	7	38	0	1	39	0	0
2	120564258	.	T	C	26	26	52	0	0	52	0	0
2	120564286	.	T	C	35	14	49	0	0	49	0	0
2	120564302	.	T	C	22	16	38	0	2	40	0	0
2	121015462	.	A	G	2	3	5	0	0	5	0	0
2	121025431	.	A	T	10	2	12	0	0	12	0	0
2	124930597	.	C	A	44	13	57	2	5	64	0	0
2	126734839	.	T	C	39	8	47	0	0	47	0	0
2	126756852	.	T	C	2	2	4	0	0	4	0	0
2	126756857	.	T	C	1	3	4	0	0	4	0	0
2	126758097	.	T	C	2	3	5	0	0	5	0	0
2	126758102	.	T	C	1	4	5	0	0	5	0	0
2	126949365	.	G	T	2	1	3	0	1	4	0	0
2	127126729	.	A	G	4	3	7	0	0	7	0	0
2	130396840	.	A	G	3	8	11	2	0	13	0	0
2	130396859	.	A	G	7	4	11	2	0	13	0	0
2	130396876	.	A	G	3	6	9	0	0	9	0	0
2	130397804	.	A	G	11	4	15	0	0	15	0	0
2	130397819	.	A	G	14	4	18	0	0	18	0	0
2	130458096	.	G	A	11	2	13	0	0	13	0	0
2	132151800	.	A	G	47	326	373	0	1	374	0	0
2	132636996	.	C	A	2	4	6	0	1	7	0	0
2	144381830	.	A	G	9	4	13	0	1	14	0	0
2	152114942	.	A	G	1	6	7	0	0	7	0	0
2	153051040	.	C	A	2	8	10	1	14	33	8	0
2	153108492	.	A	G	12	2	14	0	0	14	0	0
2	153610283	.	G	A	18	6	24	1	3	28	0	0
2	154379850	.	A	G	31	12	43	0	0	43	0	0
2	154429080	.	T	C	12	5	17	0	0	17	0	0
2	154429088	.	T	C	13	3	16	0	0	16	0	0
2	157400030	.	T	C	101	21	122	5	2	129	0	0
2	157400060	.	T	C	93	45	138	1	1	140	0	0
2	157400069	.	T	C	79	55	134	1	1	136	0	0
2	158219426	.	A	G	11	3	14	0	0	14	0	0
2	158220838	.	A	G	15	7	22	0	1	23	0	0
2	158220844	.	A	G	18	6	24	0	0	24	0	0
2	158225545	.	A	G	440	63	503	0	3	506	0	0
2	158226873	.	A	G	133	411	544	0	12	556	0	0
2	163309459	.	T	C	8	15	23	0	0	23	0	0
2	164953669	.	T	C	41	8	49	0	0	49	0	0
2	164953773	.	T	C	31	7	38	0	1	39	0	0
2	167317466	.	A	G	34	10	44	0	0	44	0	0
2	169913250	.	A	G	8	3	11	0	0	11	0	0
2	169913263	.	A	G	7	3	10	0	0	10	0	0
2	169913325	.	A	G	5	4	9	0	0	9	0	0
2	169913421	.	A	G	5	5	10	0	0	10	0	0
2	174549533	.	G	C	1	2	3	0	0	3	0	0
2	177006548	.	G	A	1	7	8	6	0	14	0	0
2	181159643	.	A	G	8	2	10	0	0	10	0	0
2	181229344	.	T	C	4	4	8	0	0	8	0	0
3	5625596	.	A	G	5	2	7	0	0	7	0	0
3	19278361	.	T	C	12	5	17	0	0	17	0	0
3	32636549	.	T	C	16	6	22	0	0	22	0	0
3	36146600	.	A	G	1	2	3	2	0	5	0	0
3	36242309	.	A	G	4	2	6	0	0	6	0	0
3	39005396	.	T	C	5	1	6	0	0	6	0	0
3	40748697	.	A	G	40	11	51	11	0	62	0	0
3	54707997	.	A	G	10	2	12	0	0	12	0	0
3	57553275	.	T	C	5	2	7	0	0	7	0	0
3	59223105	.	A	G	9	2	11	0	0	11	0	0
3	65866428	.	A	G	4	2	6	0	0	6	0	0
3	65868043	.	A	G	8	2	10	0	0	10	0	0
3	80599593	.	T	C	137	286	423	0	3	427	1	0
3	80613850	.	T	C	27	5	32	0	0	32	0	0
3	80614159	.	T	C	16	14	30	0	0	30	0	0
3	80614215	.	T	C	320	152	472	0	8	480	0	0
3	87828989	.	A	G	2	3	5	0	0	5	0	0
3	88207532	.	A	G	1	2	3	0	0	3	0	0
3	88207536	.	A	G	1	2	3	0	0	3	0	0
3	88259498	.	A	G	2	7	9	0	1	10	0	0
3	88544571	.	A	G	3	2	5	0	0	5	0	0
3	89308434	.	T	C	4	3	7	0	1	8	0	0
3	89660763	.	C	A	9	2	11	0	0	11	0	0
3	89967705	.	A	G	3	3	6	0	0	6	0	0
3	89967924	.	A	G	2	4	6	0	0	6	0	0
3	89967938	.	A	G	4	3	7	0	0	7	0	0
3	90133208	.	T	A	6	2	8	0	0	8	0	0
3	90270461	.	C	T	5	2	7	0	2	9	0	0
3	94794244	.	T	A	10	3	13	0	0	13	0	0
3	94794245	.	G	A	10	3	13	0	0	13	0	0
3	95090889	.	T	C	5	2	7	0	0	7	0	0
3	95090893	.	T	C	2	3	5	0	0	5	0	0
3	95768692	.	T	C	4	2	6	0	0	6	0	0
3	96127579	.	A	G	2	2	4	0	0	4	0	0
3	96485585	.	T	C	28	7	35	0	0	35	0	0
3	96539776	.	A	G	6	16	22	0	1	23	0	0
3	97830562	.	T	C	21	7	28	0	0	29	1	0
3	100949079	.	T	G	11	7	18	0	6	24	0	0
3	101483698	.	G	C	26	22	48	0	37	85	0	0
3	101483703	.	G	C	51	14	65	0	34	100	1	0
3	102973406	.	A	G	40	11	51	1	0	52	0	0
3	103187243	.	A	G	20	5	25	0	0	25	0	0
3	104835351	.	A	G	2	8	10	0	0	10	0	0
3	104835352	.	A	G	6	4	10	0	0	10	0	0
3	116423212	.	A	G	1	3	4	0	0	4	0	0
3	116537746	.	T	C	12	10	22	0	1	23	0	0
3	116537808	.	T	C	14	4	18	0	0	18	0	0
3	122050365	.	T	C	2	2	4	4	2	10	0	0
3	129430345	.	T	C	12	6	18	0	1	19	0	0
3	129430349	.	A	C	15	6	21	0	3	24	0	0
3	133170725	.	G	A	6	2	8	0	1	9	0	0
3	133945706	.	A	G	6	3	9	0	0	9	0	0
3	135112631	.	T	C	53	9	62	0	0	62	0	0
4	6219479	.	G	A	17	4	21	0	4	25	0	0
4	6219480	.	C	A	17	2	19	0	4	24	1	0
4	21834548	.	A	G	17	12	29	0	2	31	0	0
4	21834574	.	A	G	27	9	36	0	0	36	0	0
4	21834791	.	A	G	16	10	26	0	1	27	0	0
4	21911667	.	A	G	12	8	20	0	0	20	0	0
4	21911675	.	A	G	19	6	25	0	0	25	0	0
4	33019420	.	A	G	67	29	96	0	1	97	0	0
4	33020417	.	A	G	56	66	122	0	1	123	0	0
4	41012913	.	A	G	15	3	18	0	0	18	0	0
4	41518514	.	T	C	196	45	241	0	2	243	0	0
4	43032491	.	G	T	11	2	13	0	2	15	0	0
4	45377141	.	A	G	9	2	11	0	1	12	0	0
4	45377142	.	A	G	8	3	11	0	0	11	0	0
4	45407656	.	A	T	9	2	11	0	0	11	0	0
4	56870218	.	T	C	19	4	23	0	0	23	0	0
4	56875721	.	T	C	10	2	12	0	0	12	0	0
4	58436886	.	C	A	10	2	12	0	2	14	0	0
4	62371613	.	T	C	8	2	10	0	0	10	0	0
4	62371673	.	T	C	3	3	6	0	0	6	0	0
4	69844043	.	C	T	1	3	4	10	0	14	0	0
4	85295838	.	A	G	3	2	5	0	0	5	0	0
4	86495344	.	G	T	66	13	79	1	4	84	0	0
4	94834227	.	G	A	1	1	2	0	5	7	0	0
4	94834234	.	G	A	2	0	2	0	4	6	0	0
4	108198313	.	A	G	4	10	14	0	0	14	0	0
4	117346935	.	T	G	12	2	14	0	0	14	0	0
4	118483276	.	A	G	26	6	32	0	2	34	0	0
4	118484005	.	A	G	13	19	32	0	1	33	0	0
4	118484020	.	A	G	31	7	38	0	7	45	0	0
4	118484072	.	A	G	21	8	29	0	0	29	0	0
4	119080668	.	T	C	17	3	20	0	0	20	0	0
4	119081410	.	T	C	6	3	9	0	0	9	0	0
4	119135361	.	C	T	32	34	66	1	30	97	0	0
4	124837154	.	A	G	21	4	25	0	0	25	0	0
4	124838094	.	A	G	4	12	16	0	0	16	0	0
4	124838169	.	A	G	18	7	25	0	1	26	0	0
4	125982775	.	A	G	11	5	16	0	1	17	0	0
4	125982944	.	A	G	8	3	11	0	0	11	0	0
4	125982950	.	A	G	10	4	14	0	0	14	0	0
4	125982989	.	A	G	12	5	17	0	0	17	0	0
4	125985458	.	A	G	18	5	23	0	1	24	0	0
4	126929461	.	G	T	20	8	28	0	1	29	0	0
4	129107038	.	A	G	2	2	4	0	0	4	0	0
4	131839576	.	T	C	17	4	21	0	0	21	0	0
4	132455540	.	C	T	3	2	5	0	0	5	0	0
4	133836902	.	A	G	17	3	20	0	0	20	0	0
4	137987341	.	A	G	76	18	94	0	1	95	0	0
4	137987354	.	A	G	62	28	90	0	2	92	0	0
4	138184300	.	A	G	3	2	5	0	0	5	0	0
4	140677381	.	A	C	11	3	14	0	7	21	0	0
4	140677387	.	A	C	10	4	14	0	4	18	0	0
4	140678893	.	A	G	16	5	21	2	0	23	0	0
4	147907770	.	T	C	3	1	4	0	0	4	0	0
4	147907775	.	T	C	3	2	5	0	0	5	0	0
4	147907821	.	T	C	4	2	6	0	0	6	0	0
4	147909657	.	A	G	6	2	8	0	0	8	0	0
4	149202586	.	A	G	26	18	44	0	0	44	0	0
4	149202654	.	A	G	36	6	42	0	0	42	0	0
4	149449493	.	T	C	2	2	4	0	0	4	0	0
4	149552635	.	T	C	3	7	10	0	0	10	0	0
4	149552719	.	T	C	1	4	5	0	0	5	0	0
4	154403850	.	G	A	3	2	5	0	1	6	0	0
4	155705891	.	A	G	12	5	17	0	3	20	0	0
4	155706828	.	A	G	18	4	22	0	0	22	0	0
4	155800938	.	A	G	2	6	8	0	0	8	0	0
4	156095123	.	A	G	72	50	122	0	4	126	0	0
4	156105693	.	T	C	9	9	18	0	0	18	0	0
5	21159150	.	A	G	2	2	4	0	0	4	0	0
5	22931143	.	C	T	1	2	3	1	1	5	0	0
5	24649804	.	T	C	7	17	24	1	0	25	0	0
5	26055685	.	T	A	1	2	3	0	1	4	0	0
5	29435627	.	T	C	23	4	27	0	0	27	0	0
5	31330824	.	T	C	3	7	10	0	0	10	0	0
5	31330825	.	T	C	7	3	10	0	0	10	0	0
5	31718377	.	G	A	1	2	3	0	0	3	0	0
5	33149943	.	A	G	5	3	8	0	0	8	0	0
5	33572684	.	A	G	11	4	15	0	0	15	0	0
5	33573262	.	A	G	2	4	6	0	2	8	0	0
5	33573281	.	A	G	3	3	6	0	0	6	0	0
5	33575654	.	A	G	10	2	12	0	0	12	0	0
5	34333293	.	C	T	26	5	31	0	8	39	0	0
5	36144411	.	G	A	9	2	11	0	0	11	0	0
5	36157689	.	C	T	6	3	9	0	2	11	0	0
5	65605388	.	T	C	47	23	70	1	1	72	0	0
5	65605389	.	T	C	46	21	67	1	2	70	0	0
5	65776401	.	A	T	4	2	6	0	0	6	0	0
5	73469787	.	A	G	71	15	86	0	0	86	0	0
5	76357889	.	C	A	12	4	16	0	0	16	0	0
5	77555578	.	T	C	11	26	37	0	1	38	0	0
5	77555630	.	T	C	3	20	23	0	1	24	0	0
5	88909761	.	T	C	6	3	9	0	1	10	0	0
5	100955764	.	T	C	1	3	4	0	0	4	0	0
5	104652843	.	A	G	26	6	32	0	0	32	0	0
5	110195352	.	G	A	2	2	4	0	0	4	0	0
5	110195359	.	T	A	2	2	4	0	0	4	0	0
5	111602735	.	C	T	3	4	7	1	1	9	0	0
5	111602776	.	C	T	15	1	16	1	3	20	0	0
5	114078736	.	T	C	11	3	14	0	1	15	0	0
5	114866901	.	T	C	8	2	10	0	2	12	0	0
5	115434850	.	G	A	9	3	12	0	1	13	0	0
5	115437301	.	T	C	6	3	9	0	0	9	0	0
5	115437319	.	T	C	7	4	11	0	0	11	0	0
5	118326781	.	A	C	18	4	22	0	2	24	0	0
5	120630422	.	T	C	3	2	5	0	0	5	0	0
5	121683511	.	T	C	24	6	30	0	0	30	0	0
5	121683667	.	T	C	17	3	20	0	1	21	0	0
5	121683764	.	T	C	5	3	8	0	0	8	0	0
5	121941617	.	A	G	1	2	3	0	0	3	0	0
5	123272130	.	A	G	8	1	9	0	3	12	0	0
5	123386729	.	A	G	15	11	26	0	1	27	0	0
5	123879315	.	T	C	4	12	16	0	0	16	0	0
5	123879325	.	T	C	13	4	17	0	0	17	0	0
5	123880129	.	T	C	6	2	8	0	0	8	0	0
5	123880130	.	T	C	7	2	9	0	0	9	0	0
5	124417071	.	T	C	3	2	5	0	0	5	0	0
5	125533669	.	A	G	18	75	93	0	0	93	0	0
5	125533687	.	A	G	71	11	82	0	0	82	0	0
5	125534541	.	A	G	64	37	101	0	2	104	1	0
5	129797823	.	A	G	12	15	27	0	1	28	0	0
5	129798517	.	A	G	19	3	22	0	0	22	0	0
5	130014307	.	A	G	69	13	82	0	0	82	0	0
5	135437709	.	T	C	14	10	24	0	2	26	0	0
5	135665678	.	A	G	5	2	7	0	0	7	0	0
5	136337307	.	T	A	11	2	13	0	0	13	0	0
5	136941953	.	A	G	75	20	95	0	1	96	0	0
5	138962703	.	A	T	6	2	8	0	9	17	0	0
5	140606797	.	C	G	10	14	24	0	10	34	0	0
5	140606802	.	T	G	13	8	21	0	18	39	0	0
5	142655047	.	A	G	87	26	113	0	1	114	0	0
5	142855980	.	T	C	8	4	12	0	1	13	0	0
5	143382825	.	A	G	3	1	4	0	0	4	0	0
5	143382830	.	A	G	4	1	5	0	1	6	0	0
5	149684293	.	T	A	6	2	8	0	0	8	0	0
5	150916791	.	C	T	10	2	12	0	0	12	0	0
6	5217078	.	G	A	1	2	3	0	0	3	0	0
6	29212279	.	G	A	4	2	6	0	0	6	0	0
6	29864117	.	A	G	1	2	3	0	0	3	0	0
6	31489106	.	A	G	10	3	13	0	0	13	0	0
6	31492600	.	A	G	15	3	18	0	0	18	0	0
6	31492602	.	A	G	9	7	16	0	1	17	0	0
6	37847782	.	A	G	12	4	16	0	0	16	0	0
6	38265837	.	T	C	4	2	6	0	0	6	0	0
6	39312088	.	T	C	30	7	37	0	0	37	0	0
6	39312096	.	T	C	31	6	37	0	1	38	0	0
6	47848284	.	A	G	13	3	16	0	0	16	0	0
6	47848349	.	A	G	15	3	18	0	0	18	0	0
6	47848373	.	A	G	14	6	20	0	0	20	0	0
6	47848652	.	A	G	8	4	12	0	0	12	0	0
6	47848659	.	A	G	2	9	11	0	0	11	0	0
6	47848870	.	A	G	11	2	13	0	1	14	0	0
6	48375231	.	A	G	6	3	9	0	0	9	0	0
6	48375235	.	A	G	3	6	9	0	0	9	0	0
6	49231812	.	T	C	10	5	15	0	2	17	0	0
6	49233358	.	T	C	9	3	12	0	0	12	0	0
6	49233394	.	T	C	10	3	13	0	0	13	0	0
6	49237899	.	T	C	18	7	25	0	1	26	0	0
6	50272161	.	G	T	8	2	10	0	2	12	0	0
6	50272163	.	C	T	8	2	10	0	2	12	0	0
6	50566937	.	C	T	3	2	5	0	0	5	0	0
6	53793366	.	G	A	14	3	17	0	0	17	0	0
6	65684310	.	A	G	4	3	7	0	0	7	0	0
6	65687724	.	A	G	8	2	10	0	0	10	0	0
6	66517065	.	A	G	5	2	7	0	0	7	0	0
6	66517110	.	A	G	6	5	11	0	0	11	0	0
6	66517196	.	A	G	2	4	6	0	0	6	0	0
6	66517253	.	A	G	7	2	9	0	0	9	0	0
6	66517254	.	A	G	5	3	8	0	1	9	0	0
6	66517625	.	A	G	4	10	14	1	0	15	0	0
6	66517635	.	A	G	9	4	13	1	2	16	0	0
6	66517779	.	A	G	7	2	9	0	0	9	0	0
6	66852475	.	A	G	1	4	5	2	0	7	0	0
6	85932353	.	T	C	15	8	23	0	0	23	0	0
6	86391922	.	A	G	2	3	5	0	0	5	0	0
6	87791783	.	T	C	13	2	15	0	0	15	0	0
6	91879934	.	A	G	1	2	3	0	0	3	0	0
6	96010042	.	T	C	3	1	4	0	1	5	0	0
6	113266028	.	A	G	9	2	11	0	0	11	0	0
6	122715481	.	T	C	7	3	10	0	0	10	0	0
6	122715556	.	T	C	1	7	8	0	1	9	0	0
6	122715558	.	T	C	6	3	9	0	0	9	0	0
6	124716628	.	T	C	5	4	9	0	0	9	0	0
6	124717185	.	T	C	7	3	10	0	0	10	0	0
6	125171627	.	A	G	11	2	13	0	0	13	0	0
6	126619121	.	T	C	71	33	104	0	1	105	0	0
6	126620900	.	A	G	3	2	5	0	1	6	0	0
6	127125551	.	C	T	8	3	11	0	1	12	0	0
6	128318831	.	T	C	2	2	4	0	0	4	0	0
6	146364908	.	G	A	2	3	5	1	5	11	0	0
7	3463600	.	A	G	126	24	150	0	3	153	0	0
7	4467950	.	T	C	3	2	5	0	0	5	0	0
7	4833987	.	G	C	1	3	4	0	0	4	0	0
7	4834018	.	G	A	1	6	7	0	0	7	0	0
7	4899709	.	A	T	4	2	6	1	1	8	0	0
7	4899710	.	T	A	5	2	7	1	0	8	0	0
7	6176879	.	A	G	5	2	7	0	0	7	0	0
7	6358535	.	A	G	2	3	5	0	0	5	0	0
7	6967909	.	A	G	6	5	11	0	0	11	0	0
7	6968001	.	A	G	10	2	12	0	0	12	0	0
7	6968013	.	A	G	8	3	11	0	0	11	0	0
7	6968063	.	T	G	8	2	10	0	0	10	0	0
7	6969259	.	A	G	22	4	26	0	0	26	0	0
7	6969513	.	A	G	5	18	23	0	0	23	0	0
7	6969543	.	A	G	27	4	31	0	0	31	0	0
7	12706114	.	A	G	5	3	8	0	1	9	0	0
7	12707543	.	A	G	6	2	8	0	0	8	0	0
7	12707548	.	A	G	4	4	8	0	0	8	0	0
7	15022691	.	T	G	9	2	11	26	0	37	0	0
7	16573461	.	T	C	2	2	4	0	0	4	0	0
7	16619272	.	A	G	13	62	75	1	0	76	0	0
7	16619714	.	A	G	72	30	102	0	3	105	0	0
7	16650306	.	C	G	10	12	22	0	5	27	0	0
7	18625270	.	C	T	1	9	10	0	0	10	0	0
7	18696483	.	T	C	18	16	34	0	1	35	0	0
7	18699082	.	T	A	1	6	7	0	0	7	0	0
7	18765100	.	G	A	1	1	2	0	1	3	0	0
7	18785632	.	G	C	11	13	24	1	1	26	0	0
7	18827142	.	G	C	4	0	4	0	1	5	0	0
7	18827144	.	T	C	3	1	4	0	0	4	0	0
7	18873686	.	T	C	11	3	14	0	0	14	0	0
7	18873733	.	T	C	12	5	17	0	1	18	0	0
7	18874296	.	T	C	20	3	23	0	0	23	0	0
7	19340835	.	C	T	1	11	12	1	0	13	0	0
7	19652530	.	G	A	1	7	8	0	0	8	0	0
7	23840812	.	T	C	3	2	5	5	0	10	0	0
7	23840839	.	A	G	11	2	13	6	1	20	0	0
7	23840986	.	C	A	14	2	16	2	0	18	0	0
7	23927928	.	C	T	11	1	12	0	0	12	0	0
7	23927948	.	G	C	10	2	12	0	1	13	0	0
7	23933876	.	G	A	2	3	5	8	0	13	0	0
7	23974961	.	C	T	2	3	5	14	0	19	0	0
7	23974988	.	C	T	1	11	12	8	0	20	0	0
7	24710068	.	T	C	80	22	102	0	1	103	0	0
7	24710075	.	T	C	66	33	99	0	1	100	0	0
7	24771992	.	T	C	10	7	17	0	1	18	0	0
7	25319182	.	C	T	12	2	14	0	0	14	0	0
7	26904992	.	A	G	10	3	13	0	0	13	0	0
7	26904993	.	A	G	1	11	12	0	0	12	0	0
7	26905060	.	A	G	2	3	5	0	0	5	0	0
7	27227593	.	T	C	49	8	57	0	0	57	0	0
7	27281313	.	A	G	15	6	21	0	0	21	0	0
7	27375853	.	A	G	1	2	3	0	0	3	0	0
7	27403693	.	C	T	0	5	5	0	1	6	0	0
7	27521358	.	A	G	7	3	10	0	0	10	0	0
7	27663582	.	A	G	1	6	7	0	0	7	0	0
7	27707852	.	G	A	8	3	11	0	0	11	0	0
7	27707853	.	T	C	6	3	9	0	0	9	0	0
7	28922523	.	T	C	1	5	6	0	0	6	0	0
7	29880102	.	A	G	19	4	23	0	0	23	0	0
7	35090723	.	A	G	1	3	4	0	0	4	0	0
7	35090726	.	A	G	1	3	4	0	0	4	0	0
7	39217068	.	A	G	13	2	15	0	0	15	0	0
7	43174884	.	T	C	1	2	3	0	0	3	0	0
7	44116780	.	T	A	1	2	3	0	0	3	0	0
7	55575241	.	A	G	1	3	4	0	0	4	0	0
7	55627368	.	T	C	83	26	109	1	5	115	0	0
7	58980055	.	T	C	2	2	4	0	0	4	0	0
7	59627377	.	G	A	9	6	15	0	2	17	0	0
7	59627383	.	G	A	10	2	12	0	3	15	0	0
7	72639810	.	G	A	1	2	3	0	0	3	0	0
7	79875818	.	G	T	8	3	11	1	0	12	0	0
7	79875819	.	G	T	8	3	11	1	0	12	0	0
7	79889662	.	A	G	4	3	7	0	0	7	0	0
7	79890469	.	G	A	4	2	6	0	0	6	0	0
7	80039593	.	G	A	9	2	11	0	5	16	0	0
7	81521958	.	A	G	2	3	5	0	0	5	0	0
7	81522050	.	A	G	3	6	9	0	0	9	0	0
7	82516902	.	G	A	6	2	8	0	0	8	0	0
7	83274886	.	T	C	4	2	6	0	0	6	0	0
7	103988513	.	T	C	3	3	6	0	0	6	0	0
7	109354453	.	T	C	1	2	3	0	0	3	0	0
7	121306558	.	T	C	30	6	36	0	1	37	0	0
7	123582585	.	A	G	19	4	23	0	0	23	0	0
7	126853494	.	A	G	37	7	44	0	0	44	0	0
7	126853784	.	A	G	53	12	65	0	0	65	0	0
7	127178167	.	A	G	5	3	8	0	0	8	0	0
7	127178178	.	A	G	5	4	9	0	0	9	0	0
7	127266148	.	A	G	8	2	10	0	0	10	0	0
7	127519115	.	A	G	1	2	3	0	0	3	0	0
7	127582615	.	A	G	5	1	6	0	1	7	0	0
7	127582891	.	A	G	2	3	5	0	0	5	0	0
7	127582901	.	A	G	3	2	5	0	0	5	0	0
7	127835215	.	G	A	7	2	9	0	0	9	0	0
7	128298185	.	C	T	4	3	7	0	0	7	0	0
7	139685712	.	T	C	16	4	20	0	1	21	0	0
7	139715633	.	A	G	4	2	6	0	0	6	0	0
7	139715640	.	A	G	1	7	8	0	0	8	0	0
7	139715688	.	A	G	4	6	10	0	0	10	0	0
7	139715696	.	A	G	5	5	10	0	0	10	0	0
7	139716717	.	A	G	5	2	7	0	0	7	0	0
7	140391012	.	T	C	31	5	36	0	3	39	0	0
7	140391023	.	T	C	24	11	35	0	1	36	0	0
7	140758217	.	T	C	1	1	2	51	1	54	0	0
7	140916604	.	A	G	30	10	40	0	1	41	0	0
7	140940904	.	A	G	2	2	4	0	0	4	0	0
7	141503659	.	T	C	19	5	24	3	1	28	0	0
7	141503671	.	G	C	25	0	25	3	1	29	0	0
7	142207010	.	T	C	39	19	58	0	1	59	0	0
7	144133410	.	T	C	1	2	3	0	0	3	0	0
7	144474176	.	A	G	17	4	21	0	1	22	0	0
8	3588384	.	A	G	4	4	8	0	0	8	0	0
8	3589455	.	A	G	7	4	11	0	0	11	0	0
8	3728319	.	C	T	2	2	4	0	0	4	0	0
8	3728320	.	C	T	2	1	3	0	1	4	0	0
8	4570970	.	T	C	1	2	3	0	0	3	0	0
8	14078025	.	T	C	5	2	7	0	2	9	0	0
8	19732474	.	C	A	8	2	10	4	0	14	0	0
8	19737779	.	A	G	7	2	9	11	0	20	0	0
8	19737782	.	C	G	7	2	9	11	0	20	0	0
8	19741629	.	C	T	2	2	4	11	0	15	0	0
8	19743648	.	G	T	1	4	5	8	0	13	0	0
8	20030843	.	C	T	17	4	21	9	1	31	0	0
8	20030855	.	G	A	13	3	16	7	0	23	0	0
8	20030895	.	C	A	31	4	35	27	0	62	0	0
8	20030901	.	C	A	48	9	57	30	1	88	0	0
8	20157920	.	G	T	8	3	11	47	0	58	0	0
8	20158080	.	G	C	3	2	5	64	0	69	0	0
8	20158082	.	G	A	3	2	5	65	0	70	0	0
8	20698008	.	A	T	21	7	28	17	1	46	0	0
8	20721217	.	A	G	11	3	14	28	0	42	0	0
8	20727130	.	G	A	23	13	36	6	0	42	0	0
8	22558473	.	C	T	1	3	4	0	0	4	0	0
8	23429656	.	A	C	5	4	9	0	7	16	0	0
8	26303622	.	A	G	9	2	11	0	0	11	0	0
8	26305538	.	T	C	9	4	13	0	0	13	0	0
8	26305539	.	T	C	8	4	12	0	1	13	0	0
8	27537204	.	A	G	1	3	4	0	0	4	0	0
8	39618334	.	C	A	21	3	24	0	2	26	0	0
8	40918651	.	A	G	1	2	3	0	0	3	0	0
8	42700052	.	A	G	1	2	3	4	0	7	0	0
8	61848427	.	G	T	12	4	16	0	2	18	0	0
8	67133051	.	A	G	5	2	7	0	0	7	0	0
8	69766592	.	A	G	8	2	10	0	0	10	0	0
8	70028682	.	T	C	3	3	6	5	0	11	0	0
8	70028756	.	G	A	2	4	6	0	1	7	0	0
8	70037701	.	A	T	1	5	6	1	0	7	0	0
8	70037710	.	A	C	2	4	6	1	0	7	0	0
8	70037749	.	C	T	1	5	6	3	1	10	0	0
8	71153126	.	T	C	8	11	19	0	10	29	0	0
8	71826315	.	A	G	8	2	10	0	0	10	0	0
8	71826333	.	A	G	5	2	7	0	0	7	0	0
8	71826392	.	A	G	10	3	13	0	0	13	0	0
8	72977426	.	A	G	16	25	41	0	0	41	0	0
8	72977438	.	A	G	44	8	52	0	1	53	0	0
8	73236514	.	T	C	85	12	97	0	0	97	0	0
8	78322744	.	A	T	2	2	4	0	0	4	0	0
8	78322746	.	G	T	2	2	4	0	1	5	0	0
8	83590231	.	A	C	8	1	9	0	7	16	0	0
8	83590237	.	G	C	9	5	14	0	3	18	1	0
8	84976646	.	T	C	4	4	8	0	0	8	0	0
8	84982580	.	T	C	3	2	5	0	1	6	0	0
8	85591856	.	A	G	3	2	5	0	0	5	0	0
8	85591923	.	A	G	4	6	10	0	0	10	0	0
8	87386179	.	G	A	1	1	2	0	1	3	0	0
8	88685947	.	T	C	2	2	4	0	0	4	0	0
8	94743331	.	T	C	2	5	7	54	2	63	0	0
8	94743347	.	T	C	10	2	12	41	1	54	0	0
8	94744483	.	T	C	12	2	14	0	0	14	0	0
8	104987504	.	A	G	1	4	5	0	0	5	0	0
8	107149194	.	A	G	2	2	4	0	0	4	0	0
8	107744427	.	A	G	7	4	11	0	0	11	0	0
8	107744841	.	A	G	4	3	7	0	1	8	0	0
8	107744848	.	A	G	4	4	8	0	1	9	0	0
8	107774253	.	T	C	3	2	5	0	0	5	0	0
8	110817217	.	A	G	35	9	44	0	0	44	0	0
8	112739304	.	C	T	2	1	3	0	0	3	0	0
8	120931992	.	T	C	5	2	7	0	1	8	0	0
8	121821571	.	T	C	1	2	3	0	0	3	0	0
8	121821589	.	T	C	2	4	6	0	0	6	0	0
8	122381088	.	C	T	4	1	5	0	0	5	0	0
8	123198430	.	T	C	5	2	7	0	0	7	0	0
8	123858557	.	A	G	1	4	5	0	0	5	0	0
8	123953794	.	T	C	3	2	5	0	1	6	0	0
8	123984256	.	A	G	1	2	3	0	0	3	0	0
8	124261954	.	A	G	6	3	9	0	0	9	0	0
8	125620613	.	T	C	13	14	27	0	4	31	0	0
8	125620618	.	T	C	13	16	29	0	4	33	0	0
8	125620861	.	T	C	25	10	35	0	0	35	0	0
8	125620923	.	T	C	7	29	36	0	0	36	0	0
8	125620929	.	T	C	16	17	33	0	1	34	0	0
8	126865747	.	A	G	5	2	7	0	0	7	0	0
8	127671657	.	C	T	8	2	10	0	0	10	0	0
9	3387716	.	A	G	15	5	20	0	0	20	0	0
9	3387771	.	A	G	18	12	30	0	2	32	0	0
9	4313759	.	A	G	9	3	12	0	0	12	0	0
9	4456006	.	T	C	9	17	26	0	0	26	0	0
9	7112084	.	A	G	7	2	9	0	1	11	1	0
9	7836792	.	T	C	7	2	9	0	0	9	0	0
9	13719213	.	T	A	3	2	5	0	0	5	0	0
9	20515423	.	A	G	1	2	3	0	0	3	0	0
9	20515424	.	A	G	0	2	2	0	0	2	0	0
9	20515757	.	A	G	1	2	3	0	1	4	0	0
9	20781697	.	A	G	32	5	37	0	0	37	0	0
9	21935563	.	T	C	3	2	5	0	0	5	0	0
9	28831674	.	C	T	2	10	12	0	6	18	0	0
9	31238740	.	T	C	13	2	15	0	0	15	0	0
9	42163217	.	T	G	20	6	26	0	2	28	0	0
9	42430659	.	A	G	5	2	7	0	0	7	0	0
9	44204076	.	T	C	11	5	16	0	0	16	0	0
9	44206135	.	T	C	12	3	15	0	0	15	0	0
9	44221129	.	T	C	5	2	7	0	0	7	0	0
9	44221511	.	A	T	4	3	7	0	0	7	0	0
9	44836980	.	C	A	25	6	31	0	0	31	0	0
9	49415404	.	G	A	7	2	9	2	1	12	0	0
9	49415411	.	G	A	5	1	6	2	5	13	0	0
9	49415851	.	C	G	11	6	17	0	1	18	0	0
9	54854496	.	A	G	2	3	5	0	0	5	0	0
9	55056705	.	A	G	11	2	13	0	1	14	0	0
9	56983714	.	T	C	3	1	4	0	2	6	0	0
9	60556863	.	G	A	21	5	26	0	1	27	0	0
9	64093070	.	A	T	15	5	20	0	0	20	0	0
9	64142544	.	A	G	1	3	4	4	0	8	0	0
9	64142586	.	A	G	1	2	3	2	0	5	0	0
9	65595677	.	A	G	3	3	6	0	0	6	0	0
9	67127319	.	T	C	38	6	44	0	0	44	0	0
9	69923121	.	A	G	4	4	8	0	2	10	0	0
9	69923122	.	A	G	7	3	10	0	0	10	0	0
9	72270786	.	C	A	22	14	36	0	10	46	0	0
9	72366856	.	T	C	3	3	6	0	0	6	0	0
9	72635892	.	A	G	1	4	5	0	0	5	0	0
9	73003931	.	A	G	4	2	6	0	0	6	0	0
9	73003932	.	A	G	4	2	6	0	0	6	0	0
9	95448061	.	C	T	14	7	21	0	1	22	0	0
9	95939293	.	A	G	16	6	22	0	0	22	0	0
9	96778071	.	T	C	5	3	8	86	1	95	0	0
9	102784724	.	T	A	7	1	8	1	3	12	0	0
9	107640487	.	T	C	3	4	7	0	1	8	0	0
9	109659804	.	T	C	16	3	19	0	0	19	0	0
9	121540649	.	A	C	2	4	6	0	2	8	0	0
9	121540700	.	A	G	5	2	7	0	0	7	0	0
9	121584335	.	A	C	11	2	13	0	8	21	0	0
9	122852446	.	C	A	10	2	12	0	2	14	0	0
9	122852449	.	C	A	9	2	11	0	1	12	0	0
9	123088121	.	C	T	2	3	5	0	0	5	0	0
9	123525510	.	G	A	13	3	16	0	3	19	0	0
9	124034058	.	T	G	23	5	28	1	0	29	0	0
9	124034094	.	A	G	18	17	35	0	0	35	0	0
X	9139122	.	T	C	3	2	5	0	0	5	0	0
X	35872673	.	G	T	6	1	7	0	5	12	0	0
X	35872677	.	G	T	9	1	10	0	3	13	0	0
X	37653311	.	T	G	5	4	9	0	1	10	0	0
X	37698838	.	A	G	6	2	8	0	0	8	0	0
X	40743165	.	A	G	3	13	16	0	0	16	0	0
X	55695874	.	A	G	1	7	8	0	0	8	0	0
X	55695879	.	A	G	2	7	9	0	0	9	0	0
X	60231705	.	A	G	11	13	24	0	0	24	0	0
X	72774989	.	A	G	1	2	3	0	0	3	0	0
X	72774990	.	A	G	1	2	3	0	0	3	0	0
X	73270255	.	T	C	12	7	19	0	0	19	0	0
X	73270468	.	T	C	5	27	32	0	1	33	0	0
X	73329453	.	A	G	2	3	5	0	0	5	0	0
X	74426028	.	G	C	8	2	10	0	3	13	0	0
X	74426030	.	G	C	8	2	10	0	3	13	0	0
X	74496695	.	A	G	5	2	7	0	0	7	0	0
X	80866141	.	T	C	2	3	5	21	0	26	0	0
X	102620090	.	T	C	1	7	8	0	0	8	0	0
X	102620099	.	T	C	2	9	11	0	0	11	0	0
X	102623385	.	T	C	5	2	7	0	3	10	0	0
X	102631446	.	T	C	3	5	8	0	1	9	0	0
X	102631489	.	T	C	11	3	14	0	0	14	0	0
X	133489295	.	T	C	12	3	15	0	0	15	0	0
X	133489300	.	T	C	9	5	14	0	0	14	0	0
X	133489379	.	T	C	7	9	16	0	0	16	0	0
X	133489839	.	T	C	12	4	16	0	0	16	0	0
X	143107441	.	A	G	3	2	5	0	0	5	0	0
X	149766871	.	T	C	50	21	71	0	4	75	0	0
X	149767614	.	T	C	101	84	185	0	8	193	0	0
X	151056492	.	T	C	12	8	20	0	1	22	1	0
X	162761028	.	T	C	5	4	9	0	0	9	0	0
X	164972992	.	A	G	8	3	11	4	1	16	0	0
Y	1016394	.	A	G	7	15	22	0	2	24	0	0
Y	1048551	.	A	G	4	6	10	0	0	10	0	0
Y	1048565	.	A	G	8	4	12	0	0	12	0	0
Y	1048704	.	A	G	1	2	3	0	0	3	0	0
Y	1048989	.	A	G	5	4	9	0	0	9	0	0
Y	1049036	.	A	G	3	2	5	0	0	5	0	0
Y	90771795	.	G	A	2	3	5	1	0	6	0	0
