contig	position	variantID	refAllele	altAllele	refCount	altCount	totalCount	lowMAPQDepth	lowBaseQDepth	rawDepth	otherBases	improperPairs
1	11667276	.	A	G	35	6	41	0	1	42	0	0
1	12636422	.	C	T	1	2	3	0	0	3	0	0
1	13695959	.	T	C	16	4	20	2	0	22	0	0
1	13695965	.	T	C	5	9	14	3	0	17	0	0
1	16717060	.	T	C	7	3	10	0	0	10	0	0
1	22031785	.	T	C	1	3	4	0	0	4	0	0
1	32696935	.	C	T	5	2	7	0	1	8	0	0
1	33835828	.	T	C	5	2	7	0	0	7	0	0
1	36405168	.	T	C	2	2	4	0	0	4	0	0
1	39695983	.	A	G	2	2	4	0	0	4	0	0
1	55030953	.	T	C	2	2	4	0	0	4	0	0
1	58566410	.	C	T	26	6	32	2	0	34	0	0
1	59756998	.	A	G	11	3	14	0	1	15	0	0
1	59913367	.	A	G	48	22	70	0	3	73	0	0
1	60517747	.	A	G	50	28	78	1	8	87	0	0
1	63094888	.	T	C	10	2	12	0	0	12	0	0
1	64830899	.	G	T	10	1	11	0	4	15	0	0
1	66711873	.	A	G	94	43	137	1	10	148	0	0
1	66730054	.	T	A	5	1	6	0	0	6	0	0
1	74831200	.	A	G	2	1	3	0	0	3	0	0
1	75398649	.	A	G	26	11	37	0	2	39	0	0
1	82722182	.	C	T	6	2	8	0	0	8	0	0
1	86204642	.	A	G	5	2	7	0	0	7	0	0
1	86275426	.	G	T	3	4	7	0	0	7	0	0
1	86275459	.	T	C	13	7	20	0	0	20	0	0
1	86277827	.	T	C	47	8	55	0	2	57	0	0
1	87647441	.	G	T	9	2	11	0	0	11	0	0
1	88187259	.	T	C	4	3	7	0	0	7	0	0
1	88187311	.	C	T	3	4	7	0	0	7	0	0
1	88187978	.	T	G	2	3	5	0	0	5	0	0
1	88188360	.	T	G	1	2	3	0	0	3	0	0
1	88188362	.	C	G	1	2	3	0	0	3	0	0
1	88188444	.	G	C	2	3	5	0	0	5	0	0
1	88188846	.	T	G	3	1	4	0	0	4	0	0
1	88189031	.	G	A	3	2	5	0	0	5	0	0
1	88189611	.	A	G	3	2	5	0	0	5	0	0
1	88189685	.	C	A	4	3	7	0	1	8	0	0
1	88189707	.	C	T	6	2	8	0	1	9	0	0
1	88190717	.	G	C	2	2	4	0	1	5	0	0
1	88191018	.	A	T	3	11	14	0	0	14	0	0
1	88191237	.	A	C	16	49	65	0	2	67	0	0
1	88191320	.	C	T	11	42	53	0	1	54	0	0
1	88191706	.	G	A	38	10	48	0	1	49	0	0
1	88191710	.	T	C	16	32	48	0	0	48	0	0
1	88192008	.	C	T	55	9	64	0	6	70	0	0
1	88192048	.	G	C	17	30	47	0	0	47	0	0
1	88192180	.	G	T	68	9	77	0	1	78	0	0
1	88192184	.	T	A	65	9	74	0	0	74	0	0
1	88192243	.	A	G	7	38	45	0	0	45	0	0
1	88192700	.	G	A	10	28	38	1	1	40	0	0
1	88192756	.	G	A	9	36	45	1	2	48	0	0
1	88193031	.	C	G	11	21	32	0	0	32	0	0
1	88193194	.	C	T	3	7	10	10	0	20	0	0
1	88193292	.	T	A	2	2	4	5	0	9	0	0
1	88193568	.	A	C	2	6	8	28	1	37	0	0
1	88193702	.	T	G	2	13	15	31	0	46	0	0
1	88193917	.	G	A	12	28	40	19	1	60	0	0
1	88194314	.	C	A	48	13	61	5	1	67	0	0
1	88197053	.	T	C	15	31	46	0	0	46	0	0
1	88197991	.	A	G	9	34	43	0	0	43	0	0
1	88200605	.	C	A	2	10	12	0	0	12	0	0
1	88200670	.	G	A	2	12	14	0	1	15	0	0
1	88200718	.	C	A	1	8	9	0	0	9	0	0
1	88200832	.	C	T	7	14	21	0	0	21	0	0
1	88202664	.	A	G	2	2	4	1	0	5	0	0
1	88202772	.	A	T	28	4	32	4	0	36	0	0
1	88203643	.	A	G	1	2	3	1	0	4	0	0
1	88205229	.	A	G	1	3	4	0	0	4	0	0
1	88205247	.	A	G	1	3	4	0	0	4	0	0
1	88205286	.	A	T	7	3	10	1	0	11	0	0
1	89822985	.	G	A	2	3	5	0	0	5	0	0
1	93747812	.	G	T	13	2	15	0	0	15	0	0
1	93747813	.	G	T	13	1	14	0	1	15	0	0
1	97753560	.	G	T	1	2	3	0	0	3	0	0
1	97876842	.	C	T	1	3	4	2	0	6	0	0
1	118225697	.	T	C	6	2	8	0	0	8	0	0
1	125795807	.	A	G	5	3	8	0	3	11	0	0
1	133065748	.	A	G	42	8	50	0	1	51	0	0
1	134677984	.	A	G	7	1	8	0	9	17	0	0
1	135160430	.	A	C	6	2	8	41	0	49	0	0
1	135160431	.	G	T	6	2	8	44	0	52	0	0
1	143631499	.	T	C	19	3	22	0	0	22	0	0
1	154270351	.	C	A	25	11	36	0	3	39	0	0
1	155151508	.	G	T	14	2	16	0	8	24	0	0
1	155151509	.	C	T	14	3	17	0	8	25	0	0
1	155804423	.	C	T	11	3	14	0	0	14	0	0
1	156255182	.	T	C	3	9	12	0	0	12	0	0
1	156255601	.	T	C	9	3	12	0	0	12	0	0
1	156472715	.	A	G	8	3	11	0	3	14	0	0
1	160835343	.	T	C	6	2	8	0	0	8	0	0
1	160840574	.	T	C	7	3	10	0	0	10	0	0
1	162499745	.	T	A	9	3	12	0	3	15	0	0
1	165151669	.	G	C	6	1	7	0	0	7	0	0
1	165151679	.	G	C	10	1	11	0	0	11	0	0
1	165740846	.	A	G	5	2	7	0	0	7	0	0
1	166916330	.	A	C	9	3	12	0	10	22	0	0
1	166916336	.	A	C	9	4	13	0	7	20	0	0
1	175790103	.	C	T	5	2	7	0	0	7	0	0
1	178167396	.	A	G	3	2	5	0	0	5	0	0
1	179992462	.	A	C	29	4	33	0	5	38	0	0
1	180923662	.	T	C	21	3	24	0	0	24	0	0
1	180924020	.	T	C	18	16	34	0	0	34	0	0
1	180993891	.	C	A	18	4	22	0	2	24	0	0
1	180996273	.	A	C	11	5	16	0	1	17	0	0
1	183190594	.	A	G	13	2	15	0	0	15	0	0
1	185188103	.	G	C	1	2	3	0	1	4	0	0
1	192613057	.	C	T	5	2	7	0	0	7	0	0
10	4403464	.	C	T	2	2	4	0	0	4	0	0
10	4403465	.	A	T	2	1	3	0	1	4	0	0
10	7069699	.	T	G	3	4	7	0	1	8	0	0
10	7524278	.	T	C	3	2	5	0	0	5	0	0
10	11333810	.	C	T	16	6	22	0	3	25	0	0
10	11333814	.	C	T	18	4	22	0	3	25	0	0
10	22219389	.	G	C	1	2	3	0	0	3	0	0
10	29104018	.	G	T	9	4	13	0	1	14	0	0
10	29104019	.	G	T	8	3	11	0	3	14	0	0
10	33791335	.	A	G	3	2	5	0	0	5	0	0
10	33864897	.	T	C	6	2	8	0	0	8	0	0
10	33865196	.	T	C	6	3	9	0	0	9	0	0
10	33865251	.	T	C	3	2	5	0	0	5	0	0
10	33868473	.	T	C	11	3	14	0	0	14	0	0
10	39522276	.	A	G	7	2	9	0	0	9	0	0
10	45752162	.	G	A	8	3	11	15	1	27	0	0
10	48976129	.	C	A	8	0	8	0	3	11	0	0
10	48976131	.	G	A	6	2	8	0	2	10	0	0
10	49118584	.	T	C	5	14	19	0	0	19	0	0
10	49118640	.	T	C	5	7	12	0	0	12	0	0
10	49120426	.	T	C	6	38	44	0	2	46	0	0
10	53485774	.	A	G	10	2	12	0	1	13	0	0
10	56266486	.	T	C	12	2	14	0	1	15	0	0
10	56266491	.	A	C	7	2	9	0	1	10	0	0
10	57391874	.	C	T	7	4	11	0	2	13	0	0
10	61946656	.	A	G	6	1	7	0	1	8	0	0
10	61946658	.	C	G	7	1	8	0	0	8	0	0
10	62645542	.	T	C	3	2	5	0	1	6	0	0
10	67383355	.	G	A	2	6	8	0	1	9	0	0
10	69542152	.	G	C	7	2	9	0	0	9	0	0
10	70759840	.	C	T	2	2	4	0	0	4	0	0
10	70759846	.	C	T	2	1	3	0	1	4	0	0
10	76391424	.	A	G	17	4	21	0	0	21	0	0
10	77158441	.	T	C	13	92	105	0	3	108	0	0
10	77158455	.	T	C	61	49	110	0	3	113	0	0
10	79749634	.	A	C	2	1	3	0	0	3	0	0
10	80403193	.	T	C	44	14	58	0	2	60	0	0
10	88306011	.	T	C	16	2	18	0	0	18	0	0
10	88613567	.	T	C	7	2	9	0	0	9	0	0
10	93800442	.	T	C	3	3	6	0	0	6	0	0
10	93800484	.	T	C	13	4	17	0	0	17	0	0
10	93801926	.	T	C	2	4	6	0	0	6	0	0
10	94057224	.	A	G	19	8	27	0	0	27	0	0
10	94057234	.	A	G	14	3	17	0	0	17	0	0
10	112761338	.	C	T	3	4	7	0	0	7	0	0
10	112762575	.	G	T	33	19	52	4	17	73	0	0
10	122005698	.	A	T	0	1	1	0	2	3	0	0
10	126903751	.	T	C	94	24	118	0	2	120	0	0
10	128032031	.	A	G	0	2	2	0	1	3	0	0
10	128032463	.	A	G	2	2	4	0	0	4	0	0
11	3075936	.	A	G	7	3	10	0	0	10	0	0
11	3077575	.	C	A	12	9	21	23	2	46	0	0
11	3079066	.	G	A	16	3	19	6	0	25	0	0
11	3079179	.	C	T	2	2	4	4	0	8	0	0
11	4092046	.	T	C	23	8	31	0	1	32	0	0
11	4092085	.	T	C	15	12	27	0	1	28	0	0
11	4092790	.	T	C	21	15	36	0	1	37	0	0
11	5732196	.	A	G	12	2	14	0	0	14	0	0
11	22980465	.	A	G	2	1	3	0	1	4	0	0
11	43572939	.	A	G	7	5	12	0	0	12	0	0
11	43573028	.	A	G	5	3	8	0	0	8	0	0
11	45821425	.	T	C	10	5	15	0	0	15	0	0
11	46163470	.	T	C	93	470	563	0	19	583	1	0
11	48643891	.	G	A	0	2	2	4	3	9	0	0
11	48691187	.	C	T	39	10	49	0	1	50	0	0
11	52017633	.	A	G	13	2	15	0	1	16	0	0
11	54730814	.	T	C	16	4	20	0	0	20	0	0
11	55009310	.	C	T	4	1	5	22	5	32	0	0
11	59347027	.	A	G	29	16	45	0	0	45	0	0
11	59347029	.	A	G	25	18	43	0	0	43	0	0
11	59349201	.	A	G	20	5	25	0	0	25	0	0
11	59401881	.	A	G	8	5	13	0	0	13	0	0
11	60623531	.	A	G	26	4	30	0	0	30	0	0
11	60913551	.	A	G	9	2	11	0	0	11	0	0
11	61038330	.	C	A	2	1	3	0	0	3	0	0
11	65625566	.	T	C	2	2	4	0	0	4	0	0
11	67599266	.	T	C	3	2	5	0	0	5	0	0
11	69573543	.	T	C	1	2	3	0	0	3	0	0
11	69573545	.	T	C	1	2	3	0	0	3	0	0
11	69674128	.	A	G	18	3	21	0	0	21	0	0
11	69922901	.	A	G	8	4	12	0	0	12	0	0
11	69922950	.	A	G	10	6	16	0	1	18	1	0
11	69922984	.	A	G	11	5	16	0	1	17	0	0
11	69923489	.	A	G	4	2	6	0	1	7	0	0
11	69923490	.	A	G	4	2	6	0	1	7	0	0
11	69923921	.	A	G	6	3	9	0	1	10	0	0
11	69923979	.	A	G	7	2	9	0	0	9	0	0
11	69924811	.	A	G	12	3	15	0	0	15	0	0
11	69925824	.	A	G	3	4	7	0	2	9	0	0
11	69926003	.	A	G	10	3	13	0	0	13	0	0
11	69926648	.	A	G	9	3	12	0	1	13	0	0
11	69927946	.	A	G	11	3	14	0	0	14	0	0
11	69927984	.	A	G	7	3	10	0	0	10	0	0
11	69927999	.	A	G	8	2	10	0	0	10	0	0
11	70105152	.	A	G	13	1	14	0	1	15	0	0
11	70105156	.	C	T	13	1	14	0	0	14	0	0
11	70500692	.	G	A	7	20	27	0	0	27	0	0
11	73062870	.	A	G	4	2	6	0	0	6	0	0
11	75067170	.	T	C	29	17	46	0	2	48	0	0
11	75067210	.	T	C	34	6	40	0	1	41	0	0
11	75067258	.	T	C	27	10	37	0	0	37	0	0
11	75068285	.	T	C	29	14	43	0	1	44	0	0
11	77426880	.	T	C	53	10	63	0	0	63	0	0
11	78186104	.	A	G	6	2	8	0	0	8	0	0
11	78187480	.	A	G	2	3	5	0	0	5	0	0
11	78388386	.	G	A	6	3	9	0	3	12	0	0
11	78388387	.	C	A	4	3	7	0	5	12	0	0
11	78736383	.	G	T	7	2	9	1	1	11	0	0
11	78736387	.	G	T	10	1	11	1	1	13	0	0
11	78736469	.	A	G	8	4	12	0	0	12	0	0
11	82854054	.	A	G	5	4	9	0	0	9	0	0
11	83189869	.	C	T	4	2	6	0	0	6	0	0
11	85082181	.	C	T	13	6	19	0	6	25	0	0
11	85082219	.	G	A	5	3	8	0	4	12	0	0
11	86521633	.	T	C	1	2	3	4	0	7	0	0
11	88927208	.	T	C	10	8	18	0	0	19	1	0
11	94431318	.	T	C	7	6	13	0	0	13	0	0
11	94432839	.	T	C	10	5	15	0	1	16	0	0
11	94432859	.	T	C	9	7	16	0	0	16	0	0
11	95962283	.	T	C	2	2	4	0	0	4	0	0
11	95962333	.	T	C	10	2	12	0	0	12	0	0
11	95962488	.	T	C	3	4	7	0	0	7	0	0
11	96855788	.	A	G	1	4	5	0	0	5	0	0
11	97285031	.	A	C	11	4	15	0	1	16	0	0
11	97535690	.	T	C	10	6	16	0	0	16	0	0
11	98168819	.	A	G	3	2	5	0	1	6	0	0
11	99569722	.	T	C	1	2	3	0	0	3	0	0
11	100488792	.	T	C	8	3	11	0	0	11	0	0
11	101080710	.	A	C	13	7	20	0	1	21	0	0
11	101080714	.	G	C	13	6	19	0	14	33	0	0
11	101089126	.	T	C	10	9	19	0	0	19	0	0
11	101089557	.	T	C	19	5	24	0	1	25	0	0
11	101089729	.	T	C	14	5	19	0	0	19	0	0
11	101089734	.	T	C	12	5	17	0	0	17	0	0
11	101089802	.	T	C	11	7	18	0	1	19	0	0
11	102043981	.	T	A	21	5	26	0	1	27	0	0
11	102053496	.	G	A	2	2	4	1	5	10	0	0
11	102053507	.	G	A	2	4	6	1	2	9	0	0
11	104220906	.	G	A	8	4	12	0	1	13	0	0
11	106047891	.	T	C	11	2	13	0	0	13	0	0
11	109342680	.	A	G	13	2	15	0	0	15	0	0
11	115381282	.	A	G	15	4	19	0	0	19	0	0
11	115534972	.	A	T	16	7	23	0	10	33	0	0
11	116303726	.	T	C	8	1	9	0	0	9	0	0
11	116303729	.	T	C	9	1	10	0	0	10	0	0
11	116471963	.	T	C	8	31	39	0	3	42	0	0
11	116694187	.	G	A	5	2	7	0	1	8	0	0
11	119494428	.	G	C	25	3	28	0	6	34	0	0
11	120491423	.	A	G	3	2	5	0	0	5	0	0
11	120519173	.	C	T	9	7	16	0	4	20	0	0
12	3454167	.	A	G	46	7	53	12	1	66	0	0
12	3454168	.	A	G	38	16	54	12	0	66	0	0
12	3454248	.	A	G	18	42	60	14	5	79	0	0
12	16945109	.	G	C	5	1	6	0	0	6	0	0
12	17479425	.	T	C	9	3	12	0	6	18	0	0
12	17479431	.	G	C	12	4	16	0	4	20	0	0
12	17479686	.	A	G	18	6	24	0	0	24	0	0
12	17479809	.	A	G	5	12	17	0	1	18	0	0
12	46747117	.	T	C	39	16	55	0	1	56	0	0
12	54718540	.	T	C	23	8	31	0	0	31	0	0
12	54719070	.	T	C	24	5	29	0	1	30	0	0
12	54719142	.	T	C	29	6	35	0	0	35	0	0
12	69244102	.	A	G	13	3	16	0	1	17	0	0
12	69347175	.	A	G	3	2	5	0	0	5	0	0
12	71041403	.	A	G	3	29	32	0	0	32	0	0
12	71041945	.	A	G	23	3	26	0	0	26	0	0
12	71041954	.	A	G	19	9	28	0	5	33	0	0
12	71041984	.	A	G	20	14	34	0	1	35	0	0
12	71893432	.	C	G	0	2	2	0	1	3	0	0
12	71998702	.	A	C	17	5	22	0	8	30	0	0
12	71998705	.	A	C	14	1	15	0	14	29	0	0
12	72955837	.	T	C	7	5	12	0	0	12	0	0
12	72955848	.	T	C	8	9	17	0	0	17	0	0
12	73975614	.	A	G	2	4	6	0	0	6	0	0
12	75447608	.	C	A	4	2	6	0	0	6	0	0
12	75678010	.	C	T	3	2	5	10	0	15	0	0
12	75678133	.	A	G	3	4	7	5	1	13	0	0
12	78887986	.	T	C	3	4	7	0	0	7	0	0
12	80154594	.	C	T	5	3	8	0	4	12	0	0
12	80682582	.	T	C	1	2	3	0	0	3	0	0
12	80769436	.	A	G	1	9	10	0	0	10	0	0
12	80925256	.	C	T	16	3	19	0	6	25	0	0
12	80925259	.	C	T	19	1	20	0	8	28	0	0
12	85159777	.	A	G	2	3	5	0	0	5	0	0
12	85389418	.	T	G	4	6	10	0	3	13	0	0
12	99161253	.	C	T	2	3	5	0	0	5	0	0
12	100837974	.	A	G	7	4	11	0	1	12	0	0
12	101887890	.	T	C	16	8	24	0	0	24	0	0
12	105750974	.	T	A	2	2	4	0	1	5	0	0
12	108171847	.	T	G	9	4	13	0	4	17	0	0
12	109642866	.	A	G	1	2	3	0	0	3	0	0
12	109706996	.	A	G	5	2	7	0	0	7	0	0
13	3703271	.	T	A	3	7	10	0	0	12	2	0
13	8901801	.	T	C	14	7	21	0	0	21	0	0
13	15988989	.	T	C	3	2	5	0	0	5	0	0
13	15988990	.	T	C	3	2	5	0	0	5	0	0
13	15989053	.	T	C	2	2	4	0	0	4	0	0
13	17978707	.	T	C	7	2	9	0	0	9	0	0
13	17978887	.	T	C	7	3	10	0	0	10	0	0
13	17979133	.	T	C	6	2	8	0	0	8	0	0
13	21574169	.	T	C	16	3	19	0	0	19	0	0
13	21574225	.	T	C	20	4	24	0	0	24	0	0
13	21576615	.	T	C	13	4	17	0	0	17	0	0
13	24999573	.	A	G	1	1	2	0	1	3	0	0
13	24999598	.	A	G	1	3	4	0	0	4	0	0
13	24999615	.	A	G	5	2	7	0	0	7	0	0
13	36040777	.	C	T	6	2	8	0	0	8	0	0
13	38397966	.	A	G	4	2	6	0	0	6	0	0
13	41179286	.	C	T	6	2	8	0	0	8	0	0
13	47163686	.	T	C	3	2	5	1	0	6	0	0
13	58557740	.	A	T	9	1	10	1	0	11	0	0
13	58557748	.	C	T	9	1	10	1	0	11	0	0
13	59281741	.	G	A	14	5	19	0	1	20	0	0
13	59757011	.	A	G	1	2	3	0	2	5	0	0
13	64437994	.	T	C	10	2	12	0	0	12	0	0
13	64438124	.	T	C	13	9	22	0	0	22	0	0
13	65214229	.	G	A	14	4	18	0	2	20	0	0
13	67621181	.	T	C	1	3	4	0	2	6	0	0
13	67621265	.	T	C	1	2	3	0	0	3	0	0
13	67621455	.	T	C	4	6	10	0	1	11	0	0
13	67807053	.	T	C	4	4	8	0	0	8	0	0
13	75793212	.	C	T	0	7	7	8	3	18	0	0
13	78347093	.	A	C	6	3	9	0	1	10	0	0
13	89759759	.	G	A	5	3	8	0	3	11	0	0
13	93200002	.	G	A	1	2	3	0	0	3	0	0
13	93431053	.	A	G	1	3	4	0	0	4	0	0
13	95487243	.	A	T	1	2	3	0	0	3	0	0
13	97594875	.	T	G	1	4	5	0	0	5	0	0
13	107861323	.	C	T	5	5	10	0	6	16	0	0
13	119625401	.	G	T	14	3	17	0	0	17	0	0
13	120071697	.	T	C	8	2	10	0	0	10	0	0
13	120071828	.	C	T	8	2	10	0	1	11	0	0
14	10058181	.	A	G	146	48	194	1	3	198	0	0
14	14533725	.	T	C	5	13	18	0	3	21	0	0
14	20366991	.	T	C	6	1	7	0	1	8	0	0
14	20418433	.	A	G	15	4	19	0	0	19	0	0
14	20517408	.	T	C	7	2	9	0	0	9	0	0
14	20692863	.	A	G	2	2	4	0	0	4	0	0
14	21846832	.	A	G	21	34	55	0	3	58	0	0
14	21847779	.	A	G	71	18	89	0	1	90	0	0
14	24534000	.	T	C	1	2	3	0	0	3	0	0
14	25979737	.	A	G	3	2	5	0	0	5	0	0
14	26381874	.	T	C	3	2	5	1	0	6	0	0
14	26382360	.	T	C	5	2	7	0	0	7	0	0
14	26382413	.	T	C	2	4	6	0	0	6	0	0
14	29788070	.	T	C	22	6	28	0	0	28	0	0
14	29788078	.	T	C	17	12	29	0	0	29	0	0
14	31422583	.	T	C	34	13	47	0	2	49	0	0
14	31423408	.	T	C	38	6	44	0	0	44	0	0
14	32018582	.	A	G	25	16	41	0	2	43	0	0
14	32298844	.	G	A	10	5	15	0	2	17	0	0
14	32300088	.	A	G	3	1	4	1	3	8	0	0
14	47558234	.	A	G	13	7	20	9	0	29	0	0
14	49536024	.	A	G	7	2	9	0	0	9	0	0
14	51014263	.	T	C	6	2	8	0	0	8	0	0
14	51108890	.	A	G	6	2	8	0	0	8	0	0
14	51109987	.	A	G	2	4	6	0	0	6	0	0
14	52530911	.	A	G	60	12	72	0	4	76	0	0
14	52531686	.	A	G	26	68	94	0	2	96	0	0
14	55749057	.	A	G	10	2	12	0	2	14	0	0
14	60451313	.	T	C	2	4	6	0	1	7	0	0
14	60453533	.	A	G	2	2	4	0	1	5	0	0
14	64825086	.	G	A	7	2	9	0	0	9	0	0
14	64829325	.	A	C	42	4	46	0	9	55	0	0
14	65291200	.	A	G	13	10	23	0	23	46	0	0
14	65434640	.	T	C	25	26	51	0	2	53	0	0
14	67253167	.	A	T	27	7	34	0	10	44	0	0
14	70840963	.	T	C	8	1	9	0	1	10	0	0
14	75957159	.	T	C	31	8	39	0	1	40	0	0
14	99311216	.	G	A	4	2	6	0	0	6	0	0
14	103584115	.	T	C	13	12	25	0	1	26	0	0
14	119113824	.	G	A	2	4	6	0	1	7	0	0
14	119114321	.	G	A	20	1	21	0	8	29	0	0
14	121273016	.	A	G	5	7	12	0	0	12	0	0
15	5247026	.	G	T	30	6	36	0	7	43	0	0
15	8187674	.	A	G	7	9	16	0	0	16	0	0
15	8188973	.	A	G	4	9	13	0	3	16	0	0
15	8514258	.	A	G	1	2	3	0	0	3	0	0
15	9200913	.	A	G	67	13	80	0	0	80	0	0
15	12170636	.	T	C	4	2	6	0	0	6	0	0
15	32241361	.	C	G	1	2	3	0	1	4	0	0
15	50520529	.	C	A	2	3	5	0	2	7	0	0
15	55118692	.	A	G	11	4	15	0	0	15	0	0
15	55119019	.	A	G	5	3	8	0	0	8	0	0
15	65744392	.	T	C	9	3	12	0	1	13	0	0
15	76601469	.	A	G	1	1	2	0	0	2	0	0
15	78900138	.	T	C	9	3	12	0	0	12	0	0
15	79023943	.	T	C	1	2	3	0	0	3	0	0
15	79496070	.	T	C	3	2	5	0	0	5	0	0
15	80816548	.	A	G	6	3	9	0	0	9	0	0
15	80816550	.	A	G	5	2	7	0	1	8	0	0
15	81074873	.	T	G	2	2	4	0	7	11	0	0
15	81339166	.	A	G	8	5	13	0	0	13	0	0
15	81339180	.	A	G	8	4	12	0	1	13	0	0
15	81341097	.	A	G	5	5	10	0	1	11	0	0
15	81799307	.	G	A	32	8	40	0	13	53	0	0
15	84071378	.	A	G	2	3	5	0	1	6	0	0
15	84198527	.	A	C	24	2	26	0	9	35	0	0
15	84836962	.	T	C	7	6	13	0	1	14	0	0
15	84836972	.	T	C	11	5	16	0	1	17	0	0
15	86023337	.	C	T	6	2	8	0	0	8	0	0
15	89070817	.	G	C	2	7	9	1	4	14	0	0
15	93095129	.	A	G	1	2	3	0	0	3	0	0
15	98634993	.	T	C	12	19	31	0	0	31	0	0
15	98731431	.	T	C	30	9	39	0	1	40	0	0
15	98841121	.	C	T	1	3	4	0	0	4	0	0
15	98934966	.	T	C	1	2	3	343	0	346	0	0
15	98935173	.	C	T	2	1	3	468	1	472	0	0
15	98954773	.	G	A	7	2	9	0	0	9	0	0
15	99142536	.	T	C	87	20	107	23	4	134	0	0
15	99626051	.	A	G	7	3	10	0	0	10	0	0
15	99626091	.	A	G	9	3	12	0	0	12	0	0
15	99627262	.	A	G	5	6	11	0	0	11	0	0
15	99677848	.	T	C	10	2	12	0	0	12	0	0
16	3680985	.	T	C	23	7	30	0	1	31	0	0
16	4138530	.	T	G	2	2	4	22	0	26	0	0
16	4529324	.	C	A	18	2	20	0	0	20	0	0
16	4529331	.	T	A	17	1	18	0	0	18	0	0
16	13520445	.	A	G	19	11	30	0	0	30	0	0
16	13650452	.	A	G	5	4	9	0	0	9	0	0
16	13650471	.	T	C	12	2	14	0	0	14	0	0
16	13651871	.	A	G	12	2	14	0	0	14	0	0
16	16844952	.	A	G	4	2	6	0	0	6	0	0
16	16866848	.	A	G	1	4	5	0	0	5	0	0
16	17321752	.	A	G	19	6	25	0	1	26	0	0
16	18653678	.	A	G	55	13	68	0	3	71	0	0
16	19942498	.	A	G	34	16	50	0	1	51	0	0
16	20363104	.	A	G	5	4	9	0	0	9	0	0
16	30330773	.	T	C	13	4	17	0	0	17	0	0
16	32119086	.	A	G	16	4	20	0	1	21	0	0
16	32119106	.	A	G	15	14	29	0	2	31	0	0
16	32119150	.	A	G	21	12	33	0	0	33	0	0
16	35749583	.	G	A	1	3	4	0	0	4	0	0
16	37706423	.	G	T	7	3	10	0	3	13	0	0
16	37706424	.	G	T	9	2	11	0	2	13	0	0
16	78131279	.	T	C	1	1	2	0	0	2	0	0
16	87230813	.	T	C	16	5	21	0	0	21	0	0
16	87230814	.	T	C	12	9	21	0	0	21	0	0
16	87299827	.	A	G	1	1	2	0	1	3	0	0
16	87737431	.	T	C	3	12	15	0	0	15	0	0
16	89584427	.	A	G	0	20	20	0	7	27	0	0
16	89584429	.	A	G	26	0	26	0	9	35	0	0
16	91287336	.	A	G	1	2	3	0	0	3	0	0
16	91287590	.	A	G	2	3	5	0	0	5	0	0
16	91452503	.	A	G	100	17	117	0	5	122	0	0
16	91453021	.	A	G	81	23	104	2	1	107	0	0
16	97658408	.	T	C	8	3	11	0	0	11	0	0
17	3094529	.	C	T	7	2	9	18	0	27	0	0
17	3308657	.	T	A	7	2	9	0	1	10	0	0
17	6172906	.	A	G	4	3	7	0	0	7	0	0
17	6172911	.	A	G	5	2	7	0	0	7	0	0
17	6173357	.	A	G	4	3	7	0	0	7	0	0
17	6361732	.	C	T	3	2	5	0	0	5	0	0
17	15741586	.	A	G	4	2	6	0	0	6	0	0
17	15741625	.	A	G	1	3	4	0	0	4	0	0
17	15742534	.	A	G	2	3	5	0	0	5	0	0
17	24381413	.	T	C	7	3	10	0	0	10	0	0
17	24395428	.	T	C	76	17	93	0	1	94	0	0
17	24395462	.	T	C	84	26	110	0	2	112	0	0
17	24395463	.	T	C	91	16	107	0	6	113	0	0
17	24397285	.	T	C	12	19	31	0	1	32	0	0
17	24397327	.	T	C	6	15	21	0	0	21	0	0
17	24635698	.	A	G	5	2	7	0	0	7	0	0
17	25404688	.	C	T	17	2	19	0	0	19	0	0
17	25404690	.	C	T	17	1	18	0	1	19	0	0
17	27721769	.	T	C	24	6	30	0	1	31	0	0
17	29521001	.	A	G	7	3	10	0	0	10	0	0
17	31333483	.	C	T	13	12	25	0	12	37	0	0
17	32523565	.	T	C	31	8	39	0	1	40	0	0
17	32986123	.	T	A	21	1	22	0	11	33	0	0
17	32986125	.	G	A	25	4	29	0	6	35	0	0
17	33015107	.	T	C	1	2	3	0	0	3	0	0
17	33015482	.	T	C	11	3	14	0	0	14	0	0
17	33034489	.	T	C	10	2	12	0	0	12	0	0
17	33037804	.	T	C	16	3	19	0	0	19	0	0
17	33550701	.	T	C	12	2	14	0	0	14	0	0
17	33550719	.	T	C	10	3	13	0	0	13	0	0
17	33906234	.	T	C	6	4	10	0	0	10	0	0
17	33966501	.	T	C	34	10	44	185	12	241	0	0
17	34147531	.	A	G	25	9	34	0	1	35	0	0
17	36168626	.	A	G	12	7	19	0	0	19	0	0
17	36580955	.	T	C	5	1	6	0	1	7	0	0
17	40158498	.	T	C	3891	5335	9226	0	213	9835	396	0
17	45973875	.	T	C	28	108	136	0	5	141	0	0
17	46727251	.	A	G	0	5	5	0	0	5	0	0
17	46727252	.	A	G	2	4	6	0	0	6	0	0
17	46985479	.	G	T	8	3	11	0	0	11	0	0
17	47085856	.	T	C	29	8	37	1	1	39	0	0
17	47085857	.	T	C	27	9	36	1	1	38	0	0
17	52151372	.	A	G	7	2	9	0	2	11	0	0
17	52166231	.	A	G	2	2	4	0	0	4	0	0
17	56903511	.	G	A	4	1	5	0	1	6	0	0
17	56903513	.	G	A	3	2	5	0	1	6	0	0
17	78682983	.	G	T	6	2	8	0	0	8	0	0
17	80705827	.	T	G	26	2	28	0	8	36	0	0
17	87385744	.	A	C	3	2	5	2	0	7	0	0
17	87385965	.	C	T	1	2	3	9	0	12	0	0
17	88797008	.	G	T	0	4	4	0	1	5	0	0
17	88797009	.	C	T	0	4	4	0	1	5	0	0
17	95064364	.	T	C	5	4	9	0	0	9	0	0
17	95067396	.	T	C	10	9	19	0	1	20	0	0
17	95067479	.	T	C	14	15	29	0	0	29	0	0
18	6793746	.	A	G	26	10	36	0	2	38	0	0
18	6793749	.	A	G	29	6	35	0	2	37	0	0
18	6793851	.	A	G	17	3	20	0	2	22	0	0
18	10813843	.	A	G	86	18	104	0	1	105	0	0
18	24097953	.	A	G	10	3	13	0	0	13	0	0
18	24098457	.	A	G	7	5	12	0	0	12	0	0
18	25223658	.	A	C	4	2	6	0	1	7	0	0
18	32235557	.	A	G	4	3	7	0	1	8	0	0
18	32235595	.	A	G	3	5	8	0	0	8	0	0
18	32235928	.	A	G	2	2	4	0	0	4	0	0
18	32235930	.	A	G	1	3	4	0	0	4	0	0
18	32235981	.	A	G	9	4	13	0	0	13	0	0
18	32236019	.	A	G	8	4	12	0	0	12	0	0
18	32561134	.	A	G	46	6	52	0	0	52	0	0
18	32999202	.	C	T	3	2	5	0	1	6	0	0
18	34998030	.	T	A	4	3	7	0	1	8	0	0
18	35743341	.	A	G	6	6	12	0	0	12	0	0
18	35933472	.	T	G	1	2	3	0	0	3	0	0
18	37974922	.	T	A	13	2	15	0	1	16	0	0
18	37974923	.	G	A	11	2	13	0	3	16	0	0
18	42472230	.	A	C	11	5	16	0	4	20	0	0
18	42472236	.	A	C	10	5	15	0	4	19	0	0
18	42778369	.	G	T	13	3	16	0	10	26	0	0
18	57089576	.	T	C	4	12	16	0	0	16	0	0
18	65768720	.	G	T	1	1	2	0	1	3	0	0
18	75076443	.	A	G	6	2	8	0	0	8	0	0
19	3916385	.	A	G	14	4	18	0	0	18	0	0
19	3916452	.	A	G	19	4	23	0	0	23	0	0
19	4324082	.	T	C	1	3	4	0	0	4	0	0
19	4813117	.	T	C	4	4	8	0	1	9	0	0
19	4813159	.	T	C	6	3	9	0	0	9	0	0
19	4938619	.	T	C	11	2	13	0	0	13	0	0
19	5015429	.	A	G	4	4	8	0	0	8	0	0
19	5845967	.	T	C	6	2	8	0	0	8	0	0
19	6190043	.	C	T	2	2	4	0	0	4	0	0
19	6895783	.	T	C	4	3	7	0	1	8	0	0
19	7192521	.	C	T	8	2	10	1	0	11	0	0
19	7515480	.	A	G	21	5	26	0	0	26	0	0
19	7516422	.	A	C	2	3	5	0	2	7	0	0
19	7516427	.	A	C	4	2	6	0	2	8	0	0
19	8816891	.	A	C	14	1	15	0	11	26	0	0
19	8868449	.	A	G	7	2	9	0	2	11	0	0
19	8900203	.	A	G	8	3	11	0	0	11	0	0
19	8995947	.	G	T	0	2	2	0	2	4	0	0
19	8995948	.	G	T	1	2	3	0	1	4	0	0
19	10223060	.	T	C	40	58	98	0	3	101	0	0
19	10432781	.	C	T	11	6	17	0	3	20	0	0
19	12441626	.	A	G	27	8	35	0	0	35	0	0
19	21915181	.	T	C	1	3	4	0	0	4	0	0
19	24853109	.	A	C	7	1	8	21	3	32	0	0
19	28840153	.	T	C	1	2	3	0	0	3	0	0
19	28995964	.	A	G	20	6	26	0	1	27	0	0
19	41818939	.	A	G	10	2	12	0	0	13	1	0
19	42244233	.	T	C	18	4	22	0	9	31	0	0
19	42244238	.	G	C	17	2	19	0	8	27	0	0
19	43429365	.	A	G	12	2	14	0	0	14	0	0
19	43429601	.	A	G	15	12	27	0	0	27	0	0
19	43429753	.	A	G	31	7	38	0	0	38	0	0
19	44993669	.	T	C	45	9	54	0	1	55	0	0
19	44993727	.	T	C	43	12	55	0	1	56	0	0
19	44996689	.	T	C	9	2	11	0	0	11	0	0
19	46269419	.	A	G	6	3	9	0	0	9	0	0
19	46584822	.	A	G	3	3	6	0	0	6	0	0
19	55285232	.	T	C	2	2	4	0	0	4	0	0
19	60765148	.	A	G	38	38	76	0	2	78	0	0
2	4643092	.	A	G	4	2	6	0	0	6	0	0
2	6549298	.	G	T	36	16	52	0	7	59	0	0
2	13016231	.	C	T	19	6	25	0	3	28	0	0
2	13016235	.	C	T	17	3	20	0	4	24	0	0
2	14153492	.	A	G	6	9	15	0	0	15	0	0
2	14153493	.	A	G	4	11	15	0	0	15	0	0
2	14153560	.	A	G	8	12	20	0	0	20	0	0
2	14153568	.	A	G	9	11	20	0	0	21	1	0
2	18220174	.	T	C	6	6	12	1	0	13	0	0
2	18220185	.	T	C	16	4	20	0	0	20	0	0
2	22478154	.	G	A	1	2	3	6	5	14	0	0
2	23383759	.	T	C	1	2	3	0	0	3	0	0
2	24849470	.	T	G	6	2	8	0	1	9	0	0
2	27153718	.	T	C	11	7	18	0	0	18	0	0
2	28104347	.	G	A	277	58	335	0	72	407	0	0
2	28343998	.	A	T	20	4	24	0	1	25	0	0
2	29961694	.	C	T	7	7	14	3	11	28	0	0
2	30174243	.	A	T	4	3	7	0	0	7	0	0
2	30920955	.	T	C	18	5	23	0	2	25	0	0
2	31505906	.	A	G	11	3	14	0	1	15	0	0
2	31937444	.	A	G	19	7	26	0	0	26	0	0
2	32041213	.	C	T	6	2	8	0	0	8	0	0
2	32506344	.	A	G	3	2	5	0	0	5	0	0
2	32506353	.	A	G	1	3	4	0	0	4	0	0
2	34061747	.	C	T	8	5	13	0	3	16	0	0
2	34061755	.	C	T	8	2	10	0	5	15	0	0
2	38902520	.	A	G	5	2	7	0	0	7	0	0
2	40446473	.	T	C	0	2	2	8	1	11	0	0
2	41266027	.	T	C	9	2	11	0	0	11	0	0
2	49199137	.	T	C	3	2	5	166	1	172	0	0
2	55005781	.	C	T	11	3	14	0	3	17	0	0
2	55005783	.	G	T	11	3	14	0	4	18	0	0
2	91043632	.	A	G	38	15	53	1	4	58	0	0
2	91064732	.	T	C	6	5	11	0	1	12	0	0
2	91064743	.	T	C	7	5	12	0	0	12	0	0
2	91064808	.	T	C	7	2	9	0	0	9	0	0
2	91065659	.	T	C	2	2	4	1	0	5	0	0
2	91551763	.	A	G	3	3	6	0	0	6	0	0
2	92445495	.	C	A	29	4	33	0	21	54	0	0
2	94215387	.	T	C	1	2	3	1	0	4	0	0
2	104511430	.	T	C	13	6	19	0	1	20	0	0
2	112185846	.	A	G	4	6	10	0	0	10	0	0
2	112185852	.	A	G	6	5	11	0	0	11	0	0
2	118700422	.	A	G	4	20	24	1	0	25	0	0
2	118700712	.	A	G	10	4	14	0	0	14	0	0
2	118700801	.	A	G	11	3	14	0	0	14	0	0
2	121223421	.	T	C	1	3	4	0	0	4	0	0
2	121230636	.	G	T	3	1	4	0	0	4	0	0
2	121766442	.	T	C	10	2	12	0	0	12	0	0
2	124930620	.	C	A	10	4	14	1	3	18	0	0
2	126733437	.	T	C	16	5	21	0	1	22	0	0
2	126734836	.	T	C	23	6	29	0	1	30	0	0
2	126734839	.	T	C	31	9	40	0	1	41	0	0
2	126756821	.	T	C	2	2	4	0	0	4	0	0
2	126756823	.	T	C	1	2	3	0	0	3	0	0
2	127126729	.	A	G	2	2	4	0	0	4	0	0
2	130397759	.	A	G	7	3	10	0	0	10	0	0
2	130397804	.	A	G	9	2	11	0	0	11	0	0
2	130397819	.	A	G	7	3	10	0	0	10	0	0
2	130397909	.	A	G	5	2	7	0	0	7	0	0
2	130397973	.	A	G	3	4	7	0	0	7	0	0
2	130410050	.	A	G	4	2	6	0	0	6	0	0
2	130410093	.	A	G	1	2	3	0	0	3	0	0
2	132151800	.	A	G	70	295	365	0	6	371	0	0
2	132636996	.	C	A	6	2	8	0	0	8	0	0
2	149585919	.	C	T	0	3	3	0	3	6	0	0
2	152114942	.	A	G	2	7	9	0	0	9	0	0
2	152121778	.	T	C	3	2	5	1	0	6	0	0
2	152528305	.	A	G	11	2	13	0	0	13	0	0
2	153051040	.	C	A	2	4	6	3	13	29	7	0
2	153459196	.	T	C	3	2	5	0	0	5	0	0
2	153459205	.	T	C	3	3	6	0	0	6	0	0
2	153460309	.	T	C	4	10	14	0	0	14	0	0
2	154379850	.	A	G	30	8	38	0	0	38	0	0
2	154428255	.	T	C	1	2	3	0	0	3	0	0
2	155980520	.	T	C	4	3	7	0	1	8	0	0
2	157400030	.	T	C	125	24	149	4	3	156	0	0
2	157400060	.	T	C	104	39	143	1	4	148	0	0
2	157400069	.	T	C	85	56	141	1	3	145	0	0
2	158219426	.	A	G	11	3	14	0	1	15	0	0
2	158219433	.	A	G	11	3	14	0	0	14	0	0
2	158220838	.	A	G	12	8	20	0	1	21	0	0
2	158220844	.	A	G	21	4	25	0	1	26	0	0
2	158225545	.	A	G	405	79	484	0	9	493	0	0
2	158226873	.	A	G	106	389	495	1	27	523	0	0
2	158437514	.	A	G	4	2	6	0	0	6	0	0
2	163309459	.	T	C	4	8	12	0	1	13	0	0
2	163310345	.	T	C	28	5	33	0	0	33	0	0
2	164306821	.	G	A	18	12	30	0	7	37	0	0
2	164953669	.	T	C	40	7	47	0	0	47	0	0
2	164953773	.	T	C	22	8	30	0	1	31	0	0
2	168055452	.	T	C	4	2	6	0	0	6	0	0
2	169913225	.	A	G	12	2	14	0	0	14	0	0
2	169913255	.	A	G	4	3	7	0	0	7	0	0
2	169913263	.	A	G	5	3	8	0	0	8	0	0
2	169913421	.	A	G	11	4	15	0	0	15	0	0
2	174169694	.	A	G	101	21	122	0	5	127	0	0
2	179666935	.	G	A	7	2	9	0	0	9	0	0
2	181229344	.	T	C	2	2	4	0	0	4	0	0
3	5243163	.	T	C	2	2	4	0	0	4	0	0
3	5243168	.	T	C	2	2	4	0	0	4	0	0
3	29136739	.	C	T	2	2	4	0	0	4	0	0
3	32636549	.	T	C	11	7	18	0	0	18	0	0
3	40748697	.	A	G	34	13	47	12	0	59	0	0
3	45388130	.	A	G	16	3	19	0	0	19	0	0
3	45389193	.	A	G	7	2	9	0	1	10	0	0
3	54706896	.	A	G	16	3	19	0	0	19	0	0
3	57551841	.	T	C	2	2	4	0	0	4	0	0
3	57553351	.	T	C	1	3	4	0	0	4	0	0
3	58498121	.	A	G	296	20	316	0	15	331	0	0
3	79551611	.	T	C	8	2	10	0	1	11	0	0
3	80599593	.	T	C	123	248	371	1	9	381	0	0
3	80613956	.	T	C	14	11	25	0	1	26	0	0
3	80613957	.	T	C	19	7	26	0	2	28	0	0
3	80614159	.	T	C	9	6	15	0	1	16	0	0
3	80614215	.	T	C	268	142	410	0	6	416	0	0
3	85463819	.	T	C	2	2	4	0	0	4	0	0
3	87886331	.	G	C	12	0	12	0	1	13	0	0
3	88259488	.	A	G	3	5	8	0	0	8	0	0
3	88259498	.	A	G	2	7	9	0	1	10	0	0
3	88259549	.	A	G	8	4	12	0	1	13	0	0
3	88259907	.	A	G	3	4	7	0	0	7	0	0
3	88629834	.	A	G	1	2	3	0	0	3	0	0
3	89308434	.	T	C	6	4	10	0	0	10	0	0
3	89777398	.	A	T	2	1	3	0	4	7	0	0
3	89967705	.	A	G	3	4	7	0	1	8	0	0
3	89967924	.	A	G	3	4	7	0	0	7	0	0
3	90269081	.	T	C	1	1	2	0	3	5	0	0
3	90269085	.	T	C	2	1	3	0	2	5	0	0
3	92335372	.	T	G	1	2	3	0	0	3	0	0
3	94339941	.	A	G	12	2	14	0	0	14	0	0
3	94966904	.	C	T	10	4	14	1	6	21	0	0
3	94966905	.	C	T	12	5	17	1	4	22	0	0
3	95090872	.	T	C	2	5	7	0	0	7	0	0
3	95090893	.	T	C	6	2	8	0	0	8	0	0
3	95093498	.	T	C	11	2	13	0	0	13	0	0
3	95093563	.	G	T	7	2	9	0	0	9	0	0
3	95768692	.	T	C	4	2	6	0	0	6	0	0
3	95785857	.	A	C	7	2	9	1	0	10	0	0
3	96539776	.	A	G	6	18	24	0	4	28	0	0
3	96539975	.	A	G	15	3	18	0	6	24	0	0
3	96540029	.	A	G	30	5	35	0	2	37	0	0
3	101483698	.	G	C	20	13	33	0	29	62	0	0
3	101483703	.	G	C	39	11	50	0	25	76	1	0
3	102973406	.	A	G	33	12	45	0	1	46	0	0
3	104835413	.	A	G	6	2	8	0	0	8	0	0
3	105634065	.	G	T	2	2	4	0	0	4	0	0
3	105634071	.	G	T	1	2	3	0	1	4	0	0
3	108451947	.	G	C	3	1	4	0	0	4	0	0
3	110050717	.	C	T	10	4	14	0	4	18	0	0
3	116421013	.	A	G	2	2	4	0	0	4	0	0
3	116537733	.	T	C	12	9	21	0	2	23	0	0
3	116537746	.	T	C	17	15	32	0	1	33	0	0
3	116538232	.	T	C	19	3	22	0	0	22	0	0
3	116538330	.	T	C	15	18	33	0	1	34	0	0
3	116538353	.	T	C	22	10	32	0	0	33	1	0
3	122050365	.	T	C	6	3	9	9	3	21	0	0
3	127388308	.	A	G	1	2	3	0	0	3	0	0
3	129430349	.	A	C	12	2	14	0	8	22	0	0
3	135139338	.	T	C	4	3	7	0	0	7	0	0
3	135231931	.	T	C	1	3	4	0	0	4	0	0
3	137795759	.	T	G	4	1	5	0	6	11	0	0
3	138263373	.	T	C	5	2	7	0	1	8	0	0
3	138264847	.	A	G	17	5	22	0	0	22	0	0
3	146435333	.	A	T	6	4	10	0	0	10	0	0
3	157022078	.	T	A	3	2	5	0	0	5	0	0
3	157022079	.	T	A	3	2	5	0	0	5	0	0
4	11549972	.	G	T	1	2	3	0	0	3	0	0
4	11549974	.	A	T	1	1	2	0	1	3	0	0
4	14914437	.	G	T	5	2	7	0	0	7	0	0
4	21834548	.	A	G	29	13	42	0	3	45	0	0
4	21834574	.	A	G	41	10	51	0	0	51	0	0
4	21834757	.	A	G	23	4	27	0	0	27	0	0
4	21834782	.	A	G	9	5	14	0	2	16	0	0
4	21911309	.	A	G	23	5	28	0	1	29	0	0
4	21911886	.	A	G	13	2	15	0	0	15	0	0
4	22484252	.	A	G	7	2	9	0	0	9	0	0
4	32022582	.	A	G	32	9	41	0	3	44	0	0
4	32964944	.	T	C	0	2	2	4	2	8	0	0
4	33019420	.	A	G	71	34	105	0	2	107	0	0
4	33020417	.	A	G	66	61	127	0	3	130	0	0
4	41518514	.	T	C	225	45	270	0	2	272	0	0
4	41518712	.	T	C	358	51	409	0	5	414	0	0
4	45377540	.	A	G	7	1	8	0	2	10	0	0
4	56870174	.	T	C	9	2	11	0	1	12	0	0
4	56870178	.	T	C	8	2	10	0	0	10	0	0
4	56870260	.	T	C	4	6	10	0	0	10	0	0
4	56870267	.	T	C	12	3	15	0	0	15	0	0
4	62109228	.	A	T	6	2	8	0	0	8	0	0
4	62371141	.	T	C	2	3	5	0	0	5	0	0
4	62371673	.	T	C	1	2	3	0	1	4	0	0
4	69844043	.	C	T	1	5	6	22	0	28	0	0
4	84841953	.	A	G	0	1	1	0	2	3	0	0
4	86495344	.	G	T	66	14	80	1	1	82	0	0
4	94830780	.	C	T	10	3	13	0	0	13	0	0
4	94834227	.	G	A	4	3	7	0	0	7	0	0
4	103021909	.	A	G	16	3	19	0	3	22	0	0
4	106298400	.	A	C	16	3	19	0	0	19	0	0
4	109819971	.	T	G	3	2	5	0	0	5	0	0
4	115991567	.	T	C	13	5	18	0	1	19	0	0
4	116450680	.	C	T	9	4	13	0	2	15	0	0
4	118268746	.	A	G	5	2	7	0	0	7	0	0
4	118484005	.	A	G	5	21	26	0	0	27	1	0
4	118484020	.	A	G	27	6	33	0	0	33	0	0
4	118484072	.	A	G	21	12	33	0	0	33	0	0
4	119080668	.	T	C	14	4	18	0	0	18	0	0
4	119080724	.	T	C	15	6	21	0	0	21	0	0
4	119081410	.	T	C	31	5	36	0	0	36	0	0
4	119135361	.	C	T	35	28	63	0	24	88	1	0
4	119247840	.	T	C	4	2	6	0	0	6	0	0
4	124838094	.	A	G	9	11	20	0	0	20	0	0
4	124838169	.	A	G	13	6	19	0	0	19	0	0
4	125982944	.	A	G	11	11	22	0	0	22	0	0
4	125985065	.	A	G	5	5	10	0	2	12	0	0
4	125985078	.	A	G	6	3	9	0	1	10	0	0
4	131679966	.	T	C	26	8	34	0	1	35	0	0
4	137954192	.	A	G	7	3	10	0	0	10	0	0
4	137987341	.	A	G	80	14	94	0	6	100	0	0
4	137987354	.	A	G	79	29	108	0	3	111	0	0
4	138184300	.	A	G	2	3	5	0	1	6	0	0
4	140678893	.	A	G	10	4	14	0	0	14	0	0
4	141488012	.	T	C	49	10	59	0	3	62	0	0
4	144314687	.	A	G	4	2	6	25	0	31	0	0
4	147907770	.	T	C	2	6	8	0	0	8	0	0
4	147907775	.	T	C	3	4	7	0	0	7	0	0
4	147907819	.	T	C	6	2	8	0	0	8	0	0
4	147907821	.	T	C	4	3	7	0	0	7	0	0
4	147909475	.	T	C	2	3	5	0	0	5	0	0
4	147909533	.	A	G	4	1	5	0	1	6	0	0
4	149202586	.	A	G	29	10	39	0	1	40	0	0
4	149203210	.	A	G	20	4	24	0	1	25	0	0
4	149203211	.	A	G	20	5	25	0	0	25	0	0
4	149552719	.	T	C	2	5	7	0	0	7	0	0
4	151089106	.	G	A	2	3	5	0	3	8	0	0
4	151089109	.	G	A	1	2	3	0	4	7	0	0
4	155705891	.	A	G	13	2	15	0	0	15	0	0
4	155705922	.	A	G	16	3	19	0	0	19	0	0
4	155706828	.	A	G	12	5	17	1	1	20	1	0
4	155800935	.	A	G	7	7	14	0	0	14	0	0
4	155800938	.	A	G	10	5	15	0	0	15	0	0
4	156095123	.	A	G	66	46	112	0	4	116	0	0
4	156105020	.	T	C	2	5	7	0	0	7	0	0
4	156105035	.	T	C	2	4	6	0	1	7	0	0
4	156105693	.	T	C	5	9	14	0	0	14	0	0
5	3680498	.	T	C	7	3	10	0	0	10	0	0
5	4805320	.	T	C	7	2	9	0	1	10	0	0
5	5833142	.	A	G	1	5	6	8	2	16	0	0
5	5833442	.	T	C	1	4	5	9	0	14	0	0
5	22733550	.	C	T	2	6	8	3	0	11	0	0
5	22930418	.	A	G	2	4	6	2	0	8	0	0
5	22930423	.	T	C	3	4	7	4	0	11	0	0
5	22930894	.	A	G	1	3	4	2	0	6	0	0
5	23945901	.	G	T	2	2	4	0	0	4	0	0
5	23945902	.	G	T	2	2	4	0	0	4	0	0
5	24649804	.	T	C	8	25	33	3	0	36	0	0
5	24649822	.	T	C	19	7	26	3	3	32	0	0
5	30733222	.	A	G	3	2	5	0	2	7	0	0
5	31330824	.	T	C	12	8	20	0	0	20	0	0
5	31330825	.	T	C	16	4	20	0	1	21	0	0
5	33149571	.	A	G	5	5	10	0	0	10	0	0
5	33149943	.	A	G	7	6	13	0	0	13	0	0
5	33572684	.	A	G	4	2	6	0	0	6	0	0
5	33572727	.	A	G	8	2	10	0	0	10	0	0
5	33572737	.	A	G	6	2	8	0	0	8	0	0
5	33573900	.	A	G	2	6	8	0	0	8	0	0
5	33575654	.	A	G	11	3	14	0	0	14	0	0
5	34333308	.	C	T	22	9	31	0	4	35	0	0
5	34333313	.	C	T	27	2	29	0	6	35	0	0
5	34338024	.	A	G	7	2	9	0	0	9	0	0
5	36157689	.	C	T	4	5	9	0	0	9	0	0
5	36159629	.	A	G	12	2	14	0	0	14	0	0
5	41786041	.	T	C	6	2	8	0	1	9	0	0
5	65605388	.	T	C	59	25	84	0	1	85	0	0
5	65605389	.	T	C	42	37	79	0	6	85	0	0
5	72315533	.	G	A	7	3	10	0	2	12	0	0
5	73469787	.	A	G	63	14	77	0	2	79	0	0
5	76357889	.	C	A	10	3	13	0	4	17	0	0
5	77555578	.	T	C	5	15	20	1	0	21	0	0
5	77555630	.	T	C	5	17	22	0	0	22	0	0
5	88823803	.	G	C	10	1	11	0	1	12	0	0
5	88823806	.	G	C	11	1	12	0	1	13	0	0
5	88909761	.	T	C	11	3	14	0	0	14	0	0
5	96224658	.	A	T	6	2	8	0	4	12	0	0
5	104652843	.	A	G	29	5	34	0	1	35	0	0
5	104652845	.	A	G	31	6	37	0	0	37	0	0
5	109824550	.	T	C	1	2	3	0	0	3	0	0
5	110081429	.	C	T	5	3	8	0	4	12	0	0
5	110081431	.	C	T	2	1	3	0	8	11	0	0
5	111436941	.	T	C	1	2	3	0	0	3	0	0
5	115434850	.	G	A	16	8	24	0	4	28	0	0
5	115437319	.	T	C	9	8	17	0	1	18	0	0
5	117343688	.	A	G	0	3	3	0	1	4	0	0
5	117343689	.	A	G	2	2	4	0	0	4	0	0
5	118326781	.	A	C	18	4	22	0	7	29	0	0
5	120630422	.	T	C	11	4	15	0	1	16	0	0
5	121941595	.	A	G	1	4	5	0	0	5	0	0
5	122546590	.	A	G	7	2	9	0	0	9	0	0
5	122547245	.	A	G	8	3	11	0	0	11	0	0
5	123304854	.	A	C	2	2	4	0	0	4	0	0
5	123386729	.	A	G	24	5	29	0	0	29	0	0
5	123879315	.	T	C	5	11	16	0	0	16	0	0
5	123879325	.	T	C	8	5	13	0	1	14	0	0
5	124693461	.	A	G	6	2	8	0	0	8	0	0
5	125354299	.	C	G	9	3	12	0	0	12	0	0
5	125533669	.	A	G	26	57	83	0	1	84	0	0
5	125533687	.	A	G	69	13	82	0	0	82	0	0
5	125533970	.	A	G	37	11	48	0	1	49	0	0
5	125533971	.	A	G	38	10	48	0	1	49	0	0
5	125534541	.	A	G	51	44	95	3	2	100	0	0
5	129795821	.	A	G	6	10	16	0	0	16	0	0
5	129797823	.	A	G	11	11	22	0	0	22	0	0
5	129797838	.	A	G	19	3	22	0	0	22	0	0
5	129798517	.	A	G	17	4	21	0	0	21	0	0
5	129900101	.	T	C	4	1	5	0	1	6	0	0
5	130013839	.	A	G	41	6	47	0	0	47	0	0
5	130018011	.	A	G	5	3	8	0	0	8	0	0
5	134621625	.	A	G	4	3	7	0	1	8	0	0
5	135094409	.	C	T	7	2	9	0	0	9	0	0
5	135193845	.	A	G	2	2	4	0	0	4	0	0
5	135402657	.	A	G	1	2	3	0	0	3	0	0
5	135437709	.	T	C	14	4	18	0	1	19	0	0
5	136941953	.	A	G	87	30	117	0	3	120	0	0
5	137143229	.	A	G	6	2	8	0	0	8	0	0
5	138272486	.	C	T	2	2	4	0	0	4	0	0
5	140606797	.	C	G	21	10	31	0	12	43	0	0
5	140606802	.	T	G	24	10	34	0	17	51	0	0
5	142655047	.	A	G	91	35	126	0	2	128	0	0
5	142856760	.	T	C	17	3	20	0	0	20	0	0
5	142958238	.	A	C	22	5	27	1	2	30	0	0
5	143381321	.	A	G	4	4	8	0	0	8	0	0
5	143381322	.	A	G	7	2	9	0	0	9	0	0
5	143381709	.	A	G	6	3	9	0	0	9	0	0
5	143382034	.	A	G	12	2	14	0	0	14	0	0
5	143382050	.	A	G	4	7	11	0	0	11	0	0
5	143382388	.	A	G	3	2	5	0	0	5	0	0
5	143751066	.	A	G	12	4	16	0	0	16	0	0
5	143840226	.	A	G	11	3	14	0	0	14	0	0
5	145045567	.	C	A	5	4	9	0	0	9	0	0
5	148985213	.	G	A	3	4	7	68	6	81	0	0
5	150561734	.	T	C	12	3	15	0	2	17	0	0
6	5165015	.	G	A	60	22	82	3	8	93	0	0
6	8509767	.	A	G	1	2	3	0	0	3	0	0
6	31489086	.	A	G	11	6	17	0	2	19	0	0
6	31492602	.	A	G	19	11	30	0	0	30	0	0
6	31492665	.	A	G	20	4	24	0	1	25	0	0
6	31492682	.	A	G	7	19	26	0	1	27	0	0
6	31492702	.	A	G	17	5	22	0	1	23	0	0
6	37783131	.	C	T	0	3	3	10	3	16	0	0
6	37847782	.	A	G	9	3	12	0	0	12	0	0
6	38265837	.	T	C	4	2	6	0	0	6	0	0
6	39312088	.	T	C	21	8	29	0	2	32	1	0
6	39312096	.	T	C	29	6	35	0	0	35	0	0
6	47846393	.	A	G	12	4	16	0	0	16	0	0
6	47846396	.	A	G	14	2	16	0	0	16	0	0
6	47848373	.	A	G	9	9	18	0	0	18	0	0
6	47848860	.	A	G	4	3	7	0	0	7	0	0
6	47848942	.	A	G	9	2	11	0	0	11	0	0
6	48375235	.	A	G	3	4	7	0	0	7	0	0
6	48481476	.	T	C	8	2	10	0	0	10	0	0
6	49231812	.	T	C	9	3	12	0	2	14	0	0
6	49233358	.	T	C	8	4	12	0	2	14	0	0
6	49233394	.	T	C	10	5	15	0	1	16	0	0
6	49237899	.	T	C	21	6	27	0	0	27	0	0
6	49237955	.	T	C	19	3	22	0	0	22	0	0
6	49237956	.	T	C	13	5	18	0	0	18	0	0
6	65684442	.	A	G	5	4	9	0	0	9	0	0
6	65687592	.	A	G	2	6	8	0	0	8	0	0
6	65687724	.	A	G	7	2	9	0	0	9	0	0
6	66517110	.	A	G	4	3	7	0	0	7	0	0
6	66517122	.	A	G	4	4	8	0	0	8	0	0
6	66517625	.	A	G	6	12	18	0	0	18	0	0
6	66517709	.	A	G	7	3	10	0	1	11	0	0
6	66517724	.	A	G	4	6	10	0	0	10	0	0
6	66517775	.	A	G	9	3	12	0	0	12	0	0
6	71841048	.	A	G	1	2	3	0	0	3	0	0
6	72584973	.	T	C	3	3	6	0	1	7	0	0
6	84789910	.	A	G	1	2	3	0	1	4	0	0
6	84789913	.	C	T	1	3	4	0	0	4	0	0
6	85932347	.	T	C	18	4	22	0	2	24	0	0
6	85932353	.	T	C	17	10	27	0	0	28	1	0
6	86692469	.	T	C	3	2	5	0	0	5	0	0
6	87795142	.	T	C	11	2	13	0	2	15	0	0
6	87890574	.	G	A	1	2	3	0	1	4	0	0
6	88864868	.	A	G	6	2	8	0	0	8	0	0
6	91732491	.	G	A	28	17	45	0	9	54	0	0
6	96010183	.	T	C	1	2	3	1	0	4	0	0
6	113588107	.	A	G	4	2	6	0	0	6	0	0
6	120868430	.	T	C	13	3	16	0	0	16	0	0
6	124409656	.	C	T	7	2	9	0	0	9	0	0
6	124684546	.	T	C	3	2	5	0	0	5	0	0
6	124716628	.	T	C	5	3	8	0	0	8	0	0
6	125218200	.	A	G	1	2	3	0	0	3	0	0
6	126619121	.	T	C	65	40	105	0	3	108	0	0
6	147434799	.	C	T	11	2	13	0	0	13	0	0
6	148890858	.	G	A	7	5	12	0	1	13	0	0
6	148890859	.	C	A	7	3	10	0	4	14	0	0
7	3463600	.	A	G	79	19	98	1	1	100	0	0
7	3708629	.	C	T	1	4	5	0	0	5	0	0
7	4899772	.	A	G	5	2	7	0	0	7	0	0
7	6196171	.	A	G	11	3	14	0	0	14	0	0
7	6725547	.	C	A	6	3	9	0	0	9	0	0
7	6967217	.	A	G	24	11	35	0	0	35	0	0
7	6967929	.	A	G	6	2	8	0	0	8	0	0
7	6968063	.	T	G	8	2	10	1	1	12	0	0
7	6969513	.	A	G	2	25	27	0	0	27	0	0
7	7287053	.	C	T	43	10	53	0	6	59	0	0
7	7301075	.	A	G	2	1	3	0	0	3	0	0
7	7301077	.	G	A	2	1	3	0	0	3	0	0
7	12706157	.	A	G	9	8	17	0	0	17	0	0
7	15864164	.	G	C	2	1	3	0	10	13	0	0
7	15864170	.	T	C	2	5	7	0	4	11	0	0
7	16348726	.	G	A	1	5	6	1	0	7	0	0
7	16515475	.	T	A	6	2	8	1	0	9	0	0
7	16544242	.	C	T	0	30	30	0	1	31	0	0
7	16567100	.	C	T	1	6	7	0	0	7	0	0
7	16619272	.	A	G	7	29	36	0	0	36	0	0
7	16619450	.	A	G	5	3	8	0	0	8	0	0
7	16619714	.	A	G	35	11	46	0	1	47	0	0
7	16650305	.	G	C	4	26	30	0	3	33	0	0
7	16650306	.	C	G	10	15	25	0	7	32	0	0
7	18598941	.	A	G	2	2	4	0	0	4	0	0
7	18627694	.	C	T	5	2	7	0	0	7	0	0
7	18697192	.	C	T	3	15	18	0	8	26	0	0
7	18873686	.	T	C	12	7	19	0	0	19	0	0
7	18873733	.	T	C	8	5	13	0	1	14	0	0
7	18874314	.	T	C	20	4	24	0	0	24	0	0
7	19240036	.	T	C	6	4	10	0	0	10	0	0
7	23821698	.	G	A	1	5	6	0	1	7	0	0
7	23826698	.	A	G	1	8	9	0	1	10	0	0
7	23840662	.	G	A	2	16	18	3	0	21	0	0
7	23840812	.	T	C	1	3	4	7	0	11	0	0
7	23840839	.	A	G	10	2	12	8	1	21	0	0
7	23961625	.	A	G	1	5	6	0	0	6	0	0
7	23974961	.	C	T	2	4	6	15	0	21	0	0
7	23976351	.	A	G	1	3	4	0	0	4	0	0
7	24710075	.	T	C	46	12	58	0	3	61	0	0
7	24771992	.	T	C	2	5	7	0	3	10	0	0
7	24902038	.	G	A	1	8	9	0	0	9	0	0
7	26904993	.	A	G	1	9	10	0	0	10	0	0
7	26905060	.	A	G	3	4	7	0	0	7	0	0
7	27226586	.	T	C	51	9	60	0	2	62	0	0
7	27227593	.	T	C	66	11	77	0	2	79	0	0
7	27281214	.	A	G	29	5	34	0	0	34	0	0
7	27506640	.	C	T	7	2	9	12	0	21	0	0
7	27506642	.	G	A	8	2	10	12	0	22	0	0
7	27520956	.	A	G	10	3	13	0	1	14	0	0
7	27521358	.	A	G	9	3	12	0	0	12	0	0
7	27521368	.	A	G	11	3	14	0	0	14	0	0
7	27663837	.	A	G	3	8	11	2	0	13	0	0
7	27663891	.	G	A	1	4	5	2	0	7	0	0
7	27663906	.	C	T	1	2	3	3	0	6	0	0
7	28868929	.	T	C	4	3	7	0	0	7	0	0
7	28922269	.	T	C	3	2	5	0	0	5	0	0
7	29664648	.	C	G	2	2	4	125	0	129	0	0
7	29879560	.	A	G	19	3	22	0	0	22	0	0
7	35090723	.	A	G	12	4	16	0	0	16	0	0
7	35090726	.	A	G	12	3	15	0	0	15	0	0
7	39217068	.	A	G	18	3	21	0	0	21	0	0
7	39217075	.	A	G	14	4	18	0	0	18	0	0
7	39238482	.	A	G	1	3	4	2	0	6	0	0
7	43174951	.	T	C	3	2	5	0	0	5	0	0
7	44698795	.	A	C	5	1	6	0	3	9	0	0
7	45032973	.	T	C	3	10	13	0	0	13	0	0
7	55627368	.	T	C	95	30	125	0	2	127	0	0
7	61355832	.	A	G	1	2	3	0	0	3	0	0
7	64521454	.	A	T	3	2	5	0	0	5	0	0
7	67382347	.	C	T	11	5	16	0	4	20	0	0
7	72964567	.	T	G	1	1	2	0	1	3	0	0
7	73387821	.	T	C	3	3	6	0	0	6	0	0
7	79889662	.	A	G	5	2	7	0	0	7	0	0
7	81180352	.	A	G	6	2	8	0	0	8	0	0
7	81521958	.	A	G	4	4	8	0	0	8	0	0
7	81522050	.	A	G	4	5	9	0	0	9	0	0
7	81523251	.	G	A	3	2	5	0	0	5	0	0
7	83274886	.	T	C	5	4	9	0	0	9	0	0
7	89567660	.	G	A	1	4	5	0	0	5	0	0
7	92318869	.	T	C	25	4	29	0	1	30	0	0
7	98969304	.	A	G	23	7	30	0	0	30	0	0
7	99273538	.	T	C	5	2	7	0	1	8	0	0
7	100195005	.	C	T	7	2	9	0	0	9	0	0
7	110681356	.	C	T	2	1	3	0	2	5	0	0
7	118363767	.	A	G	1	2	3	0	0	3	0	0
7	119456606	.	C	A	8	3	11	0	2	13	0	0
7	126468724	.	C	T	1	2	3	0	1	4	0	0
7	126853494	.	A	G	28	9	37	0	0	37	0	0
7	127110837	.	T	C	6	2	8	0	0	8	0	0
7	127178167	.	A	G	6	3	9	0	0	9	0	0
7	127178178	.	A	G	5	5	10	0	0	10	0	0
7	127178205	.	A	G	6	3	9	0	0	9	0	0
7	127263186	.	T	C	12	3	15	0	0	15	0	0
7	127385241	.	A	C	2	4	6	0	2	8	0	0
7	127385246	.	G	C	2	4	6	0	1	7	0	0
7	127412360	.	T	C	2	2	4	0	0	4	0	0
7	127519115	.	A	G	3	5	8	0	0	8	0	0
7	130360893	.	A	T	4	10	14	1	0	15	0	0
7	138516803	.	A	T	1	2	3	0	0	3	0	0
7	139685712	.	T	C	25	4	29	0	1	30	0	0
7	140391023	.	T	C	10	11	21	0	4	25	0	0
7	140471215	.	G	A	2	2	4	13	1	18	0	0
7	141107260	.	T	C	10	2	12	0	1	13	0	0
7	141503659	.	T	C	12	2	14	1	0	15	0	0
7	141503671	.	G	C	10	0	10	1	0	11	0	0
7	142207010	.	T	C	40	14	54	0	0	54	0	0
8	3508811	.	A	G	2	2	4	0	0	4	0	0
8	8717156	.	G	A	6	2	8	0	9	17	0	0
8	17585190	.	T	C	11	2	13	0	0	13	0	0
8	18940419	.	A	G	1	1	2	0	1	3	0	0
8	19732474	.	C	A	5	3	8	0	0	8	0	0
8	19741629	.	C	T	4	2	6	6	0	12	0	0
8	19747559	.	G	T	2	2	4	3	0	7	0	0
8	19747709	.	C	T	2	8	10	6	0	16	0	0
8	19747710	.	G	A	9	2	11	6	0	17	0	0
8	20030726	.	C	A	13	3	16	12	0	28	0	0
8	20157920	.	G	T	3	3	6	39	0	45	0	0
8	20157958	.	T	C	7	2	9	49	1	59	0	0
8	20157964	.	A	G	8	4	12	62	0	74	0	0
8	20698008	.	A	T	19	5	24	15	1	41	1	0
8	20717395	.	T	A	8	2	10	21	0	31	0	0
8	20721217	.	A	G	12	2	14	18	0	32	0	0
8	20727130	.	G	A	30	13	43	2	1	46	0	0
8	41370800	.	A	G	6	3	9	0	2	11	0	0
8	42700133	.	T	G	0	2	2	1	1	4	0	0
8	47549236	.	T	C	7	1	8	0	1	9	0	0
8	59366732	.	C	T	6	2	8	0	0	8	0	0
8	59366734	.	C	T	6	1	7	0	1	8	0	0
8	61848427	.	G	T	11	5	16	0	4	20	0	0
8	61848437	.	A	T	16	1	17	0	3	20	0	0
8	69766592	.	A	G	15	4	19	0	0	19	0	0
8	70028682	.	T	C	1	2	3	4	0	7	0	0
8	70028770	.	G	A	1	6	7	3	0	10	0	0
8	70362059	.	C	A	15	3	18	0	0	18	0	0
8	70846218	.	T	C	3	2	5	0	0	5	0	0
8	71826321	.	A	G	12	2	14	0	1	15	0	0
8	71826333	.	A	G	7	7	14	0	0	14	0	0
8	71826392	.	A	G	10	2	12	0	0	12	0	0
8	72039292	.	A	G	12	2	14	0	3	17	0	0
8	72935941	.	A	G	2	2	4	0	0	4	0	0
8	72935942	.	A	G	1	3	4	0	0	4	0	0
8	72977426	.	A	G	17	37	54	0	2	56	0	0
8	73236518	.	T	C	85	18	103	0	1	104	0	0
8	78322744	.	A	T	2	3	5	0	1	6	0	0
8	78322746	.	G	T	2	1	3	0	3	6	0	0
8	84723069	.	T	A	6	4	10	0	0	10	0	0
8	84977744	.	T	C	5	3	8	0	0	8	0	0
8	84977909	.	T	C	8	2	10	0	0	10	0	0
8	84982580	.	T	C	9	3	12	0	0	12	0	0
8	85637794	.	A	G	2	2	4	0	0	4	0	0
8	85684156	.	T	C	6	2	8	0	1	9	0	0
8	85835300	.	T	C	4	3	7	0	0	7	0	0
8	94743943	.	T	C	2	5	7	1	0	8	0	0
8	94743965	.	T	C	3	2	5	6	0	11	0	0
8	94744437	.	A	T	9	1	10	3	7	20	0	0
8	96099873	.	G	C	3	3	6	0	2	8	0	0
8	96099877	.	G	C	3	3	6	0	1	7	0	0
8	96563176	.	A	C	8	5	13	0	1	14	0	0
8	96563182	.	T	A	10	1	11	0	5	16	0	0
8	104987504	.	A	G	1	5	6	0	0	6	0	0
8	107744427	.	A	G	5	4	9	0	0	9	0	0
8	107744841	.	A	G	9	5	14	0	0	14	0	0
8	107744848	.	A	G	3	7	10	0	1	11	0	0
8	108144504	.	T	C	2	3	5	0	1	6	0	0
8	110817217	.	A	G	41	15	56	0	2	58	0	0
8	111731758	.	T	C	23	9	32	0	0	32	0	0
8	112680137	.	A	G	34	6	40	0	0	40	0	0
8	123462760	.	A	G	11	3	14	0	1	15	0	0
8	124261954	.	A	G	2	6	8	0	0	8	0	0
8	125620923	.	T	C	6	31	37	0	0	37	0	0
8	125620929	.	T	C	17	12	29	0	3	32	0	0
8	126865747	.	A	G	5	3	8	0	0	8	0	0
8	127316202	.	G	A	6	3	9	0	7	16	0	0
9	3387716	.	A	G	13	2	15	0	0	15	0	0
9	3387771	.	A	G	15	7	22	0	1	23	0	0
9	4456006	.	T	C	8	27	35	1	0	36	0	0
9	14748136	.	A	G	6	2	8	0	0	8	0	0
9	15825718	.	T	A	25	4	29	0	4	33	0	0
9	20507083	.	A	G	3	4	7	0	0	7	0	0
9	21199758	.	C	T	2	3	5	0	0	5	0	0
9	27260291	.	G	T	1	2	3	0	2	5	0	0
9	37164636	.	G	A	1	3	4	3	0	7	0	0
9	43020977	.	G	A	12	2	14	0	0	14	0	0
9	43133659	.	A	C	11	3	14	0	2	16	0	0
9	44204075	.	T	C	11	8	19	0	1	20	0	0
9	44206135	.	T	C	17	5	22	0	0	22	0	0
9	44322503	.	T	C	3	3	6	0	0	6	0	0
9	45747294	.	C	T	1	2	3	0	1	4	0	0
9	51534505	.	T	C	2	2	4	0	0	4	0	0
9	52588130	.	T	A	2	4	6	1	9	16	0	0
9	56131053	.	A	C	5	1	6	256	0	262	0	0
9	56806259	.	C	A	3	5	8	0	1	9	0	0
9	64093070	.	A	T	12	4	16	0	2	18	0	0
9	66280396	.	A	G	1	2	3	0	0	3	0	0
9	66280873	.	A	G	1	2	3	0	0	3	0	0
9	72270786	.	C	A	17	6	23	1	8	32	0	0
9	72366512	.	T	C	5	2	7	0	0	7	0	0
9	72366856	.	T	C	9	3	12	1	0	13	0	0
9	72366863	.	T	C	5	3	8	1	0	9	0	0
9	75601320	.	A	G	1	2	3	2	0	5	0	0
9	85205477	.	C	T	5	2	7	0	0	7	0	0
9	88331381	.	C	T	3	2	5	0	0	5	0	0
9	95448061	.	C	T	7	4	11	0	4	15	0	0
9	95939293	.	A	G	15	7	22	0	0	22	0	0
9	103062470	.	C	A	15	3	18	0	0	18	0	0
9	103062472	.	C	A	6	3	9	0	0	9	0	0
9	109659496	.	A	G	10	2	12	0	2	14	0	0
9	109659532	.	T	G	8	3	11	0	0	11	0	0
9	109659656	.	T	C	9	4	13	2	1	16	0	0
9	109659993	.	A	G	9	2	11	4	1	16	0	0
9	110086210	.	A	G	3	2	5	0	0	5	0	0
9	121540697	.	A	G	5	2	7	0	0	7	0	0
9	121584335	.	A	C	6	3	9	0	2	11	0	0
9	122660878	.	A	C	11	1	12	0	5	17	0	0
9	122660884	.	A	C	9	2	11	0	3	14	0	0
9	123349983	.	A	G	11	4	15	0	1	16	0	0
9	124033164	.	C	T	7	2	9	0	1	10	0	0
9	124034058	.	T	G	30	5	35	2	0	37	0	0
X	7238920	.	C	T	10	3	13	0	1	14	0	0
X	7774376	.	A	G	4	2	6	0	0	6	0	0
X	16551922	.	C	T	10	3	13	0	3	16	0	0
X	20726752	.	C	T	9	2	11	0	0	11	0	0
X	37697716	.	A	G	7	2	9	0	0	9	0	0
X	40743165	.	A	G	4	4	8	0	0	8	0	0
X	55633003	.	T	C	44	10	54	0	0	54	0	0
X	55695874	.	A	G	1	8	9	0	1	10	0	0
X	58107509	.	C	T	9	6	15	0	3	18	0	0
X	59102014	.	T	C	2	2	4	0	1	5	0	0
X	59592735	.	T	C	6	2	8	0	0	8	0	0
X	60231705	.	A	G	12	5	17	0	0	17	0	0
X	69388256	.	T	C	54	10	64	1	0	65	0	0
X	73270255	.	T	C	10	2	12	0	2	14	0	0
X	73270468	.	T	C	13	22	35	0	2	37	0	0
X	73328525	.	A	G	5	3	8	0	0	8	0	0
X	73328787	.	A	G	5	2	7	0	0	7	0	0
X	73331322	.	A	G	5	3	8	0	0	8	0	0
X	74769774	.	T	C	3	2	5	0	0	5	0	0
X	102435831	.	C	T	6	6	12	0	0	12	0	0
X	102435834	.	A	T	8	2	10	0	4	14	0	0
X	102620158	.	T	C	3	17	20	0	0	20	0	0
X	102620159	.	T	C	5	14	19	0	1	20	0	0
X	102623385	.	T	C	6	3	9	0	1	10	0	0
X	106830700	.	T	C	53	12	65	0	0	65	0	0
X	110484386	.	C	A	1	2	3	0	0	3	0	0
X	119070881	.	A	C	0	2	2	0	1	3	0	0
X	119071173	.	G	A	2	3	5	0	1	6	0	0
X	119071200	.	T	C	4	2	6	0	0	6	0	0
X	119819641	.	C	T	10	4	14	0	1	15	0	0
X	133489300	.	T	C	11	6	17	0	0	17	0	0
X	133489839	.	T	C	19	5	24	0	0	24	0	0
X	133490040	.	T	C	8	2	10	0	0	10	0	0
X	133490041	.	T	C	8	2	10	0	0	10	0	0
X	133490101	.	T	C	5	3	8	0	0	8	0	0
X	135950573	.	A	G	6	2	8	0	0	8	0	0
X	138844303	.	T	C	5	5	10	0	0	10	0	0
X	141638397	.	A	G	5	2	7	0	0	7	0	0
X	149767614	.	T	C	73	56	129	1	8	138	0	0
X	149768450	.	T	C	182	59	241	0	1	242	0	0
X	149768451	.	T	C	188	41	229	0	10	239	0	0
X	159360986	.	A	G	28	5	33	0	0	33	0	0
X	164973160	.	A	G	12	2	14	0	1	15	0	0
X	165173106	.	A	G	1	1	2	0	1	3	0	0
X	168759395	.	C	A	2	2	4	0	0	4	0	0
