contig	position	variantID	refAllele	altAllele	refCount	altCount	totalCount	lowMAPQDepth	lowBaseQDepth	rawDepth	otherBases	improperPairs
1	9790061	.	T	C	10	3	13	0	0	13	0	0
1	9790067	.	T	C	9	4	13	0	0	13	0	0
1	9792783	.	T	C	25	5	30	0	0	30	0	0
1	10101203	.	T	C	2	2	4	0	0	4	0	0
1	13636292	.	T	A	8	2	10	0	15	25	0	0
1	13695959	.	T	C	4	2	6	8	0	14	0	0
1	13695965	.	T	C	2	5	7	10	0	17	0	0
1	22031785	.	T	C	3	5	8	0	1	9	0	0
1	33832864	.	G	A	9	3	12	0	0	12	0	0
1	39590795	.	G	T	10	5	15	0	5	20	0	0
1	39590799	.	G	T	13	1	14	0	3	17	0	0
1	42789943	.	A	G	4	2	6	0	1	7	0	0
1	43788764	.	A	C	3	2	5	0	0	5	0	0
1	43788770	.	A	C	4	1	5	0	2	7	0	0
1	52226206	.	C	A	11	5	16	0	4	20	0	0
1	52828353	.	T	C	9	3	12	0	1	13	0	0
1	53246128	.	A	G	1	0	1	0	2	3	0	0
1	55193270	.	G	A	1	1	2	0	2	4	0	0
1	55285635	.	T	C	6	2	8	0	0	8	0	0
1	58451158	.	A	T	1	2	3	0	0	3	0	0
1	58452722	.	T	C	4	2	6	0	0	6	0	0
1	59755980	.	A	G	11	2	13	0	0	13	0	0
1	59913367	.	A	G	60	17	77	0	2	79	0	0
1	60191781	.	T	C	6	2	8	0	0	8	0	0
1	60517747	.	A	G	56	20	76	1	12	89	0	0
1	60517749	.	A	G	69	13	82	1	9	92	0	0
1	63156443	.	A	G	6	2	8	0	0	8	0	0
1	66711873	.	A	G	80	40	120	0	6	126	0	0
1	73992061	.	C	G	10	2	12	0	1	13	0	0
1	75398649	.	A	G	15	5	20	0	0	20	0	0
1	82719779	.	C	T	9	1	10	0	1	11	0	0
1	82722182	.	C	T	4	2	6	0	2	8	0	0
1	86273633	.	T	C	11	11	22	0	1	23	0	0
1	86273638	.	T	C	11	5	16	0	2	18	0	0
1	86275459	.	T	C	22	5	27	0	0	27	0	0
1	86275650	.	T	C	12	5	17	0	2	19	0	0
1	86276528	.	T	C	17	3	20	0	0	20	0	0
1	87648138	.	T	C	9	2	11	0	0	11	0	0
1	88187259	.	T	C	2	2	4	0	0	4	0	0
1	88187311	.	C	T	4	2	6	0	0	6	0	0
1	88187978	.	T	G	2	2	4	0	0	4	0	0
1	88188150	.	C	A	3	3	6	0	0	6	0	0
1	88188255	.	C	T	5	3	8	0	0	8	0	0
1	88188277	.	C	G	5	2	7	0	0	7	0	0
1	88188745	.	T	A	2	1	3	0	1	4	0	0
1	88189031	.	G	A	3	2	5	0	0	5	0	0
1	88189360	.	G	A	3	2	5	0	0	5	0	0
1	88189611	.	A	G	1	2	3	0	0	3	0	0
1	88189668	.	A	G	3	3	6	0	0	6	0	0
1	88189685	.	C	A	2	3	5	0	0	5	0	0
1	88189784	.	A	G	1	2	3	0	0	3	0	0
1	88189910	.	T	C	2	2	4	0	0	4	0	0
1	88189938	.	C	A	4	2	6	0	1	7	0	0
1	88190781	.	C	T	2	3	5	0	0	5	0	0
1	88190815	.	G	A	1	4	5	0	0	5	0	0
1	88190921	.	C	T	4	22	26	0	1	27	0	0
1	88191018	.	A	T	4	13	17	0	0	17	0	0
1	88191035	.	T	A	1	12	13	0	1	14	0	0
1	88191237	.	A	C	14	41	55	0	4	59	0	0
1	88191281	.	A	G	51	8	59	0	3	62	0	0
1	88191320	.	C	T	15	34	49	0	0	49	0	0
1	88191468	.	C	G	4	34	38	0	2	40	0	0
1	88191636	.	A	G	12	44	56	0	1	57	0	0
1	88191706	.	G	A	48	10	58	0	1	59	0	0
1	88191710	.	T	C	21	35	56	0	0	56	0	0
1	88191864	.	G	T	57	10	67	0	0	67	0	0
1	88192037	.	T	A	4	13	17	0	1	18	0	0
1	88192048	.	G	C	15	27	42	0	1	43	0	0
1	88192098	.	G	A	59	12	71	0	1	72	0	0
1	88192180	.	G	T	61	9	70	0	1	71	0	0
1	88192184	.	T	A	60	9	69	0	2	71	0	0
1	88192243	.	A	G	15	37	52	0	1	53	0	0
1	88192700	.	G	A	11	29	40	0	0	40	0	0
1	88192756	.	G	A	15	38	53	0	1	54	0	0
1	88192844	.	G	A	4	39	43	0	1	44	0	0
1	88192980	.	A	G	6	43	49	0	3	52	0	0
1	88193031	.	C	G	17	23	40	1	0	41	0	0
1	88193194	.	C	T	5	11	16	1	0	17	0	0
1	88193292	.	T	A	5	2	7	5	0	12	0	0
1	88193568	.	A	C	2	7	9	36	0	45	0	0
1	88193614	.	C	G	10	2	12	50	0	62	0	0
1	88193702	.	T	G	3	10	13	31	0	44	0	0
1	88193917	.	G	A	9	12	21	19	5	45	0	0
1	88197053	.	T	C	13	29	42	0	2	44	0	0
1	88197991	.	A	G	10	42	52	0	0	52	0	0
1	88197996	.	C	T	5	44	49	0	1	50	0	0
1	88200452	.	A	G	4	37	41	0	1	42	0	0
1	88200605	.	C	A	1	10	11	0	0	11	0	0
1	88200670	.	G	A	1	8	9	0	0	9	0	0
1	88200832	.	C	T	4	2	6	0	0	6	0	0
1	88202772	.	A	T	34	6	40	0	1	41	0	0
1	88203670	.	C	T	1	5	6	1	1	8	0	0
1	88205197	.	A	G	2	7	9	2	0	11	0	0
1	88205286	.	A	T	5	2	7	1	1	9	0	0
1	89082379	.	A	G	9	2	11	0	0	11	0	0
1	91224003	.	T	G	1	2	3	0	0	3	0	0
1	93299307	.	A	G	16	3	19	0	0	19	0	0
1	93299316	.	A	G	11	3	14	0	0	14	0	0
1	95426538	.	A	G	3	5	8	2	0	10	0	0
1	97877103	.	C	T	2	1	3	0	1	4	0	0
1	118225697	.	T	C	8	4	12	0	0	12	0	0
1	127418367	.	T	A	3	2	5	0	0	5	0	0
1	131953439	.	T	C	9	11	20	0	0	20	0	0
1	132394352	.	G	T	11	2	13	0	0	13	0	0
1	132394354	.	C	T	11	1	12	0	1	13	0	0
1	134559844	.	A	C	7	3	10	0	4	14	0	0
1	135226637	.	T	C	20	4	24	0	0	24	0	0
1	156255182	.	T	C	7	12	19	0	0	19	0	0
1	156255601	.	T	C	5	9	14	0	0	14	0	0
1	165149365	.	G	A	5	2	7	0	1	8	0	0
1	165694801	.	T	C	11	2	13	0	0	13	0	0
1	171963285	.	A	C	3	2	5	0	0	5	0	0
1	171963290	.	A	C	3	1	4	0	1	5	0	0
1	179992471	.	A	C	36	4	40	0	1	41	0	0
1	180155629	.	C	T	5	2	7	0	0	7	0	0
1	180924020	.	T	C	23	4	27	0	1	28	0	0
1	180996279	.	A	C	4	5	9	0	3	12	0	0
1	181728470	.	G	A	13	3	16	1	1	18	0	0
1	181731983	.	A	G	26	9	35	2	1	38	0	0
1	183190594	.	A	G	12	11	23	0	0	23	0	0
1	183190682	.	A	G	19	6	25	0	0	25	0	0
1	189583293	.	C	T	4	2	6	0	0	6	0	0
10	5752204	.	A	G	2	3	5	1	0	6	0	0
10	5752309	.	G	A	3	2	5	0	0	5	0	0
10	5752318	.	T	C	2	2	4	0	0	4	0	0
10	5752387	.	A	C	3	2	5	0	0	5	0	0
10	7524278	.	T	C	7	2	9	0	2	11	0	0
10	11333810	.	C	T	15	4	19	0	4	23	0	0
10	11333814	.	C	T	19	3	22	0	4	26	0	0
10	14621525	.	C	T	4	2	6	172	1	179	0	0
10	20194372	.	A	G	4	3	7	0	0	7	0	0
10	20194416	.	A	G	2	2	4	0	0	4	0	0
10	29104018	.	G	T	8	2	10	0	1	11	0	0
10	29104019	.	G	T	8	2	10	0	1	11	0	0
10	30484179	.	G	A	11	3	14	0	0	14	0	0
10	33864897	.	T	C	3	2	5	0	0	5	0	0
10	45751866	.	T	C	2	2	4	3	0	7	0	0
10	49118546	.	T	C	12	2	14	0	0	14	0	0
10	49118584	.	T	C	9	7	16	0	0	16	0	0
10	49118640	.	T	C	9	3	12	0	0	12	0	0
10	49120426	.	T	C	6	45	51	1	1	53	0	0
10	49148872	.	T	C	3	36	39	1	0	40	0	0
10	49148885	.	T	C	5	38	43	0	1	44	0	0
10	52218355	.	T	G	2	2	4	0	0	4	0	0
10	57383252	.	A	G	5	2	7	0	0	7	0	0
10	62645542	.	T	C	4	3	7	0	0	7	0	0
10	75616691	.	C	G	6	1	7	0	1	8	0	0
10	76391424	.	A	G	13	2	15	0	0	15	0	0
10	77158441	.	T	C	13	62	75	0	2	77	0	0
10	77158455	.	T	C	42	41	83	0	1	84	0	0
10	77451049	.	A	G	1	3	4	0	2	6	0	0
10	79805146	.	G	A	8	2	10	0	1	11	0	0
10	80630280	.	G	A	9	6	15	0	4	19	0	0
10	81182083	.	T	C	20	3	23	0	1	24	0	0
10	82062115	.	T	C	21	14	35	0	0	35	0	0
10	82486613	.	T	C	17	9	26	0	1	27	0	0
10	86524792	.	A	G	10	2	12	0	0	12	0	0
10	86672208	.	A	G	34	8	42	0	4	46	0	0
10	88306343	.	T	C	18	4	22	0	1	23	0	0
10	89654262	.	C	A	11	12	23	0	2	25	0	0
10	93801873	.	T	C	11	3	14	0	0	14	0	0
10	93801926	.	T	C	4	2	6	0	0	6	0	0
10	93801937	.	T	C	4	2	6	0	0	6	0	0
10	94057224	.	A	G	15	5	20	0	0	20	0	0
10	94057234	.	A	G	14	5	19	0	0	19	0	0
10	99933188	.	T	C	9	3	12	1	4	17	0	0
10	126903751	.	T	C	76	17	93	0	3	96	0	0
11	3077575	.	C	A	6	2	8	6	0	14	0	0
11	3407590	.	A	G	7	4	11	0	0	11	0	0
11	3597489	.	C	A	24	4	28	0	3	31	0	0
11	3902194	.	A	C	1	5	6	0	0	6	0	0
11	4092085	.	T	C	11	16	27	0	1	28	0	0
11	4092780	.	T	C	23	4	27	0	0	27	0	0
11	4092790	.	T	C	21	7	28	0	0	28	0	0
11	20178347	.	T	C	8	3	11	0	1	12	0	0
11	30229683	.	C	T	4	2	6	0	3	9	0	0
11	30229687	.	C	T	5	0	5	0	5	10	0	0
11	43572939	.	A	G	2	3	5	0	0	5	0	0
11	43572970	.	A	G	4	2	6	0	0	6	0	0
11	43574977	.	A	G	2	2	4	0	0	4	0	0
11	45821425	.	T	C	11	4	15	0	0	15	0	0
11	46163470	.	T	C	103	447	550	0	4	554	0	0
11	48643968	.	T	G	0	2	2	2	1	5	0	0
11	52016468	.	A	G	15	3	18	0	1	19	0	0
11	53440228	.	A	G	136	129	265	0	5	270	0	0
11	58218297	.	T	C	1	2	3	0	0	3	0	0
11	59347027	.	A	G	23	23	46	0	2	48	0	0
11	59347029	.	A	G	34	13	47	0	1	48	0	0
11	59349201	.	A	G	18	5	23	0	0	23	0	0
11	59401881	.	A	G	6	3	9	0	0	9	0	0
11	60749148	.	A	G	10	2	12	0	0	12	0	0
11	61756125	.	A	C	11	3	14	0	0	14	0	0
11	62031811	.	A	G	7	2	9	0	0	9	0	0
11	66955493	.	A	G	12	3	15	0	1	16	0	0
11	68876808	.	T	C	17	3	20	0	1	21	0	0
11	69674128	.	A	G	14	6	20	0	0	20	0	0
11	69922901	.	A	G	3	4	7	0	1	8	0	0
11	69922950	.	A	G	6	2	8	0	0	8	0	0
11	69922984	.	A	G	9	2	11	0	0	11	0	0
11	69923921	.	A	G	3	3	6	0	0	6	0	0
11	69926003	.	A	G	4	2	6	0	1	7	0	0
11	69926648	.	A	G	4	2	6	0	0	6	0	0
11	69937302	.	A	G	11	3	14	0	1	15	0	0
11	74747599	.	T	C	3	3	6	0	0	6	0	0
11	75067210	.	T	C	17	8	25	0	0	25	0	0
11	75067258	.	T	C	22	19	41	0	0	41	0	0
11	75068285	.	T	C	20	7	27	0	0	27	0	0
11	75068297	.	T	C	21	6	27	0	1	28	0	0
11	77426880	.	T	C	49	11	60	0	0	60	0	0
11	78186027	.	A	G	4	2	6	0	0	6	0	0
11	78187460	.	A	G	4	2	6	0	0	6	0	0
11	78588120	.	T	C	6	3	9	0	1	10	0	0
11	78736472	.	A	G	4	4	8	0	1	9	0	0
11	82853392	.	A	G	6	2	8	0	0	8	0	0
11	85082181	.	C	T	16	6	22	0	13	35	0	0
11	85082219	.	G	A	11	4	15	0	3	18	0	0
11	86388573	.	A	G	10	2	12	0	0	12	0	0
11	86521497	.	G	A	1	4	5	4	0	9	0	0
11	86521633	.	T	C	1	4	5	0	0	5	0	0
11	88927208	.	T	C	15	10	25	0	1	26	0	0
11	88928606	.	T	C	9	3	12	0	1	13	0	0
11	94431502	.	T	C	8	3	11	0	0	11	0	0
11	94432839	.	T	C	11	4	15	0	0	15	0	0
11	94432859	.	T	C	13	3	16	0	1	17	0	0
11	95962333	.	T	C	13	2	15	0	0	15	0	0
11	95962469	.	T	C	5	4	9	0	0	9	0	0
11	97536428	.	T	C	8	2	10	0	0	10	0	0
11	98168820	.	A	G	2	2	4	0	0	4	0	0
11	100330625	.	T	C	4	2	6	0	0	6	0	0
11	101080710	.	A	C	13	4	17	0	1	18	0	0
11	101080714	.	G	C	15	4	19	0	1	20	0	0
11	101089729	.	T	C	6	8	14	0	1	15	0	0
11	101089734	.	T	C	11	4	15	0	1	16	0	0
11	101089802	.	T	C	14	7	21	0	1	22	0	0
11	103222923	.	C	T	11	8	19	0	3	22	0	0
11	107102525	.	G	T	20	4	24	0	2	26	0	0
11	116013166	.	T	C	1	2	3	0	0	3	0	0
11	116013650	.	T	C	4	3	7	0	0	7	0	0
11	116244624	.	T	C	2	2	4	0	0	4	0	0
11	116471963	.	T	C	7	41	48	0	1	49	0	0
11	116810095	.	A	G	11	2	13	0	0	13	0	0
11	120697859	.	A	G	6	2	8	0	1	9	0	0
12	3454168	.	A	G	41	7	48	13	2	63	0	0
12	3454248	.	A	G	16	32	48	12	4	64	0	0
12	15866184	.	G	A	8	5	13	0	4	17	0	0
12	16876722	.	T	C	7	2	9	0	0	9	0	0
12	17479602	.	A	G	15	2	17	0	0	17	0	0
12	17479809	.	A	G	12	15	27	0	0	27	0	0
12	17479846	.	A	G	20	4	24	0	0	24	0	0
12	17479885	.	A	G	14	3	17	0	0	17	0	0
12	46747117	.	T	C	32	10	42	0	0	42	0	0
12	54718540	.	T	C	31	6	37	0	0	37	0	0
12	54718769	.	T	C	16	3	19	0	2	21	0	0
12	54719070	.	T	C	35	8	43	0	0	43	0	0
12	55102739	.	T	C	4	3	7	0	0	7	0	0
12	61904710	.	C	A	1	5	6	0	0	6	0	0
12	61904712	.	C	A	1	5	6	0	0	6	0	0
12	65111884	.	T	C	1	2	3	0	0	3	0	0
12	65114809	.	T	C	5	2	7	0	0	7	0	0
12	69347175	.	A	G	4	2	6	0	0	6	0	0
12	71041403	.	A	G	6	24	30	0	0	30	0	0
12	71893593	.	T	C	1	2	3	0	0	3	0	0
12	72953219	.	T	C	7	2	9	0	0	9	0	0
12	75447525	.	T	C	3	2	5	0	1	6	0	0
12	76366551	.	T	C	4	4	8	0	0	9	1	0
12	78887986	.	T	C	5	4	9	0	0	9	0	0
12	80925256	.	C	T	13	5	18	0	5	23	0	0
12	80925259	.	C	T	24	2	26	0	3	29	0	0
12	80993630	.	G	A	3	2	5	0	0	5	0	0
12	81541424	.	C	T	7	2	9	0	1	10	0	0
12	87467472	.	G	A	2	2	4	2	0	6	0	0
12	91605436	.	T	C	12	3	15	0	0	15	0	0
12	100263458	.	T	G	13	1	14	0	0	14	0	0
12	100263464	.	A	G	12	1	13	0	0	13	0	0
12	101886131	.	T	C	14	7	21	0	0	21	0	0
12	101887890	.	T	C	27	6	33	0	0	33	0	0
12	104206513	.	C	G	1	2	3	2	0	5	0	0
12	104206523	.	G	A	2	2	4	2	0	6	0	0
12	104206650	.	C	G	2	3	5	32	0	37	0	0
12	104377561	.	T	C	1	8	9	2	0	11	0	0
12	104831249	.	G	A	2	2	4	0	0	4	0	0
12	107877223	.	A	C	8	2	10	0	2	12	0	0
12	116193319	.	T	A	1	11	12	0	0	12	0	0
12	116353060	.	T	C	1	6	7	0	1	8	0	0
12	116736848	.	A	G	1	3	4	0	0	4	0	0
13	3702310	.	A	G	11	4	15	0	1	16	0	0
13	3702325	.	A	G	10	5	15	0	0	15	0	0
13	3702360	.	A	G	2	5	7	0	0	7	0	0
13	3702375	.	A	G	3	8	11	0	0	11	0	0
13	3702735	.	A	G	4	5	9	0	0	9	0	0
13	3703271	.	T	A	5	5	10	0	0	10	0	0
13	3933403	.	T	A	14	4	18	0	3	21	0	0
13	8901801	.	T	C	22	8	30	0	0	30	0	0
13	13534327	.	T	C	2	3	5	0	0	5	0	0
13	14226674	.	T	C	37	7	44	1	0	45	0	0
13	17978929	.	T	C	2	10	12	0	1	13	0	0
13	17979133	.	T	C	6	4	10	0	0	10	0	0
13	21574169	.	T	C	10	4	14	0	0	14	0	0
13	21576611	.	T	C	12	4	16	0	0	16	0	0
13	24999573	.	A	G	1	4	5	0	0	5	0	0
13	38230666	.	A	G	3	2	5	0	0	5	0	0
13	38230667	.	A	G	3	2	5	0	0	5	0	0
13	43539723	.	T	C	3	2	5	0	0	5	0	0
13	43824051	.	A	C	12	2	14	0	0	14	0	0
13	47162561	.	C	A	1	2	3	0	0	3	0	0
13	49685663	.	A	G	6	2	8	0	0	8	0	0
13	63448526	.	A	G	2	3	5	0	0	5	0	0
13	65214229	.	G	A	17	5	22	0	5	27	0	0
13	67621265	.	T	C	4	4	8	0	0	8	0	0
13	67621455	.	T	C	6	4	10	0	0	10	0	0
13	67764223	.	T	C	3	3	6	0	0	6	0	0
13	67806944	.	T	C	4	3	7	0	0	7	0	0
13	67807003	.	T	C	4	2	6	0	0	6	0	0
13	67807053	.	T	C	3	5	8	0	0	8	0	0
13	67967576	.	T	C	1	2	3	0	0	3	0	0
13	67967727	.	T	C	2	2	4	0	0	4	0	0
13	69721691	.	G	A	9	2	11	0	0	11	0	0
13	76209710	.	A	C	7	2	9	0	0	9	0	0
13	78383868	.	C	T	4	1	5	0	1	6	0	0
13	89759759	.	G	A	1	2	3	0	1	4	0	0
13	100267635	.	T	C	8	2	10	0	0	10	0	0
13	100839326	.	T	C	25	6	31	0	0	31	0	0
13	100839340	.	T	C	18	6	24	0	0	24	0	0
13	103901108	.	A	G	13	3	16	0	0	16	0	0
13	105583609	.	T	C	11	3	14	0	8	22	0	0
13	119625401	.	G	T	13	8	21	0	2	23	0	0
14	9647289	.	A	G	67	11	78	0	1	79	0	0
14	10058181	.	A	G	143	39	182	0	3	185	0	0
14	14533725	.	T	C	5	10	15	0	2	17	0	0
14	20692045	.	A	G	2	2	4	0	1	5	0	0
14	20693152	.	A	G	3	2	5	0	0	5	0	0
14	21846832	.	A	G	19	28	47	0	2	49	0	0
14	21847779	.	A	G	66	21	87	0	3	90	0	0
14	25979864	.	T	G	1	2	3	0	0	3	0	0
14	26381875	.	T	C	4	2	6	0	0	6	0	0
14	26382360	.	T	C	3	4	7	0	0	7	0	0
14	26643098	.	T	C	8	3	11	0	1	12	0	0
14	29788070	.	T	C	25	5	30	0	1	31	0	0
14	29788078	.	T	C	20	11	31	0	0	32	1	0
14	30967756	.	T	C	1	2	3	0	0	3	0	0
14	31422619	.	T	C	34	22	56	0	0	56	0	0
14	31423408	.	T	C	48	10	58	0	1	59	0	0
14	32018582	.	A	G	47	16	63	0	2	65	0	0
14	33088090	.	T	C	1	2	3	0	0	3	0	0
14	33953385	.	T	C	2	3	5	0	0	5	0	0
14	45372227	.	T	C	12	2	14	0	1	15	0	0
14	45372232	.	T	C	14	2	16	0	0	16	0	0
14	51056376	.	A	T	1	2	3	0	0	3	0	0
14	51109987	.	A	G	6	3	9	0	0	9	0	0
14	52531686	.	A	G	29	83	112	0	1	113	0	0
14	54532669	.	T	C	3	3	6	1	1	8	0	0
14	56488182	.	G	A	1	2	3	0	0	3	0	0
14	56772831	.	C	T	4	2	6	0	0	6	0	0
14	60451313	.	T	C	2	3	5	0	0	5	0	0
14	60451314	.	T	C	3	2	5	0	0	5	0	0
14	60478990	.	T	C	4	2	6	0	0	6	0	0
14	65434629	.	T	C	46	8	54	0	1	55	0	0
14	65434640	.	T	C	33	12	45	0	0	45	0	0
14	65635217	.	T	C	7	3	10	0	0	10	0	0
14	66208578	.	T	C	7	3	10	0	8	18	0	0
14	70785881	.	C	T	3	1	4	0	0	4	0	0
14	75957159	.	T	C	34	8	42	0	1	43	0	0
14	76082368	.	G	T	5	1	6	0	0	6	0	0
14	96343607	.	C	T	4	2	6	0	2	8	0	0
14	96343611	.	C	T	3	3	6	0	1	7	0	0
14	99327466	.	C	T	11	2	13	0	0	13	0	0
14	99552141	.	C	T	5	3	8	0	1	9	0	0
14	100521986	.	A	G	9	2	11	0	0	11	0	0
14	103584115	.	T	C	26	14	40	0	0	40	0	0
14	105546600	.	T	A	34	6	40	0	9	49	0	0
14	111920135	.	G	A	22	9	31	0	2	33	0	0
14	124914530	.	G	A	11	7	18	0	6	24	0	0
15	8187674	.	A	G	4	3	7	0	0	7	0	0
15	8188973	.	A	G	4	3	7	0	1	8	0	0
15	9199559	.	A	G	34	11	45	0	1	47	1	0
15	12170685	.	T	C	5	2	7	0	0	7	0	0
15	12809789	.	T	C	46	8	54	0	2	56	0	0
15	27730990	.	C	A	15	5	20	0	1	21	0	0
15	40967880	.	T	G	4	2	6	0	0	6	0	0
15	55118692	.	A	G	9	6	15	0	0	15	0	0
15	55119019	.	A	G	6	3	9	0	1	10	0	0
15	66158075	.	T	C	15	3	18	0	0	18	0	0
15	76316680	.	A	G	1	2	3	0	0	3	0	0
15	78900113	.	T	C	6	3	9	0	0	9	0	0
15	78900268	.	T	C	3	2	5	0	0	5	0	0
15	79133222	.	G	A	24	25	49	0	0	49	0	0
15	79170534	.	G	C	8	1	9	0	0	9	0	0
15	79170535	.	G	C	8	1	9	0	0	9	0	0
15	80816550	.	A	G	6	2	8	0	0	8	0	0
15	81074873	.	T	G	1	1	2	0	3	5	0	0
15	81338203	.	A	G	10	2	12	0	0	12	0	0
15	81341105	.	A	G	7	4	11	0	0	11	0	0
15	81799307	.	G	A	28	7	35	1	17	53	0	0
15	84100970	.	A	G	4	2	6	0	0	6	0	0
15	84836962	.	T	C	8	5	13	0	0	13	0	0
15	84836972	.	T	C	10	3	13	0	0	13	0	0
15	84837108	.	T	C	11	3	14	0	0	14	0	0
15	88840097	.	A	G	14	4	18	0	0	18	0	0
15	93388677	.	C	G	9	1	10	0	5	15	0	0
15	93388679	.	A	G	10	1	11	0	4	15	0	0
15	97142464	.	G	A	8	1	9	0	2	11	0	0
15	98634993	.	T	C	19	24	43	1	1	45	0	0
15	98731431	.	T	C	33	6	39	0	1	40	0	0
15	99142536	.	T	C	75	15	90	16	1	107	0	0
15	99626049	.	A	G	8	5	13	0	0	13	0	0
15	99626051	.	A	G	4	8	12	0	0	12	0	0
15	99626091	.	A	G	4	6	10	0	0	10	0	0
15	99627262	.	A	G	3	6	9	0	1	10	0	0
15	100492130	.	T	C	1	2	3	0	0	3	0	0
15	102242633	.	T	C	3	2	5	0	0	5	0	0
16	3680985	.	T	C	19	5	24	0	0	24	0	0
16	4138530	.	T	G	1	2	3	45	0	48	0	0
16	10891391	.	T	C	4	6	10	1	8	19	0	0
16	13520445	.	A	G	23	15	38	0	0	38	0	0
16	13520501	.	A	G	17	6	23	0	1	24	0	0
16	13650452	.	A	G	3	4	7	0	1	8	0	0
16	13651947	.	T	C	28	5	33	0	0	33	0	0
16	13927109	.	T	C	3	4	7	0	5	12	0	0
16	13927112	.	A	C	4	1	5	0	7	12	0	0
16	15543220	.	T	C	6	2	8	0	0	8	0	0
16	16844922	.	A	G	1	2	3	0	0	3	0	0
16	16844952	.	A	G	2	2	4	0	0	4	0	0
16	16866848	.	A	G	3	4	7	0	1	8	0	0
16	17321752	.	A	G	10	2	12	0	0	12	0	0
16	18653678	.	A	G	64	16	80	0	0	80	0	0
16	19942498	.	A	G	48	19	67	0	0	67	0	0
16	20363121	.	A	G	6	3	9	0	1	10	0	0
16	30330773	.	T	C	14	6	20	0	2	22	0	0
16	32119106	.	A	G	22	14	36	0	1	37	0	0
16	32119150	.	A	G	27	16	43	0	1	44	0	0
16	32209076	.	C	T	8	5	13	0	1	14	0	0
16	37656108	.	G	A	4	2	6	0	0	6	0	0
16	37705464	.	C	T	19	4	23	7	4	34	0	0
16	43460151	.	T	G	3	1	4	0	5	9	0	0
16	55722120	.	T	C	6	3	9	0	0	9	0	0
16	76200459	.	C	A	3	1	4	40	4	49	1	0
16	87230813	.	T	C	12	4	16	0	0	16	0	0
16	87230814	.	T	C	13	3	16	0	0	16	0	0
16	87230962	.	T	C	14	3	17	0	0	17	0	0
16	87737431	.	T	C	5	9	14	0	0	14	0	0
16	91452977	.	A	G	63	35	98	1	0	99	0	0
16	91453021	.	A	G	78	25	103	0	0	103	0	0
16	91880602	.	G	T	4	6	10	0	1	11	0	0
16	97658408	.	T	C	4	2	6	0	0	6	0	0
17	5394756	.	T	C	4	2	6	0	0	6	0	0
17	15741073	.	A	G	3	2	5	0	0	5	0	0
17	15741583	.	A	G	5	3	8	0	0	8	0	0
17	15742534	.	A	G	10	4	14	0	0	14	0	0
17	17067758	.	C	T	2	1	3	5	0	8	0	0
17	24395428	.	T	C	86	18	104	0	0	104	0	0
17	24396788	.	T	C	76	12	88	0	1	89	0	0
17	24397285	.	T	C	33	11	44	0	1	45	0	0
17	24643100	.	A	G	1	5	6	0	0	6	0	0
17	24899644	.	A	C	6	3	9	0	2	12	1	0
17	24899650	.	A	C	4	3	7	0	1	9	1	0
17	25404688	.	C	T	18	4	22	0	1	23	0	0
17	25404690	.	C	T	18	3	21	0	2	23	0	0
17	25545756	.	T	G	0	2	2	0	1	3	0	0
17	26504473	.	T	C	3	2	5	0	0	5	0	0
17	26916534	.	A	G	5	2	7	0	1	8	0	0
17	27721769	.	T	C	17	3	20	0	0	20	0	0
17	28392510	.	C	T	1	3	4	0	0	4	0	0
17	28808416	.	A	G	5	2	7	0	0	7	0	0
17	29521001	.	A	G	6	3	9	0	0	9	0	0
17	31748316	.	A	G	5	2	7	0	0	7	0	0
17	32523565	.	T	C	27	9	36	0	1	37	0	0
17	33015107	.	T	C	3	6	9	0	1	10	0	0
17	33015115	.	T	C	9	2	11	0	0	11	0	0
17	33015482	.	T	C	16	8	24	0	0	24	0	0
17	33552004	.	T	C	12	3	15	0	0	15	0	0
17	33906234	.	T	C	12	8	20	0	0	20	0	0
17	33906250	.	T	C	11	2	13	0	1	14	0	0
17	33966501	.	T	C	33	6	39	137	5	181	0	0
17	34147531	.	A	G	20	6	26	0	0	26	0	0
17	35115830	.	G	A	1	2	3	0	3	6	0	0
17	35555021	.	C	T	2	2	4	1	0	5	0	0
17	36168626	.	A	G	9	7	16	0	0	16	0	0
17	36580955	.	T	C	12	2	14	0	1	15	0	0
17	40158498	.	T	C	3777	4508	8285	4	162	8803	352	0
17	40158991	.	A	T	2361	3199	5560	48	105	5790	77	0
17	40159543	.	T	C	34	279	313	0	4	317	0	0
17	41271790	.	C	A	8	5	13	0	9	22	0	0
17	45973875	.	T	C	31	83	114	0	8	122	0	0
17	46727251	.	A	G	9	4	13	0	0	13	0	0
17	46727252	.	A	G	9	3	12	0	0	12	0	0
17	46765496	.	G	A	6	6	12	0	2	14	0	0
17	46810304	.	A	G	6	3	9	0	0	9	0	0
17	47085856	.	T	C	17	7	24	1	0	25	0	0
17	47680842	.	A	G	4	2	6	0	0	6	0	0
17	56205179	.	T	C	7	2	9	0	1	10	0	0
17	57328340	.	G	A	6	2	8	0	10	18	0	0
17	81690469	.	T	A	28	6	34	0	1	35	0	0
17	83893830	.	A	G	5	2	7	0	0	7	0	0
17	95064364	.	T	C	9	3	12	0	0	12	0	0
17	95067396	.	T	C	10	11	21	0	1	22	0	0
17	95067479	.	T	C	21	15	36	0	1	37	0	0
18	6792857	.	A	G	14	7	21	0	0	21	0	0
18	24097917	.	A	G	5	4	9	0	0	9	0	0
18	24098037	.	A	G	6	3	9	0	0	9	0	0
18	24098266	.	C	T	6	2	8	0	0	8	0	0
18	25270986	.	C	A	4	5	9	0	4	13	0	0
18	31845190	.	A	G	1	2	3	0	0	3	0	0
18	32235643	.	A	G	11	9	20	0	1	21	0	0
18	32235652	.	A	G	5	12	17	0	1	18	0	0
18	32236019	.	A	G	10	3	13	0	0	13	0	0
18	32561134	.	A	G	35	10	45	0	1	46	0	0
18	35807586	.	T	C	80	14	94	1	0	95	0	0
18	36434527	.	T	C	23	6	29	0	3	33	1	0
18	36639079	.	C	T	5	5	10	0	0	10	0	0
18	36639082	.	G	T	6	0	6	0	4	10	0	0
18	36743467	.	C	T	1	2	3	1	0	4	0	0
18	38437194	.	A	G	1	3	4	0	0	4	0	0
18	42472230	.	A	C	7	1	8	0	7	15	0	0
18	42472236	.	A	C	6	6	12	0	3	15	0	0
18	45021385	.	A	G	32	6	38	0	1	39	0	0
18	56658459	.	G	A	13	6	19	0	3	22	0	0
18	57089620	.	T	C	3	4	7	0	1	8	0	0
18	57089634	.	T	C	1	9	10	0	0	10	0	0
18	59543586	.	A	T	4	2	6	0	1	7	0	0
18	61328635	.	T	C	5	2	7	0	0	7	0	0
18	62794785	.	A	G	1	2	3	0	0	3	0	0
18	65346631	.	G	T	8	5	13	0	3	16	0	0
18	65584632	.	T	C	3	2	5	0	0	5	0	0
18	65610148	.	A	G	4	2	6	0	0	6	0	0
18	75072742	.	A	G	1	1	2	0	3	5	0	0
18	75073005	.	T	A	1	1	2	0	3	5	0	0
18	77062550	.	A	G	9	15	24	0	1	25	0	0
18	82574507	.	A	G	4	2	6	0	0	6	0	0
19	3916385	.	A	G	10	5	15	0	0	15	0	0
19	4368397	.	A	G	7	4	11	0	10	21	0	0
19	4813117	.	T	C	8	4	12	0	0	12	0	0
19	4937728	.	T	C	28	5	33	0	0	33	0	0
19	6100676	.	G	C	18	2	20	0	7	27	0	0
19	6100681	.	T	C	18	3	21	0	7	28	0	0
19	6126041	.	T	C	5	1	6	0	1	7	0	0
19	7254111	.	C	T	17	8	25	0	3	28	0	0
19	7515480	.	A	G	35	11	46	0	2	48	0	0
19	8900145	.	A	G	1	3	4	0	1	5	0	0
19	8900203	.	A	G	1	3	4	0	0	4	0	0
19	10223060	.	T	C	46	68	114	0	1	115	0	0
19	21915579	.	A	G	4	2	6	35	0	41	0	0
19	28995964	.	A	G	27	6	33	0	0	33	0	0
19	34571000	.	A	G	6	2	8	0	0	8	0	0
19	38776795	.	T	C	9	2	11	0	0	11	0	0
19	40201618	.	A	G	1	2	3	1	0	4	0	0
19	41818939	.	A	G	16	4	20	0	0	20	0	0
19	42244238	.	G	C	19	2	21	1	7	29	0	0
19	43429601	.	A	G	13	12	25	0	1	26	0	0
19	43429686	.	A	G	24	4	28	0	1	29	0	0
19	43723613	.	A	G	4	2	6	0	0	6	0	0
19	44130353	.	T	C	8	2	10	0	0	10	0	0
19	44130371	.	T	C	5	3	8	0	0	8	0	0
19	44993669	.	T	C	43	10	53	0	0	53	0	0
19	46584105	.	A	G	3	3	6	0	1	7	0	0
19	53920819	.	G	T	2	4	6	0	0	6	0	0
19	53920820	.	G	T	2	2	4	0	2	6	0	0
2	5026087	.	T	C	14	2	16	0	0	16	0	0
2	14152459	.	G	A	3	2	5	0	0	5	0	0
2	14152860	.	A	G	34	12	46	0	1	47	0	0
2	14153492	.	A	G	3	13	16	0	0	16	0	0
2	14153493	.	A	G	3	13	16	0	0	16	0	0
2	14153560	.	A	G	3	4	7	0	0	7	0	0
2	14153568	.	A	G	3	3	6	0	0	6	0	0
2	18219539	.	T	C	12	6	18	0	1	19	0	0
2	18220168	.	T	C	5	5	10	0	0	10	0	0
2	22477717	.	T	C	8	0	8	8	0	16	0	0
2	22478367	.	T	C	1	2	3	7	2	12	0	0
2	22478526	.	A	G	2	3	5	10	1	16	0	0
2	22478588	.	G	A	2	4	6	4	5	15	0	0
2	26271758	.	A	G	3	3	6	0	0	6	0	0
2	27153718	.	T	C	4	6	10	0	0	10	0	0
2	29664907	.	T	C	7	4	11	0	0	11	0	0
2	31704137	.	T	C	11	2	13	0	0	13	0	0
2	31937444	.	A	G	18	3	21	0	0	21	0	0
2	32196762	.	A	G	46	12	58	0	0	58	0	0
2	32911458	.	T	C	2	2	4	0	0	4	0	0
2	37464625	.	G	A	2	2	4	0	1	5	0	0
2	37464626	.	G	A	2	2	4	0	1	5	0	0
2	38614155	.	T	C	8	2	10	0	0	10	0	0
2	39084411	.	A	G	2	2	4	0	1	5	0	0
2	53974343	.	T	C	25	1	26	0	13	39	0	0
2	60078304	.	G	A	27	14	41	0	3	44	0	0
2	60581179	.	C	A	18	4	22	0	2	24	0	0
2	66363514	.	A	G	2	5	7	0	0	7	0	0
2	77012350	.	A	C	5	3	8	0	6	14	0	0
2	77012356	.	A	C	7	7	14	0	2	16	0	0
2	79160493	.	C	T	10	2	12	0	0	12	0	0
2	80668540	.	G	A	0	2	2	3	2	7	0	0
2	83636926	.	G	T	27	4	31	0	2	33	0	0
2	83636930	.	G	T	25	2	27	0	4	31	0	0
2	91064732	.	T	C	8	4	12	0	0	12	0	0
2	91064743	.	T	C	5	2	7	0	0	7	0	0
2	102612558	.	T	A	210	61	271	1	15	287	0	0
2	104511117	.	T	C	20	9	29	0	0	29	0	0
2	112185846	.	A	G	1	5	6	0	0	6	0	0
2	112185852	.	A	G	2	3	5	0	1	6	0	0
2	112186208	.	A	G	6	2	8	0	1	9	0	0
2	114347125	.	G	T	0	2	2	0	0	2	0	0
2	114347126	.	G	T	1	1	2	0	1	3	0	0
2	118700340	.	A	G	8	6	14	0	0	14	0	0
2	118700734	.	A	G	3	2	5	0	0	5	0	0
2	118700746	.	A	G	3	2	5	0	0	5	0	0
2	118700801	.	A	G	2	5	7	0	0	7	0	0
2	118712216	.	G	A	9	2	11	0	0	11	0	0
2	118849456	.	G	A	37	42	79	0	7	86	0	0
2	119481187	.	T	C	1	2	3	0	0	3	0	0
2	120564258	.	T	C	35	26	61	0	1	62	0	0
2	120564286	.	T	C	65	18	83	0	1	84	0	0
2	120564302	.	T	C	42	30	72	0	3	75	0	0
2	121015462	.	A	G	4	2	6	0	0	6	0	0
2	121323362	.	T	C	16	3	19	3	0	22	0	0
2	124930620	.	C	A	10	3	13	1	1	15	0	0
2	126733391	.	T	C	15	2	17	1	0	18	0	0
2	126733408	.	T	C	15	6	21	1	0	22	0	0
2	126734766	.	T	C	12	5	17	0	0	17	0	0
2	126756857	.	T	C	1	5	6	0	0	6	0	0
2	126758097	.	T	C	3	1	4	0	1	5	0	0
2	126758102	.	T	C	1	1	2	0	1	3	0	0
2	128968268	.	A	G	8	2	10	0	0	10	0	0
2	128968270	.	A	G	8	2	10	0	0	10	0	0
2	130396840	.	A	G	2	10	12	0	0	12	0	0
2	130396843	.	A	G	12	3	15	0	0	15	0	0
2	130396876	.	A	G	7	4	11	0	0	11	0	0
2	130397819	.	A	G	5	2	7	0	0	7	0	0
2	130410050	.	A	G	5	2	7	0	0	7	0	0
2	130410056	.	A	G	5	2	7	0	0	7	0	0
2	130715901	.	T	C	5	2	7	0	0	7	0	0
2	132151800	.	A	G	56	312	368	0	6	374	0	0
2	132636996	.	C	A	10	2	12	0	0	12	0	0
2	135911813	.	G	A	8	3	11	0	6	17	0	0
2	143388585	.	G	A	2	2	4	0	0	4	0	0
2	149585950	.	G	A	2	1	3	0	1	4	0	0
2	151216347	.	C	T	0	2	2	0	1	3	0	0
2	151301105	.	A	T	2	1	3	2	1	6	0	0
2	151936269	.	A	G	19	5	24	0	0	24	0	0
2	152114990	.	A	G	2	3	5	0	1	6	0	0
2	152121183	.	C	T	1	17	18	1	10	29	0	0
2	153051040	.	C	A	5	6	11	0	17	34	6	0
2	153108492	.	A	G	16	7	23	0	0	23	0	0
2	153460278	.	T	C	8	2	10	0	1	11	0	0
2	154402150	.	A	C	10	0	10	0	7	17	0	0
2	154402156	.	A	C	16	5	21	0	3	24	0	0
2	154428307	.	T	C	4	3	7	0	0	7	0	0
2	157400030	.	T	C	104	23	127	4	3	134	0	0
2	157400060	.	T	C	93	28	121	0	1	122	0	0
2	157400069	.	T	C	87	33	120	0	3	123	0	0
2	158219426	.	A	G	9	2	11	0	3	14	0	0
2	158220838	.	A	G	10	3	13	0	0	13	0	0
2	158225545	.	A	G	341	53	394	0	2	396	0	0
2	158226873	.	A	G	102	376	478	0	17	495	0	0
2	163309459	.	T	C	6	7	13	0	0	13	0	0
2	163310345	.	T	C	27	6	33	2	1	36	0	0
2	164953669	.	T	C	37	9	46	0	1	47	0	0
2	164953773	.	T	C	38	13	51	0	1	52	0	0
2	169913421	.	A	G	4	6	10	0	0	10	0	0
2	174169694	.	A	G	112	26	138	2	3	143	0	0
2	174548497	.	C	T	3	2	5	0	0	5	0	0
2	177578314	.	A	G	4	2	6	2	0	8	0	0
3	27473462	.	A	G	9	2	11	0	0	11	0	0
3	32636549	.	T	C	16	3	19	0	0	19	0	0
3	34129402	.	T	A	3	2	5	0	2	7	0	0
3	36146600	.	A	G	4	3	7	1	0	8	0	0
3	40748383	.	G	A	11	4	15	3	2	20	0	0
3	40748697	.	A	G	50	15	65	16	0	81	0	0
3	54705538	.	G	A	5	2	7	0	0	7	0	0
3	57551841	.	T	C	3	3	6	0	0	6	0	0
3	57551908	.	T	C	2	3	5	0	0	5	0	0
3	57553327	.	T	C	2	3	5	0	0	5	0	0
3	57553351	.	T	C	0	2	2	0	0	2	0	0
3	58498121	.	A	G	338	28	366	1	9	376	0	0
3	59224386	.	C	T	14	4	18	0	5	23	0	0
3	65859114	.	T	C	12	2	14	0	2	16	0	0
3	67385175	.	A	G	3	2	5	0	0	5	0	0
3	67385195	.	A	G	2	2	4	0	0	4	0	0
3	79551611	.	T	C	12	2	14	0	0	14	0	0
3	80599593	.	T	C	103	274	377	1	3	381	0	0
3	80614159	.	T	C	14	19	33	0	0	33	0	0
3	80614215	.	T	C	283	157	440	0	5	445	0	0
3	81120682	.	T	C	8	2	10	0	0	10	0	0
3	88079367	.	G	A	7	6	13	0	2	15	0	0
3	88207974	.	A	G	3	2	5	0	0	5	0	0
3	88618709	.	C	T	10	3	13	0	0	13	0	0
3	88618716	.	C	T	14	3	17	0	0	17	0	0
3	89903035	.	A	C	1	1	2	0	0	2	0	0
3	89967705	.	A	G	7	4	11	0	1	12	0	0
3	89967924	.	A	G	3	3	6	0	0	6	0	0
3	95090893	.	T	C	4	2	6	0	0	6	0	0
3	96170279	.	T	G	3	2	5	0	1	6	0	0
3	96485407	.	T	G	3	2	5	0	1	6	0	0
3	96539776	.	A	G	8	25	33	0	0	33	0	0
3	96539975	.	A	G	19	5	24	0	6	30	0	0
3	101483698	.	G	C	19	15	34	0	35	69	0	0
3	101483703	.	G	C	43	12	55	0	21	77	1	0
3	104835351	.	A	G	3	2	5	0	0	5	0	0
3	104835352	.	A	G	3	2	5	0	0	5	0	0
3	116537746	.	T	C	18	7	25	0	0	25	0	0
3	116537812	.	T	C	11	4	15	0	1	16	0	0
3	135112631	.	T	C	66	14	80	0	0	80	0	0
3	138264847	.	A	G	19	3	22	0	0	22	0	0
3	138264887	.	A	G	18	3	21	0	0	21	0	0
4	19526337	.	T	A	11	0	11	0	2	13	0	0
4	19526345	.	G	A	12	0	12	0	2	14	0	0
4	21834757	.	A	G	16	3	19	0	0	19	0	0
4	21834782	.	A	G	4	6	10	0	0	10	0	0
4	21836550	.	A	G	37	10	47	0	0	47	0	0
4	21911313	.	A	G	17	3	20	0	1	21	0	0
4	21911667	.	A	G	8	8	16	0	1	17	0	0
4	21911675	.	A	G	8	6	14	0	0	14	0	0
4	32583123	.	G	T	3	2	5	0	0	5	0	0
4	33019420	.	A	G	123	35	158	0	0	158	0	0
4	33020417	.	A	G	86	75	161	1	4	166	0	0
4	41507658	.	G	T	3	2	5	0	0	5	0	0
4	41518514	.	T	C	215	40	255	0	3	258	0	0
4	45813527	.	A	G	4	1	5	0	1	6	0	0
4	56870174	.	T	C	13	5	18	0	2	20	0	0
4	56870260	.	T	C	12	4	16	0	0	16	0	0
4	59618202	.	A	G	26	4	30	0	0	30	0	0
4	59760482	.	A	G	2	2	4	0	0	4	0	0
4	62371673	.	T	C	2	3	5	0	0	5	0	0
4	62440929	.	A	C	3	3	6	0	1	7	0	0
4	69844043	.	C	T	1	1	2	13	1	16	0	0
4	72036121	.	C	A	3	1	4	0	1	5	0	0
4	72036127	.	G	A	2	1	3	0	1	4	0	0
4	82758721	.	T	C	4	2	6	0	1	7	0	0
4	83382216	.	A	G	2	3	5	0	0	5	0	0
4	86495344	.	G	T	81	15	96	1	4	101	0	0
4	88329551	.	C	T	3	1	4	0	0	4	0	0
4	103021791	.	A	C	11	3	14	0	3	17	0	0
4	103021909	.	A	G	21	10	31	0	3	34	0	0
4	103030519	.	G	A	5	2	7	0	0	7	0	0
4	107753002	.	A	T	11	2	13	0	4	17	0	0
4	107753003	.	G	T	11	1	12	0	5	17	0	0
4	108198313	.	A	G	5	7	12	0	0	12	0	0
4	118483276	.	A	G	31	7	38	0	1	39	0	0
4	118483277	.	A	G	31	6	37	0	0	37	0	0
4	118484005	.	A	G	14	40	54	0	1	55	0	0
4	118484020	.	A	G	43	11	54	0	1	55	0	0
4	118484072	.	A	G	24	9	33	0	2	35	0	0
4	119081410	.	T	C	19	3	22	0	0	22	0	0
4	119135361	.	C	T	36	34	70	1	22	94	1	0
4	124815031	.	T	A	1	2	3	0	0	3	0	0
4	124837093	.	A	G	14	7	21	0	1	22	0	0
4	124838094	.	A	G	10	14	24	0	0	24	0	0
4	124838169	.	A	G	13	7	20	0	0	20	0	0
4	125982944	.	A	G	11	5	16	0	0	16	0	0
4	125985065	.	A	G	8	4	12	0	0	12	0	0
4	125985370	.	A	G	8	8	16	0	0	16	0	0
4	125985374	.	A	G	9	6	15	0	0	15	0	0
4	125985458	.	A	G	8	4	12	0	1	13	0	0
4	126929461	.	G	T	18	5	23	0	2	25	0	0
4	129062418	.	T	C	1	2	3	0	0	3	0	0
4	129407507	.	G	C	14	3	17	0	14	31	0	0
4	129407514	.	T	C	19	4	23	0	8	31	0	0
4	131679966	.	T	C	26	6	32	0	1	33	0	0
4	132804542	.	G	A	29	4	33	0	6	40	1	0
4	132804544	.	C	A	29	8	37	0	3	40	0	0
4	133389520	.	T	C	10	3	13	0	0	13	0	0
4	137987341	.	A	G	75	24	99	0	1	100	0	0
4	137987354	.	A	G	72	26	98	0	0	98	0	0
4	140677381	.	A	C	12	4	16	0	4	20	0	0
4	140677387	.	A	C	10	3	13	0	0	13	0	0
4	140678893	.	A	G	16	6	22	0	0	22	0	0
4	141406237	.	A	C	18	4	22	0	13	35	0	0
4	141488012	.	T	C	31	6	37	0	1	38	0	0
4	147907770	.	T	C	7	4	11	0	0	11	0	0
4	147907819	.	T	C	8	2	10	0	0	10	0	0
4	147907821	.	T	C	7	3	10	0	0	10	0	0
4	149202586	.	A	G	26	7	33	0	0	33	0	0
4	149202605	.	A	G	26	5	31	0	1	32	0	0
4	149203211	.	A	G	18	7	25	0	1	26	0	0
4	149552635	.	T	C	4	4	8	0	0	8	0	0
4	155705891	.	A	G	7	2	9	0	1	10	0	0
4	155706828	.	A	G	19	6	25	1	1	27	0	0
4	155800341	.	A	G	12	2	14	0	0	14	0	0
4	156095123	.	A	G	67	54	121	0	2	123	0	0
4	156294255	.	A	G	3	3	6	0	0	6	0	0
5	5833442	.	T	C	1	3	4	3	1	8	0	0
5	23627727	.	T	C	4	2	6	0	0	6	0	0
5	23749502	.	T	C	2	3	5	0	0	5	0	0
5	24649635	.	T	C	16	6	22	0	1	23	0	0
5	24649804	.	T	C	7	10	17	0	1	18	0	0
5	24649822	.	T	C	9	6	15	0	0	15	0	0
5	25430722	.	A	G	7	4	11	0	1	12	0	0
5	30733220	.	A	G	4	1	5	0	3	8	0	0
5	30733222	.	A	G	3	1	4	0	4	8	0	0
5	30780634	.	C	T	7	6	13	0	0	13	0	0
5	31330824	.	T	C	5	4	9	0	0	9	0	0
5	33149571	.	A	G	11	3	14	0	0	14	0	0
5	33149943	.	A	G	7	2	9	0	0	9	0	0
5	33572751	.	A	G	2	2	4	0	0	4	0	0
5	33573900	.	A	G	2	4	6	0	0	6	0	0
5	33575654	.	A	G	4	3	7	0	0	7	0	0
5	48546156	.	T	C	1	2	3	0	0	3	0	0
5	65566499	.	A	C	14	2	16	0	0	16	0	0
5	65571273	.	C	T	37	24	61	0	2	63	0	0
5	65605388	.	T	C	49	16	65	0	1	66	0	0
5	65605389	.	T	C	42	19	61	0	3	64	0	0
5	65984268	.	G	T	1	2	3	0	1	4	0	0
5	65984269	.	G	T	2	1	3	0	1	4	0	0
5	74365741	.	C	T	8	1	9	0	4	13	0	0
5	77555578	.	T	C	4	14	18	0	0	18	0	0
5	77555630	.	T	C	3	15	18	0	1	19	0	0
5	104360962	.	G	T	1	1	2	0	1	3	0	0
5	104652843	.	A	G	26	10	36	0	0	36	0	0
5	104652845	.	A	G	31	6	37	0	0	37	0	0
5	108256092	.	C	T	14	3	17	0	1	18	0	0
5	109823592	.	A	G	3	1	4	4	0	8	0	0
5	110226520	.	A	G	3	10	13	6	0	19	0	0
5	113873957	.	A	C	3	2	5	0	2	7	0	0
5	114078712	.	T	C	11	3	14	0	0	14	0	0
5	115455819	.	T	C	6	2	8	0	0	8	0	0
5	121683511	.	T	C	11	2	13	0	1	14	0	0
5	122546590	.	A	G	16	6	22	0	0	22	0	0
5	123386729	.	A	G	33	13	46	0	0	46	0	0
5	123879315	.	T	C	3	15	18	0	0	18	0	0
5	123879325	.	T	C	8	6	14	0	0	14	0	0
5	123880012	.	G	T	6	2	8	0	1	9	0	0
5	123880013	.	G	T	6	3	9	0	0	9	0	0
5	124144538	.	A	G	13	5	18	0	7	25	0	0
5	125533669	.	A	G	22	73	95	0	0	95	0	0
5	125533687	.	A	G	73	16	89	0	2	91	0	0
5	125533970	.	A	G	47	7	54	0	0	54	0	0
5	125533971	.	A	G	42	11	53	0	1	54	0	0
5	125534541	.	A	G	57	37	94	0	1	95	0	0
5	129795821	.	A	G	13	9	22	0	0	22	0	0
5	129797823	.	A	G	13	18	31	0	1	32	0	0
5	129797838	.	A	G	24	5	29	0	1	30	0	0
5	130018011	.	A	G	10	2	12	0	1	13	0	0
5	131336191	.	A	C	10	2	12	0	8	20	0	0
5	131336196	.	G	C	11	3	14	0	3	17	0	0
5	135193800	.	A	G	2	2	4	0	0	4	0	0
5	135405677	.	C	T	10	3	13	0	0	13	0	0
5	135437715	.	T	C	17	5	22	0	0	22	0	0
5	136963840	.	A	G	11	3	14	0	0	14	0	0
5	137780186	.	A	G	8	2	10	0	0	10	0	0
5	138363461	.	G	A	1	3	4	3	0	7	0	0
5	142655047	.	A	G	91	26	117	0	2	119	0	0
5	142855830	.	T	C	16	4	20	0	4	24	0	0
5	142855831	.	T	C	7	16	23	0	1	24	0	0
5	142855980	.	T	C	6	7	13	0	0	13	0	0
5	142856760	.	T	C	22	6	28	0	0	28	0	0
5	143382388	.	A	G	8	2	10	0	0	10	0	0
5	143382841	.	A	G	3	2	5	0	0	5	0	0
5	143382882	.	A	G	2	2	4	0	0	4	0	0
5	145045567	.	C	A	2	4	6	0	0	6	0	0
5	148269115	.	G	C	13	14	27	0	0	27	0	0
6	4754259	.	T	C	8	3	11	0	0	11	0	0
6	6877971	.	A	G	1	5	6	0	3	9	0	0
6	7872511	.	C	T	1	8	9	0	0	9	0	0
6	8593048	.	C	T	1	7	8	2	0	10	0	0
6	17531542	.	G	A	1	2	3	0	0	3	0	0
6	18430174	.	T	C	1	11	12	0	0	12	0	0
6	18432281	.	G	A	1	10	11	0	0	11	0	0
6	25689644	.	G	A	26	18	44	0	0	44	0	0
6	31486635	.	A	C	7	5	12	0	6	18	0	0
6	31486641	.	G	C	9	6	15	0	2	17	0	0
6	31492600	.	A	G	10	9	19	0	3	22	0	0
6	31492602	.	A	G	11	9	20	0	1	21	0	0
6	31492682	.	A	G	5	8	13	0	0	13	0	0
6	34751192	.	A	C	11	3	14	0	4	18	0	0
6	34751198	.	A	C	8	5	13	0	2	15	0	0
6	37847782	.	A	G	9	3	12	0	0	12	0	0
6	39584626	.	G	A	4	3	7	0	6	13	0	0
6	39584634	.	G	A	4	2	6	0	6	12	0	0
6	47848349	.	A	G	5	3	8	0	0	8	0	0
6	47848373	.	A	G	4	4	8	0	0	8	0	0
6	47848659	.	A	G	5	8	13	0	0	13	0	0
6	47848676	.	A	G	13	4	17	0	0	17	0	0
6	48375235	.	A	G	1	8	9	0	0	9	0	0
6	49231811	.	T	C	14	2	16	0	2	18	0	0
6	49231812	.	T	C	14	3	17	0	1	18	0	0
6	49233358	.	T	C	10	3	13	0	0	13	0	0
6	49233394	.	T	C	6	4	10	0	0	10	0	0
6	50184391	.	A	G	1	2	3	0	0	3	0	0
6	65687724	.	A	G	3	3	6	0	0	6	0	0
6	66517625	.	A	G	9	11	20	0	0	20	0	0
6	66517635	.	A	G	19	3	22	0	0	22	0	0
6	67273501	.	A	G	5	2	7	0	0	7	0	0
6	84789910	.	A	G	1	2	3	0	0	3	0	0
6	84789913	.	C	T	0	2	2	0	0	2	0	0
6	85920531	.	T	A	8	2	10	2	0	12	0	0
6	86391922	.	A	G	1	5	6	0	0	6	0	0
6	86391939	.	A	G	5	2	7	0	0	7	0	0
6	86714384	.	T	C	1	5	6	0	0	6	0	0
6	86963804	.	C	T	1	6	7	0	0	7	0	0
6	87067316	.	T	A	0	4	4	0	2	6	0	0
6	87791783	.	T	C	8	3	11	0	0	11	0	0
6	87890574	.	G	A	1	3	4	0	1	5	0	0
6	96010042	.	T	C	2	2	4	2	1	7	0	0
6	96010183	.	T	C	2	3	5	1	0	6	0	0
6	97784093	.	G	A	3	1	4	0	0	4	0	0
6	113054498	.	T	C	5	2	7	0	4	11	0	0
6	113054503	.	G	C	5	3	8	0	4	12	0	0
6	113147556	.	A	C	105	7	112	2	20	134	0	0
6	118538893	.	A	G	1	8	9	0	0	9	0	0
6	118567586	.	C	T	2	20	22	0	0	22	0	0
6	124717238	.	T	C	4	1	5	0	1	6	0	0
6	124717256	.	T	C	2	2	4	0	0	4	0	0
6	124787022	.	T	G	2	13	15	0	0	15	0	0
6	126619121	.	T	C	50	28	78	0	2	80	0	0
6	127102256	.	G	T	20	3	23	0	5	28	0	0
6	146733792	.	A	G	1	2	3	0	0	3	0	0
7	5020753	.	T	C	2	2	4	0	1	5	0	0
7	6196171	.	A	G	2	3	5	0	0	5	0	0
7	6967217	.	A	G	33	7	40	0	0	40	0	0
7	6968013	.	A	G	4	5	9	0	0	9	0	0
7	6968063	.	T	G	11	5	16	1	0	17	0	0
7	6969451	.	A	G	11	16	27	0	0	27	0	0
7	6969513	.	A	G	8	16	24	0	1	25	0	0
7	12212392	.	A	G	13	3	16	0	0	16	0	0
7	12706119	.	A	G	4	2	6	0	0	6	0	0
7	12707543	.	A	G	2	5	7	0	0	7	0	0
7	15864164	.	G	C	4	3	7	0	6	13	0	0
7	16515796	.	T	G	1	5	6	0	0	6	0	0
7	16568569	.	A	C	1	2	3	0	1	4	0	0
7	16589679	.	C	T	1	5	6	0	0	6	0	0
7	16589862	.	G	T	1	7	8	0	0	8	0	0
7	16605458	.	T	C	3	2	5	0	0	5	0	0
7	16619272	.	A	G	4	28	32	1	0	33	0	0
7	16619714	.	A	G	39	9	48	0	1	50	1	0
7	18131606	.	G	T	2	4	6	0	2	8	0	0
7	18599178	.	A	G	1	3	4	0	0	4	0	0
7	18696483	.	T	C	19	17	36	0	0	36	0	0
7	18785632	.	G	C	8	9	17	0	0	17	0	0
7	18873686	.	T	C	9	4	13	0	0	13	0	0
7	18873733	.	T	C	9	2	11	1	0	12	0	0
7	18873753	.	T	C	14	3	17	1	1	19	0	0
7	19638449	.	T	A	4	6	10	0	0	10	0	0
7	19638461	.	T	A	4	5	9	0	0	9	0	0
7	23840662	.	G	A	2	16	18	5	0	23	0	0
7	23840812	.	T	C	2	4	6	7	0	13	0	0
7	23840839	.	A	G	10	2	12	9	0	21	0	0
7	23893668	.	G	C	1	2	3	0	0	3	0	0
7	23933794	.	T	G	1	3	4	1	0	5	0	0
7	23933804	.	C	T	1	3	4	1	0	5	0	0
7	23933876	.	G	A	1	4	5	2	0	7	0	0
7	24771992	.	T	C	7	7	14	0	1	15	0	0
7	24788489	.	T	C	10	2	12	0	0	12	0	0
7	24926223	.	T	C	1	3	4	0	0	4	0	0
7	26904992	.	A	G	9	2	11	0	0	11	0	0
7	26904993	.	A	G	4	6	10	0	0	10	0	0
7	27520956	.	A	G	4	3	7	0	0	7	0	0
7	27663471	.	G	A	1	2	3	1	0	4	0	0
7	27663837	.	A	G	1	5	6	2	0	8	0	0
7	27663891	.	G	A	1	4	5	4	0	9	0	0
7	27663906	.	C	T	1	2	3	5	0	8	0	0
7	28456593	.	G	C	1	10	11	0	0	11	0	0
7	28922269	.	T	C	2	3	5	0	0	5	0	0
7	28922570	.	T	C	1	3	4	0	0	4	0	0
7	28946951	.	T	C	5	2	7	0	0	8	1	0
7	29016713	.	C	T	13	4	17	0	4	21	0	0
7	29016714	.	C	T	13	5	18	0	3	21	0	0
7	29529258	.	G	A	1	9	10	0	2	12	0	0
7	29594827	.	C	T	1	14	15	0	0	15	0	0
7	29664648	.	C	G	1	2	3	116	0	119	0	0
7	30008200	.	A	T	1	4	5	0	0	5	0	0
7	30734197	.	T	C	1	2	3	0	0	3	0	0
7	34752479	.	A	G	1	2	3	0	0	3	0	0
7	44036693	.	A	G	1	2	3	0	0	3	0	0
7	45032973	.	T	C	3	4	7	0	0	7	0	0
7	45036981	.	A	C	3	4	7	0	0	7	0	0
7	45036987	.	A	C	4	2	6	0	0	6	0	0
7	45141114	.	T	C	5	2	7	0	0	7	0	0
7	55627368	.	T	C	84	26	110	0	1	111	0	0
7	55628086	.	T	C	3	2	5	0	1	6	0	0
7	55628136	.	T	C	19	5	24	0	1	25	0	0
7	58900815	.	A	G	10	2	12	0	0	12	0	0
7	58979925	.	T	C	1	2	3	0	0	3	0	0
7	58980055	.	T	C	4	2	6	0	0	6	0	0
7	58980132	.	T	C	3	2	5	0	0	5	0	0
7	59363742	.	G	T	2	3	5	10	0	15	0	0
7	67382347	.	C	T	16	3	19	0	3	22	0	0
7	67382350	.	C	T	18	1	19	0	4	23	0	0
7	79891696	.	A	G	3	4	7	0	0	7	0	0
7	81521934	.	A	G	6	2	8	0	0	8	0	0
7	81521958	.	A	G	5	3	8	0	0	8	0	0
7	81522050	.	A	G	2	2	4	0	0	4	0	0
7	81522943	.	A	G	4	5	9	0	0	9	0	0
7	83405514	.	T	C	4	2	6	33	3	42	0	0
7	98150259	.	T	C	1	2	3	0	0	3	0	0
7	99110728	.	A	G	5	3	8	0	0	8	0	0
7	101471941	.	A	G	1	2	3	0	0	3	0	0
7	101715739	.	A	G	1	2	3	0	0	3	0	0
7	103988513	.	T	C	2	2	4	0	1	5	0	0
7	110655309	.	T	C	25	9	34	0	2	36	0	0
7	114304871	.	A	G	3	2	5	51	1	57	0	0
7	121586933	.	T	C	3	3	6	0	0	6	0	0
7	121586934	.	T	C	3	3	6	0	0	6	0	0
7	123582585	.	A	G	12	4	16	0	1	17	0	0
7	126422901	.	T	C	7	0	7	0	1	8	0	0
7	126853494	.	A	G	32	9	41	0	0	41	0	0
7	126853784	.	A	G	47	9	56	0	1	57	0	0
7	127165834	.	A	G	4	2	6	0	0	6	0	0
7	127165851	.	A	G	2	5	7	0	0	7	0	0
7	127165872	.	A	G	3	2	5	0	0	5	0	0
7	127178234	.	A	G	2	4	6	0	0	6	0	0
7	127368410	.	T	G	2	2	4	0	12	16	0	0
7	128298185	.	C	T	4	4	8	0	0	8	0	0
7	130360893	.	A	T	4	9	13	0	1	14	0	0
7	131048682	.	A	G	1	4	5	0	0	5	0	0
7	138516803	.	A	T	1	2	3	0	0	3	0	0
7	139715688	.	A	G	4	2	6	0	0	6	0	0
7	139715696	.	A	G	3	3	6	0	0	6	0	0
7	141503671	.	G	C	18	0	18	0	0	18	0	0
7	142207010	.	T	C	31	14	45	0	1	46	0	0
8	3589455	.	A	G	2	3	5	0	0	5	0	0
8	14140659	.	G	A	27	5	32	0	0	32	0	0
8	14140661	.	A	C	24	5	29	0	0	29	0	0
8	19732474	.	C	A	8	2	10	3	0	13	0	0
8	19747559	.	G	T	2	3	5	7	0	12	0	0
8	20030726	.	C	A	14	5	19	9	1	29	0	0
8	20030843	.	C	T	13	3	16	8	1	25	0	0
8	20030895	.	C	A	23	5	28	20	0	48	0	0
8	20030901	.	C	A	28	12	40	26	2	68	0	0
8	20053431	.	C	T	2	2	4	1	0	5	0	0
8	20157920	.	G	T	4	2	6	26	0	32	0	0
8	20698008	.	A	T	16	3	19	16	0	36	1	0
8	20717395	.	T	A	4	3	7	6	0	13	0	0
8	20727130	.	G	A	22	8	30	4	0	34	0	0
8	26303598	.	T	C	5	2	7	0	0	7	0	0
8	26306187	.	T	C	11	3	14	0	0	14	0	0
8	32306505	.	A	C	2	3	5	0	2	7	0	0
8	33814531	.	C	T	8	2	10	0	0	10	0	0
8	34089825	.	G	A	2	2	4	0	0	4	0	0
8	34637996	.	G	A	6	2	8	0	0	8	0	0
8	36840221	.	T	C	1	1	2	0	1	3	0	0
8	41370800	.	A	G	10	3	13	0	0	13	0	0
8	41370836	.	A	G	9	6	15	0	0	15	0	0
8	41370848	.	A	G	17	2	19	0	1	20	0	0
8	41443983	.	A	G	3	2	5	0	0	5	0	0
8	42061914	.	T	C	1	2	3	0	0	3	0	0
8	42700188	.	T	C	1	3	4	3	1	8	0	0
8	57935852	.	T	A	2	1	3	0	3	6	0	0
8	57935858	.	T	A	4	0	4	0	3	7	0	0
8	70023416	.	T	A	3	3	6	3	0	9	0	0
8	70028682	.	T	C	3	2	5	7	0	12	0	0
8	70028770	.	G	A	3	7	10	3	0	13	0	0
8	70037749	.	C	T	1	2	3	0	0	3	0	0
8	70156871	.	T	C	2	2	4	0	0	4	0	0
8	70784599	.	G	A	19	6	25	0	13	38	0	0
8	70846188	.	T	C	2	3	5	0	0	5	0	0
8	70846205	.	T	C	5	2	7	0	0	7	0	0
8	70847832	.	T	C	1	3	4	0	0	4	0	0
8	70847835	.	T	C	2	4	6	0	0	6	0	0
8	72977426	.	A	G	23	38	61	0	1	62	0	0
8	72977438	.	A	G	57	10	67	0	1	68	0	0
8	73269563	.	T	C	0	2	2	1	1	4	0	0
8	84394300	.	T	G	8	5	13	0	6	19	0	0
8	84976646	.	T	C	5	2	7	0	0	7	0	0
8	84977744	.	T	C	6	2	8	0	0	8	0	0
8	85813273	.	A	G	6	2	8	0	0	8	0	0
8	85835300	.	T	C	4	3	7	0	0	7	0	0
8	88898496	.	A	G	16	6	22	0	0	22	0	0
8	95049423	.	A	G	7	2	9	0	0	9	0	0
8	96468587	.	G	A	37	33	70	2	2	74	0	0
8	104987504	.	A	G	4	2	6	0	0	6	0	0
8	107744427	.	A	G	5	3	8	1	0	9	0	0
8	107744848	.	A	G	10	7	17	0	0	17	0	0
8	110817217	.	A	G	24	10	34	0	4	38	0	0
8	111731184	.	T	C	15	4	19	0	0	19	0	0
8	111731423	.	T	C	16	3	19	0	2	21	0	0
8	111731758	.	T	C	23	7	30	0	1	31	0	0
8	120486932	.	T	C	6	2	8	0	0	8	0	0
8	121382382	.	T	C	43	7	50	0	0	50	0	0
8	121823736	.	T	C	1	2	3	0	0	3	0	0
8	124147389	.	G	A	292	275	567	0	13	581	1	0
8	125620613	.	T	C	17	6	23	0	5	28	0	0
8	125620618	.	T	C	10	12	22	0	2	24	0	0
8	125620861	.	T	C	29	16	45	0	0	45	0	0
8	125620923	.	T	C	7	27	34	0	0	34	0	0
8	125620929	.	T	C	13	17	30	0	0	30	0	0
8	127316202	.	G	A	6	3	9	0	3	12	0	0
9	3387716	.	A	G	12	6	18	0	0	18	0	0
9	3387771	.	A	G	21	4	25	0	2	27	0	0
9	4456006	.	T	C	5	29	34	1	0	35	0	0
9	20408090	.	T	A	13	2	15	0	6	21	0	0
9	20408092	.	G	A	14	2	16	0	4	20	0	0
9	20512335	.	A	G	6	2	8	0	0	8	0	0
9	20512857	.	A	G	9	4	13	0	0	13	0	0
9	20512914	.	A	G	12	2	14	0	0	14	0	0
9	20513239	.	A	G	7	4	11	0	0	11	0	0
9	20513256	.	A	G	4	4	8	0	0	8	0	0
9	20513879	.	A	G	2	3	5	0	0	5	0	0
9	20558131	.	A	G	10	2	12	0	0	12	0	0
9	21667167	.	T	C	2	2	4	0	0	4	0	0
9	21903204	.	T	C	6	2	8	0	0	8	0	0
9	21906411	.	A	C	7	2	9	0	0	9	0	0
9	44034961	.	T	C	4	2	6	0	0	6	0	0
9	44204075	.	T	C	17	5	22	0	0	22	0	0
9	44204076	.	T	C	18	4	22	0	1	23	0	0
9	44221511	.	A	T	6	5	11	0	0	11	0	0
9	47764621	.	G	A	27	5	32	0	8	40	0	0
9	49413448	.	C	T	2	2	4	0	0	4	0	0
9	53833229	.	A	G	3	2	5	0	0	5	0	0
9	54275803	.	G	T	5	1	6	0	1	7	0	0
9	54275804	.	G	T	5	2	7	0	0	7	0	0
9	55056705	.	A	G	11	2	13	0	0	13	0	0
9	57051592	.	T	C	9	2	11	0	0	11	0	0
9	57503030	.	C	T	14	4	18	0	3	21	0	0
9	57503033	.	C	T	16	1	17	0	3	20	0	0
9	58766638	.	T	A	4	2	6	0	0	6	0	0
9	58768248	.	T	C	3	2	5	0	0	5	0	0
9	61324884	.	A	C	4	4	8	0	0	8	0	0
9	61989064	.	T	C	1	2	3	0	0	3	0	0
9	65253476	.	A	G	5	8	13	0	0	13	0	0
9	67892060	.	C	T	10	3	13	0	1	14	0	0
9	67892066	.	C	T	10	3	13	0	1	14	0	0
9	69923121	.	A	G	9	2	11	0	0	11	0	0
9	69923122	.	A	G	8	3	11	0	0	11	0	0
9	72270786	.	C	A	27	9	36	0	6	42	0	0
9	72366856	.	T	C	3	4	7	0	1	8	0	0
9	72381418	.	T	C	2	2	4	0	0	4	0	0
9	78076674	.	A	G	10	2	12	0	0	12	0	0
9	89097389	.	G	A	17	3	20	0	0	20	0	0
9	89794102	.	T	C	13	5	18	0	6	24	0	0
9	89794108	.	G	C	13	3	16	0	4	20	0	0
9	95938130	.	A	G	23	6	29	0	0	29	0	0
9	95939206	.	A	G	23	5	28	0	0	28	0	0
9	95939293	.	A	G	18	6	24	0	0	24	0	0
9	96601936	.	C	T	2	2	4	0	0	4	0	0
9	96957219	.	A	G	5	2	7	0	0	7	0	0
9	103062470	.	C	A	8	2	10	0	1	11	0	0
9	103062472	.	C	A	1	2	3	0	1	4	0	0
9	106227491	.	T	G	7	2	9	0	0	9	0	0
9	108178883	.	G	A	12	4	16	0	0	16	0	0
9	109659804	.	T	C	7	2	9	0	0	9	0	0
9	109660347	.	T	C	5	2	7	0	0	7	0	0
9	110086199	.	A	G	5	3	8	0	0	8	0	0
9	119350378	.	A	G	3	2	5	0	1	6	0	0
9	123525669	.	C	T	12	3	15	0	1	16	0	0
9	124033164	.	C	T	9	2	11	0	0	11	0	0
9	124034058	.	T	G	20	4	24	0	1	25	0	0
9	124034094	.	A	G	18	10	28	0	0	28	0	0
9	124055098	.	T	C	13	3	16	0	1	17	0	0
X	7020445	.	C	T	5	2	7	0	0	7	0	0
X	7020446	.	C	T	4	1	5	0	2	7	0	0
X	37698807	.	A	G	10	4	14	0	1	15	0	0
X	37698809	.	A	G	9	4	13	0	2	15	0	0
X	40743165	.	A	G	2	5	7	0	0	7	0	0
X	55633003	.	T	C	35	7	42	0	0	42	0	0
X	60230328	.	A	G	8	2	10	0	1	11	0	0
X	60231705	.	A	G	17	10	27	0	0	27	0	0
X	69388256	.	T	C	42	8	50	1	0	51	0	0
X	72480967	.	C	T	10	2	12	0	0	12	0	0
X	72774989	.	A	G	1	3	4	0	0	4	0	0
X	72774990	.	A	G	1	3	4	0	0	4	0	0
X	72832175	.	C	A	4	1	5	0	0	5	0	0
X	73270255	.	T	C	12	3	15	0	0	15	0	0
X	73270256	.	T	C	4	11	15	0	0	15	0	0
X	73270468	.	T	C	10	14	24	0	0	25	1	0
X	73328765	.	A	G	1	4	5	0	0	5	0	0
X	102620158	.	T	C	10	9	19	0	0	19	0	0
X	102620159	.	T	C	5	14	19	0	0	19	0	0
X	102623385	.	T	C	7	6	13	0	4	17	0	0
X	102623421	.	T	C	9	3	12	0	0	12	0	0
X	102631446	.	T	C	1	3	4	0	0	4	0	0
X	106830700	.	T	C	62	9	71	0	0	71	0	0
X	107784809	.	A	G	6	2	8	0	0	8	0	0
X	119071200	.	T	C	0	3	3	0	1	4	0	0
X	119819641	.	C	T	13	3	16	0	0	16	0	0
X	133490062	.	T	C	8	4	12	0	1	13	0	0
X	133490101	.	T	C	10	4	14	0	0	14	0	0
X	133490134	.	T	C	10	2	12	0	1	13	0	0
X	133490145	.	T	C	12	6	18	0	2	21	1	0
X	134745475	.	C	A	9	2	11	0	0	11	0	0
X	134745477	.	T	A	1	2	3	0	0	3	0	0
X	138846154	.	T	C	3	4	7	0	0	7	0	0
X	140507620	.	T	C	3	5	8	0	1	9	0	0
X	143107425	.	A	G	11	2	13	0	0	13	0	0
X	145978689	.	A	G	76	20	96	0	2	98	0	0
X	149766871	.	T	C	35	12	47	0	12	59	0	0
X	149767614	.	T	C	95	67	162	1	9	172	0	0
X	149768450	.	T	C	177	52	229	0	5	234	0	0
X	149768451	.	T	C	190	37	227	0	6	233	0	0
X	151056481	.	T	C	13	2	15	0	13	28	0	0
X	151079791	.	C	T	21	5	26	0	3	29	0	0
X	151079793	.	G	T	23	2	25	0	5	30	0	0
X	155799721	.	A	G	3	2	5	20	0	25	0	0
X	164972992	.	A	G	7	4	11	1	0	12	0	0
