contig	position	variantID	refAllele	altAllele	refCount	altCount	totalCount	lowMAPQDepth	lowBaseQDepth	rawDepth	otherBases	improperPairs
1	6280351	.	T	C	1	2	3	0	0	3	0	0
1	6280352	.	T	C	0	2	2	0	1	3	0	0
1	10013329	.	T	C	2	2	4	0	0	4	0	0
1	10101208	.	T	C	1	2	3	0	0	3	0	0
1	10101214	.	T	C	1	2	3	0	0	3	0	0
1	10101253	.	T	C	2	3	5	0	0	5	0	0
1	10142704	.	A	G	3	2	5	0	1	6	0	0
1	13695959	.	T	C	11	2	13	5	0	18	0	0
1	13695965	.	T	C	1	10	11	4	0	15	0	0
1	22031785	.	T	C	8	7	15	0	0	15	0	0
1	24303112	.	G	A	8	2	10	0	1	11	0	0
1	36405381	.	T	C	1	2	3	0	0	3	0	0
1	39695814	.	A	G	5	2	7	0	0	7	0	0
1	42789922	.	A	G	4	2	6	0	0	6	0	0
1	51507771	.	T	C	1	7	8	0	0	8	0	0
1	57043324	.	T	C	10	2	12	0	0	12	0	0
1	58425269	.	T	C	6	2	8	0	0	8	0	0
1	58797213	.	C	G	4	1	5	0	2	7	0	0
1	59756998	.	A	G	20	6	26	0	2	28	0	0
1	59913367	.	A	G	73	27	100	0	0	100	0	0
1	60517747	.	A	G	47	24	71	0	17	88	0	0
1	60744086	.	G	A	4	2	6	45	0	51	0	0
1	63156443	.	A	G	3	4	7	0	1	8	0	0
1	66711873	.	A	G	115	44	159	0	4	163	0	0
1	74621445	.	T	C	3	2	5	0	1	6	0	0
1	75163775	.	T	C	3	2	5	0	0	5	0	0
1	75163777	.	T	C	3	2	5	0	0	5	0	0
1	75398708	.	A	G	7	24	31	0	5	36	0	0
1	79681738	.	G	T	12	4	16	0	0	16	0	0
1	87872877	.	C	T	2	2	4	0	0	4	0	0
1	88187766	.	G	A	6	2	8	0	0	8	0	0
1	88188057	.	A	C	1	5	6	0	0	6	0	0
1	88188121	.	A	C	6	8	14	0	1	15	0	0
1	88188150	.	C	A	5	4	9	0	1	10	0	0
1	88188255	.	C	T	1	6	7	0	0	7	0	0
1	88188277	.	C	G	1	4	5	0	0	5	0	0
1	88188745	.	T	A	4	4	8	0	0	8	0	0
1	88189031	.	G	A	1	2	3	0	0	3	0	0
1	88189360	.	G	A	2	4	6	0	0	6	0	0
1	88189435	.	G	C	5	2	7	0	0	7	0	0
1	88189462	.	G	A	7	2	9	0	0	9	0	0
1	88189611	.	A	G	1	2	3	0	0	3	0	0
1	88189641	.	G	C	1	2	3	0	0	3	0	0
1	88189707	.	C	T	1	2	3	0	0	3	0	0
1	88190717	.	G	C	3	2	5	0	0	5	0	0
1	88190921	.	C	T	2	15	17	0	1	18	0	0
1	88191018	.	A	T	5	11	16	0	0	16	0	0
1	88191237	.	A	C	11	39	50	0	3	53	0	0
1	88191320	.	C	T	10	34	44	0	0	44	0	0
1	88191636	.	A	G	8	41	49	0	1	50	0	0
1	88191706	.	G	A	38	6	44	0	2	46	0	0
1	88191710	.	T	C	10	29	39	0	0	39	0	0
1	88192008	.	C	T	47	10	57	0	8	65	0	0
1	88192048	.	G	C	15	38	53	0	0	53	0	0
1	88192098	.	G	A	54	15	69	0	2	71	0	0
1	88192180	.	G	T	67	11	78	0	2	80	0	0
1	88192184	.	T	A	63	14	77	0	4	81	0	0
1	88192243	.	A	G	7	38	45	0	1	46	0	0
1	88192700	.	G	A	14	39	53	0	1	54	0	0
1	88192756	.	G	A	9	38	47	0	1	48	0	0
1	88193031	.	C	G	20	14	34	1	0	35	0	0
1	88193194	.	C	T	3	8	11	5	2	18	0	0
1	88193568	.	A	C	6	7	13	29	0	42	0	0
1	88193702	.	T	G	1	13	14	30	0	44	0	0
1	88193917	.	G	A	13	16	29	26	1	56	0	0
1	88197053	.	T	C	13	35	48	0	1	49	0	0
1	88197991	.	A	G	13	33	46	0	0	46	0	0
1	88200452	.	A	G	4	39	43	0	1	44	0	0
1	88200653	.	A	C	2	20	22	0	0	22	0	0
1	88200670	.	G	A	1	13	14	0	1	15	0	0
1	88200718	.	C	A	2	11	13	0	1	14	0	0
1	88200771	.	G	A	17	3	20	0	0	20	0	0
1	88200832	.	C	T	7	17	24	0	0	24	0	0
1	88202772	.	A	T	19	6	25	2	1	28	0	0
1	88203670	.	C	T	2	5	7	2	0	9	0	0
1	88203878	.	T	A	1	2	3	0	0	3	0	0
1	88205197	.	A	G	1	3	4	3	0	7	0	0
1	88205286	.	A	T	12	2	14	2	1	17	0	0
1	91315379	.	T	A	11	2	13	0	0	13	0	0
1	93299290	.	A	G	14	4	18	0	1	19	0	0
1	93299307	.	A	G	17	5	22	0	0	22	0	0
1	93547630	.	T	C	1	2	3	0	0	3	0	0
1	97749202	.	C	A	27	7	34	0	0	34	0	0
1	97749203	.	C	A	34	6	40	0	1	41	0	0
1	118225697	.	T	C	12	4	16	0	0	16	0	0
1	119585954	.	A	G	29	5	34	0	4	39	1	0
1	125796243	.	C	T	11	3	14	0	5	19	0	0
1	125796244	.	A	T	12	1	13	0	6	19	0	0
1	128091427	.	A	G	5	2	7	0	0	7	0	0
1	131953439	.	T	C	21	11	32	0	1	33	0	0
1	134707276	.	T	C	1	2	3	0	0	3	0	0
1	143619851	.	G	A	12	2	14	0	0	14	0	0
1	155060545	.	A	G	2	2	4	0	0	4	0	0
1	156255120	.	T	C	11	2	13	0	0	13	0	0
1	156255182	.	T	C	4	12	16	0	0	16	0	0
1	160077494	.	A	G	4	2	6	0	1	7	0	0
1	165058782	.	T	C	1	3	4	0	0	4	0	0
1	165058785	.	T	C	3	1	4	0	1	5	0	0
1	172458944	.	G	T	1	2	3	0	0	3	0	0
1	178779812	.	T	C	14	3	17	0	0	17	0	0
1	178780229	.	T	C	5	3	8	0	0	8	0	0
1	180924020	.	T	C	27	10	37	0	1	38	0	0
1	181731983	.	A	G	26	12	38	0	2	40	0	0
1	183105229	.	A	G	20	3	23	0	0	23	0	0
1	183105230	.	A	G	20	4	24	0	0	24	0	0
1	183190682	.	A	G	16	8	24	0	0	24	0	0
10	4400055	.	A	G	1	2	3	0	0	3	0	0
10	7524278	.	T	C	7	3	10	0	0	10	0	0
10	7578201	.	T	C	13	2	15	0	0	15	0	0
10	13004863	.	G	A	4	2	6	0	0	6	0	0
10	13842211	.	G	A	9	3	12	0	0	12	0	0
10	14621525	.	C	T	3	2	5	172	0	177	0	0
10	14621526	.	C	T	3	2	5	132	0	137	0	0
10	20194248	.	A	G	3	2	5	0	0	5	0	0
10	25955300	.	G	A	1	2	3	0	0	3	0	0
10	33685021	.	C	G	2	5	7	1	0	8	0	0
10	33791335	.	A	G	4	3	7	0	0	7	0	0
10	33864901	.	T	C	7	2	9	0	0	9	0	0
10	33865248	.	T	C	6	1	7	0	1	8	0	0
10	33865251	.	T	C	5	2	7	0	0	7	0	0
10	45582220	.	A	G	4	1	5	0	0	5	0	0
10	48971353	.	A	G	7	2	9	0	0	9	0	0
10	49118546	.	T	C	15	3	18	0	0	18	0	0
10	49118584	.	T	C	4	10	14	0	1	15	0	0
10	49118640	.	T	C	11	7	18	0	0	18	0	0
10	49120426	.	T	C	10	51	61	0	0	61	0	0
10	49148872	.	T	C	5	36	41	0	0	41	0	0
10	49148885	.	T	C	8	22	30	0	0	30	0	0
10	57383221	.	A	G	2	2	4	0	0	4	0	0
10	57391874	.	C	T	15	7	22	0	1	23	0	0
10	57614390	.	G	A	8	2	10	0	0	10	0	0
10	62645542	.	T	C	3	2	5	0	0	5	0	0
10	70400632	.	A	G	1	2	3	0	0	3	0	0
10	75020187	.	T	C	22	4	26	0	3	29	0	0
10	75020192	.	T	C	19	7	26	0	1	28	1	0
10	76391416	.	A	G	11	2	13	0	0	13	0	0
10	77158455	.	T	C	45	37	82	1	0	83	0	0
10	79790300	.	C	T	3	2	5	0	1	6	0	0
10	80521810	.	T	C	19	4	23	0	0	23	0	0
10	80998975	.	C	T	1	3	4	0	0	4	0	0
10	81045540	.	A	G	10	2	12	0	0	12	0	0
10	81077209	.	G	T	11	3	14	0	1	15	0	0
10	81181979	.	T	C	13	3	16	0	0	16	0	0
10	82486613	.	T	C	19	5	24	0	1	25	0	0
10	88306343	.	T	C	11	3	14	0	0	14	0	0
10	93800442	.	T	C	3	5	8	0	0	8	0	0
10	93800468	.	T	C	13	2	15	0	0	15	0	0
10	93800669	.	C	A	11	1	12	0	1	13	0	0
10	93800671	.	A	T	13	1	14	0	0	14	0	0
10	93801926	.	T	C	7	6	13	0	0	13	0	0
10	94057224	.	A	G	13	5	18	0	0	18	0	0
10	94057234	.	A	G	14	5	19	0	0	19	0	0
10	95011720	.	A	T	7	1	8	0	1	9	0	0
10	96454682	.	A	T	18	4	22	13	9	44	0	0
10	96454683	.	A	T	24	3	27	13	5	45	0	0
10	105023778	.	A	G	3	2	5	0	0	5	0	0
10	111330885	.	A	T	8	3	11	0	4	15	0	0
10	116919409	.	T	C	2	2	4	0	0	4	0	0
10	122829334	.	T	G	6	0	6	0	4	10	0	0
10	122944227	.	G	T	7	2	9	0	0	9	0	0
10	126888490	.	A	G	1	2	3	0	0	3	0	0
10	126903751	.	T	C	97	16	113	0	3	116	0	0
10	127038297	.	T	C	3	2	5	0	0	5	0	0
10	127120663	.	T	G	12	2	14	0	5	19	0	0
10	127120664	.	A	G	12	3	15	0	4	19	0	0
10	127968604	.	T	C	2	2	4	0	0	4	0	0
10	128032031	.	A	G	3	2	5	0	1	6	0	0
10	128032463	.	A	G	2	2	4	0	0	4	0	0
10	128032727	.	A	G	1	2	3	0	0	3	0	0
10	128032764	.	A	G	2	3	5	0	0	5	0	0
11	3079274	.	C	T	4	3	7	7	0	14	0	0
11	3079284	.	A	C	4	4	8	10	0	18	0	0
11	4092046	.	T	C	23	12	35	0	0	35	0	0
11	4092790	.	T	C	21	20	41	0	0	41	0	0
11	29495263	.	T	A	5	2	7	0	1	8	0	0
11	30051812	.	T	C	16	5	21	0	0	21	0	0
11	43572939	.	A	G	6	4	10	0	0	10	0	0
11	45821425	.	T	C	10	4	14	0	0	14	0	0
11	46163470	.	T	C	104	550	654	0	7	661	0	0
11	48625698	.	C	T	8	2	10	1	0	11	0	0
11	55285333	.	C	T	18	3	21	0	0	21	0	0
11	55391122	.	T	C	19	3	22	0	4	27	1	0
11	59347027	.	A	G	29	23	52	0	1	53	0	0
11	59347029	.	A	G	35	17	52	0	1	53	0	0
11	59349201	.	A	G	20	9	29	0	0	29	0	0
11	59349204	.	A	G	23	5	28	0	1	29	0	0
11	59401881	.	A	G	8	6	14	0	0	14	0	0
11	60144981	.	T	C	2	3	5	0	0	5	0	0
11	60610144	.	T	G	10	5	15	0	1	16	0	0
11	61302748	.	A	G	3	1	4	0	1	5	0	0
11	68876802	.	T	C	17	3	20	0	1	21	0	0
11	69922901	.	A	G	6	3	9	0	0	9	0	0
11	69922950	.	A	G	14	9	23	0	1	24	0	0
11	69922966	.	A	G	22	3	25	0	0	25	0	0
11	69923489	.	A	G	13	2	15	0	0	15	0	0
11	69923490	.	A	G	12	3	15	0	0	15	0	0
11	69923921	.	A	G	10	5	15	0	0	15	0	0
11	69924767	.	A	G	9	3	12	0	1	13	0	0
11	69925276	.	A	G	13	3	16	0	1	17	0	0
11	69925810	.	A	G	4	3	7	0	0	7	0	0
11	69925824	.	A	G	2	5	7	0	1	8	0	0
11	69926769	.	A	G	12	2	14	0	1	15	0	0
11	69926813	.	A	G	9	7	16	0	1	17	0	0
11	69926817	.	A	G	15	6	21	0	0	21	0	0
11	69927363	.	A	G	7	3	10	0	2	12	0	0
11	69927374	.	A	G	2	8	10	0	0	10	0	0
11	69927869	.	A	G	2	15	17	0	0	17	0	0
11	69927953	.	A	G	19	5	24	0	0	24	0	0
11	69927999	.	A	G	10	6	16	0	0	16	0	0
11	69936321	.	C	T	9	3	12	0	1	13	0	0
11	69937302	.	A	G	9	2	11	0	0	11	0	0
11	70500705	.	C	T	24	6	30	1	2	33	0	0
11	70500706	.	G	A	23	6	29	1	3	33	0	0
11	72570452	.	A	G	2	2	4	0	0	4	0	0
11	74529814	.	A	C	10	9	19	0	11	30	0	0
11	75067170	.	T	C	42	11	53	0	2	55	0	0
11	75067258	.	T	C	29	5	34	0	1	35	0	0
11	75068247	.	A	G	38	8	46	0	1	47	0	0
11	76669311	.	A	G	6	2	8	0	2	10	0	0
11	77184906	.	T	A	1	3	4	3	0	7	0	0
11	77185313	.	C	T	8	2	10	268	1	279	0	0
11	77426880	.	T	C	52	12	64	0	1	65	0	0
11	78184535	.	A	G	6	3	9	0	0	9	0	0
11	78186027	.	A	G	9	5	14	0	0	14	0	0
11	78186044	.	A	G	5	7	12	0	0	12	0	0
11	78187480	.	A	G	2	6	8	0	0	8	0	0
11	78736472	.	A	G	2	4	6	0	0	6	0	0
11	78736658	.	A	G	12	3	15	0	1	16	0	0
11	80143398	.	A	G	2	2	4	0	0	4	0	0
11	80712706	.	A	C	5	2	7	0	4	11	0	0
11	86521574	.	T	C	2	3	5	2	0	7	0	0
11	87013245	.	A	G	14	3	17	0	0	17	0	0
11	87014103	.	A	G	8	2	10	0	1	11	0	0
11	88083921	.	T	C	8	3	11	0	1	12	0	0
11	88927208	.	T	C	10	17	27	0	0	27	0	0
11	94431300	.	T	C	11	2	13	0	0	13	0	0
11	94431318	.	T	C	12	5	17	0	0	17	0	0
11	94432839	.	T	C	8	5	13	0	0	13	0	0
11	94432859	.	T	C	15	3	18	0	0	18	0	0
11	95962333	.	T	C	11	3	14	0	0	14	0	0
11	95962488	.	T	C	3	5	8	0	0	8	0	0
11	97535375	.	T	C	20	5	25	0	0	25	0	0
11	97535690	.	T	C	14	4	18	0	2	20	0	0
11	98787088	.	T	C	14	3	17	0	3	20	0	0
11	100488792	.	T	C	12	7	19	0	0	19	0	0
11	101080710	.	A	C	13	6	19	0	1	20	0	0
11	101080714	.	G	C	14	3	17	0	10	27	0	0
11	101089557	.	T	C	23	6	29	0	1	30	0	0
11	101089729	.	T	C	20	7	27	0	1	28	0	0
11	101089734	.	T	C	20	6	26	0	0	26	0	0
11	101089802	.	T	C	14	9	23	0	0	23	0	0
11	101182804	.	T	C	1	3	4	0	0	4	0	0
11	101467457	.	A	G	9	2	11	0	0	11	0	0
11	102366758	.	T	C	3	1	4	0	1	5	0	0
11	107578199	.	G	A	12	5	17	0	3	20	0	0
11	109148227	.	T	C	7	5	12	0	0	12	0	0
11	109148241	.	T	C	4	8	12	0	0	12	0	0
11	113667267	.	C	T	6	2	8	0	0	8	0	0
11	115297595	.	A	G	3	3	6	0	0	6	0	0
11	115692186	.	T	G	9	2	11	0	3	14	0	0
11	116013600	.	T	C	10	2	12	0	0	12	0	0
11	116013650	.	T	C	2	5	7	0	0	7	0	0
11	116013655	.	T	C	5	2	7	0	0	7	0	0
11	116303813	.	T	C	10	3	13	0	1	14	0	0
11	116364775	.	T	C	10	4	14	0	1	15	0	0
11	116364776	.	T	C	11	4	15	0	0	15	0	0
11	116471963	.	T	C	21	62	83	0	1	84	0	0
11	119037626	.	T	C	32	5	37	0	1	38	0	0
11	119236475	.	A	G	8	2	10	0	0	10	0	0
12	3454168	.	A	G	57	9	66	10	3	79	0	0
12	3454248	.	A	G	24	36	60	10	6	76	0	0
12	3454647	.	A	G	43	51	94	5	8	107	0	0
12	3454648	.	A	G	77	22	99	5	2	106	0	0
12	4796944	.	T	C	5	3	8	0	0	8	0	0
12	5008191	.	T	C	8	2	10	0	0	10	0	0
12	8547666	.	A	T	1	5	6	0	0	6	0	0
12	15778716	.	C	A	2	2	4	0	0	4	0	0
12	15866184	.	G	A	12	2	14	0	0	14	0	0
12	17479686	.	A	G	27	5	32	0	1	33	0	0
12	17479809	.	A	G	12	27	39	0	2	41	0	0
12	31979477	.	A	G	5	2	7	0	0	7	0	0
12	52358124	.	A	G	4	2	6	0	0	6	0	0
12	54718540	.	T	C	19	10	29	1	1	31	0	0
12	54719070	.	T	C	24	7	31	0	0	31	0	0
12	54908294	.	C	T	5	1	6	0	2	8	0	0
12	54908299	.	G	T	5	2	7	0	0	7	0	0
12	55102739	.	T	C	2	3	5	0	0	5	0	0
12	64986244	.	A	G	11	3	14	0	0	14	0	0
12	65091280	.	A	G	1	1	2	0	0	2	0	0
12	65091284	.	A	G	1	2	3	0	0	3	0	0
12	65091803	.	A	G	4	3	7	0	0	7	0	0
12	69244102	.	A	G	24	6	30	0	0	30	0	0
12	69347175	.	A	G	5	2	7	0	0	7	0	0
12	69387769	.	C	T	22	5	27	0	2	29	0	0
12	70948884	.	T	C	17	4	21	0	2	23	0	0
12	71009598	.	A	T	5	2	7	0	3	10	0	0
12	71009599	.	C	T	5	1	6	0	4	10	0	0
12	71041375	.	A	G	37	7	44	0	0	44	0	0
12	71041403	.	A	G	3	33	36	0	0	36	0	0
12	71041410	.	A	G	34	7	41	0	0	41	0	0
12	71893432	.	C	G	2	2	4	0	0	4	0	0
12	72955837	.	T	C	6	6	12	0	1	13	0	0
12	72955848	.	T	C	2	8	10	0	0	10	0	0
12	73975614	.	A	G	3	5	8	0	0	8	0	0
12	75677928	.	A	G	2	3	5	3	1	9	0	0
12	75678010	.	C	T	4	2	6	2	1	9	0	0
12	78887986	.	T	C	8	2	10	0	0	10	0	0
12	80546061	.	A	G	2	2	4	0	0	4	0	0
12	80769426	.	A	G	1	6	7	0	0	7	0	0
12	80770523	.	A	G	1	3	4	0	0	4	0	0
12	80770526	.	A	G	2	2	4	0	0	4	0	0
12	81233127	.	G	A	8	2	10	0	0	10	0	0
12	85281423	.	T	C	8	2	10	0	0	10	0	0
12	91605436	.	T	C	9	3	12	0	0	12	0	0
12	100837974	.	A	G	6	5	11	0	1	12	0	0
12	101887890	.	T	C	25	8	33	0	1	34	0	0
12	108171831	.	C	G	7	5	12	0	1	13	0	0
12	109552521	.	A	G	5	4	9	0	0	9	0	0
12	109689209	.	A	G	2	6	8	0	0	8	0	0
12	109693307	.	A	G	3	2	5	0	0	5	0	0
12	109706996	.	A	G	8	2	10	0	0	10	0	0
12	111507727	.	A	G	16	3	19	0	1	20	0	0
12	113384384	.	A	T	2	2	4	0	1	5	0	0
13	5918220	.	T	C	11	5	16	0	13	29	0	0
13	8901801	.	T	C	14	7	21	2	0	23	0	0
13	9806429	.	T	C	2	2	4	0	0	4	0	0
13	14225628	.	T	C	33	13	46	0	0	46	0	0
13	15989039	.	T	C	3	2	5	0	0	5	0	0
13	17978707	.	T	C	7	3	10	0	0	10	0	0
13	17978854	.	T	C	9	3	12	0	0	12	0	0
13	17978887	.	T	C	8	3	11	0	0	11	0	0
13	17979133	.	T	C	6	7	13	0	0	13	0	0
13	21574092	.	T	C	10	4	14	0	0	14	0	0
13	21574169	.	T	C	9	7	16	0	1	17	0	0
13	21574188	.	T	C	11	3	14	0	0	14	0	0
13	21574225	.	T	C	13	7	20	0	0	20	0	0
13	21576493	.	T	C	7	5	12	0	0	12	0	0
13	21576576	.	T	C	12	4	16	0	0	16	0	0
13	24998572	.	A	G	1	2	3	0	0	3	0	0
13	24999535	.	A	G	3	4	7	0	0	7	0	0
13	43555817	.	T	C	4	2	6	0	0	6	0	0
13	49685058	.	A	G	4	4	8	0	0	8	0	0
13	51305477	.	A	T	6	3	9	23	23	56	1	0
13	55706627	.	T	C	8	2	10	0	0	10	0	0
13	55706659	.	T	C	4	2	6	0	0	6	0	0
13	59757011	.	A	G	1	5	6	0	1	7	0	0
13	63448369	.	A	G	3	2	5	0	0	5	0	0
13	63448526	.	A	G	5	3	8	0	0	8	0	0
13	64437994	.	T	C	17	6	23	0	0	23	0	0
13	64438124	.	T	C	10	5	15	0	1	16	0	0
13	67621149	.	G	T	5	3	8	1	0	9	0	0
13	67621150	.	G	T	5	2	7	1	1	9	0	0
13	67621265	.	T	C	4	4	8	0	1	9	0	0
13	67621271	.	T	C	8	2	10	0	0	10	0	0
13	67621455	.	T	C	3	3	6	0	0	6	0	0
13	67621546	.	T	C	10	3	13	0	1	14	0	0
13	67806932	.	T	C	10	2	12	0	0	12	0	0
13	67806962	.	T	C	4	4	8	0	0	8	0	0
13	74508407	.	A	G	12	2	14	0	1	15	0	0
13	75793143	.	C	T	6	1	7	47	2	56	0	0
13	75793153	.	A	C	5	1	6	56	2	65	1	0
13	80309695	.	A	C	0	2	2	1	2	5	0	0
13	84421758	.	A	G	4	2	6	0	0	6	0	0
13	89838828	.	A	G	6	2	8	0	0	8	0	0
13	91862880	.	C	T	1	2	3	0	0	3	0	0
13	100839340	.	T	C	14	8	22	0	0	22	0	0
13	100839361	.	T	C	21	5	26	0	1	27	0	0
13	103877757	.	C	A	8	2	10	0	0	10	0	0
13	107085395	.	G	A	9	2	11	0	0	11	0	0
13	107861323	.	C	T	7	4	11	0	7	18	0	0
13	108026506	.	G	A	1	1	2	0	0	2	0	0
13	118515925	.	T	C	2	3	5	0	0	5	0	0
13	119625401	.	G	T	25	15	40	0	0	40	0	0
14	4188227	.	T	C	17	4	21	0	0	21	0	0
14	10058181	.	A	G	165	41	206	0	4	210	0	0
14	14533725	.	T	C	5	22	27	0	1	28	0	0
14	14533732	.	T	C	31	5	36	0	0	36	0	0
14	20517408	.	T	C	7	6	13	0	1	14	0	0
14	20692036	.	A	G	2	3	5	0	0	5	0	0
14	20692045	.	A	G	2	1	3	0	1	4	0	0
14	20692853	.	A	G	6	2	8	0	0	8	0	0
14	20692863	.	A	G	1	5	6	0	0	6	0	0
14	21846832	.	A	G	12	47	59	0	4	64	1	0
14	21846833	.	A	G	56	8	64	0	2	66	0	0
14	21847779	.	A	G	86	25	111	0	6	118	1	0
14	24534000	.	T	C	2	2	4	0	0	4	0	0
14	25979737	.	A	G	1	2	3	0	0	3	0	0
14	26382360	.	T	C	6	3	9	0	0	9	0	0
14	29788078	.	T	C	28	7	35	0	0	35	0	0
14	30698042	.	A	G	2	2	4	0	0	4	0	0
14	30698898	.	A	G	3	2	5	0	0	5	0	0
14	31422583	.	T	C	36	11	47	0	1	48	0	0
14	31422619	.	T	C	28	19	47	0	1	48	0	0
14	31423408	.	T	C	58	11	69	0	0	69	0	0
14	32018582	.	A	G	25	12	37	0	3	41	1	0
14	34326863	.	T	C	4	2	6	0	0	6	0	0
14	45372232	.	T	C	12	3	15	0	0	15	0	0
14	46321627	.	A	G	9	2	11	1535	0	1546	0	0
14	47558234	.	A	G	6	5	11	7	1	19	0	0
14	51013458	.	T	C	13	5	18	0	1	19	0	0
14	51109987	.	A	G	6	2	8	0	0	8	0	0
14	52243661	.	A	C	3	5	8	0	6	14	0	0
14	52243667	.	A	C	7	2	9	0	7	16	0	0
14	52531686	.	A	G	23	74	97	0	1	98	0	0
14	55317863	.	T	C	7	2	9	0	1	10	0	0
14	55749057	.	A	G	22	5	27	0	3	30	0	0
14	55835688	.	T	C	4	2	6	0	0	6	0	0
14	65434640	.	T	C	39	28	67	0	0	67	0	0
14	66208578	.	T	C	7	3	10	0	8	18	0	0
14	67978970	.	C	T	8	5	13	0	2	15	0	0
14	75957159	.	T	C	31	7	38	0	2	40	0	0
14	99491849	.	T	C	3	2	5	0	1	6	0	0
14	103584115	.	T	C	31	12	43	0	4	47	0	0
14	105831918	.	A	G	2	2	4	0	0	4	0	0
14	121273016	.	A	G	6	10	16	0	0	16	0	0
14	122359651	.	T	C	1	1	2	0	3	5	0	0
14	122359653	.	T	C	3	0	3	0	2	5	0	0
15	8187674	.	A	G	7	8	15	0	0	15	0	0
15	8188973	.	A	G	4	5	9	0	3	12	0	0
15	25005281	.	T	C	4	2	6	0	0	6	0	0
15	36235254	.	T	C	9	2	11	0	0	11	0	0
15	44297008	.	G	T	7	2	9	0	0	9	0	0
15	44297022	.	A	C	7	2	9	0	0	9	0	0
15	55118692	.	A	G	10	6	16	0	0	16	0	0
15	55118968	.	A	G	11	4	15	0	0	15	0	0
15	57939702	.	T	C	11	2	13	0	0	13	0	0
15	66158075	.	T	C	9	9	18	0	0	18	0	0
15	71666554	.	G	C	13	2	15	26	1	42	0	0
15	78900113	.	T	C	11	4	15	0	0	15	0	0
15	79495774	.	T	C	1	3	4	0	0	4	0	0
15	79496070	.	T	C	3	2	5	0	0	5	0	0
15	80816550	.	A	G	12	4	16	0	0	16	0	0
15	81338283	.	A	G	6	3	9	0	0	9	0	0
15	81791419	.	A	G	5	3	8	0	0	8	0	0
15	81799307	.	G	A	22	8	30	0	8	38	0	0
15	81831394	.	A	G	2	2	4	0	0	4	0	0
15	81831458	.	A	G	1	3	4	0	0	4	0	0
15	81831471	.	A	G	2	2	4	0	0	4	0	0
15	81831739	.	A	G	1	2	3	0	0	3	0	0
15	82017128	.	A	G	4	2	6	0	0	6	0	0
15	83542390	.	T	C	2	2	4	0	0	4	0	0
15	84836962	.	T	C	10	8	18	0	0	18	0	0
15	93139837	.	G	A	8	4	12	0	1	13	0	0
15	98634993	.	T	C	23	40	63	0	1	64	0	0
15	98634994	.	T	C	56	9	65	0	1	66	0	0
15	98761570	.	T	G	13	4	17	3	5	25	0	0
15	98932415	.	C	T	1	2	3	207	0	210	0	0
15	98934966	.	T	C	1	3	4	303	0	307	0	0
15	98935332	.	C	T	1	5	6	290	1	297	0	0
15	99142536	.	T	C	93	25	118	30	2	151	1	0
15	99626049	.	A	G	9	2	11	0	0	11	0	0
15	99626051	.	A	G	10	3	13	0	0	13	0	0
15	99626091	.	A	G	7	7	14	0	0	14	0	0
15	99627261	.	A	G	2	4	6	0	0	6	0	0
15	99627262	.	A	G	3	3	6	0	0	6	0	0
15	100115052	.	C	T	16	4	20	0	5	25	0	0
15	100492130	.	T	C	1	2	3	0	0	3	0	0
15	101773984	.	A	G	8	2	10	0	0	10	0	0
15	102445657	.	T	C	1	2	3	0	0	3	0	0
16	3680985	.	T	C	20	11	31	0	2	33	0	0
16	3683212	.	T	C	27	4	31	0	0	31	0	0
16	3907308	.	T	C	2	2	4	0	0	4	0	0
16	4138530	.	T	G	3	2	5	28	0	33	0	0
16	4444280	.	T	C	4	3	7	0	1	8	0	0
16	4604755	.	T	C	3	4	7	0	0	7	0	0
16	4697351	.	T	G	2	0	2	0	5	7	0	0
16	10891391	.	T	C	6	13	19	0	10	29	0	0
16	10933165	.	T	C	2	2	4	0	0	4	0	0
16	10933174	.	T	C	1	3	4	0	0	4	0	0
16	13520445	.	A	G	19	12	31	0	1	32	0	0
16	13650452	.	A	G	9	6	15	0	0	15	0	0
16	13651794	.	G	T	14	2	16	0	1	17	0	0
16	13651795	.	G	T	15	2	17	0	2	19	0	0
16	13767397	.	A	G	12	2	14	0	0	14	0	0
16	13927109	.	T	C	8	3	11	0	8	19	0	0
16	13927112	.	A	C	9	2	11	0	9	20	0	0
16	14026194	.	C	A	3	1	4	0	0	4	0	0
16	16844849	.	A	G	9	3	12	0	1	13	0	0
16	16844860	.	A	G	8	5	13	0	0	13	0	0
16	16844898	.	A	G	10	2	12	0	0	12	0	0
16	16844922	.	A	G	8	3	11	0	0	11	0	0
16	16844952	.	A	G	8	6	14	0	0	14	0	0
16	17321752	.	A	G	23	8	31	0	0	31	0	0
16	17500615	.	T	C	2	2	4	0	0	4	0	0
16	18653678	.	A	G	56	26	82	0	0	82	0	0
16	19942498	.	A	G	49	25	74	0	1	75	0	0
16	20363153	.	A	G	6	3	9	0	1	10	0	0
16	30133727	.	T	G	13	3	16	0	13	29	0	0
16	30330773	.	T	C	14	3	17	0	0	17	0	0
16	31071496	.	C	T	7	2	9	0	0	9	0	0
16	32118696	.	A	G	17	5	22	0	2	24	0	0
16	32119086	.	A	G	13	7	20	1	0	21	0	0
16	32119106	.	A	G	26	13	39	0	0	39	0	0
16	32119150	.	A	G	32	11	43	0	0	43	0	0
16	32209076	.	C	T	10	5	15	0	1	16	0	0
16	35680830	.	A	G	4	2	6	0	0	6	0	0
16	38319163	.	G	A	1	4	5	0	2	7	0	0
16	55638486	.	A	G	6	1	7	0	1	8	0	0
16	55722120	.	T	C	14	5	19	0	0	19	0	0
16	81287278	.	C	T	44	35	79	0	0	79	0	0
16	87230813	.	T	C	7	2	9	0	0	9	0	0
16	87230814	.	T	C	8	2	10	0	0	10	0	0
16	87737431	.	T	C	1	9	10	0	0	10	0	0
16	91287619	.	A	G	1	3	4	0	0	4	0	0
16	91452977	.	A	G	89	76	165	0	2	167	0	0
16	91453021	.	A	G	100	23	123	0	5	128	0	0
16	97658408	.	T	C	4	3	7	0	0	7	0	0
16	97832881	.	G	A	12	2	14	0	0	14	0	0
17	5045782	.	T	C	6	2	8	0	0	8	0	0
17	6172883	.	A	G	6	3	9	0	0	9	0	0
17	6172906	.	A	G	8	2	10	0	0	10	0	0
17	6172929	.	A	G	9	3	12	0	0	12	0	0
17	6173291	.	A	G	9	2	11	0	0	11	0	0
17	17566113	.	A	G	3	2	5	45	1	51	0	0
17	18050493	.	A	G	7	2	9	0	1	10	0	0
17	18050496	.	A	G	4	6	10	0	0	10	0	0
17	24395416	.	T	C	56	11	67	0	0	67	0	0
17	24395428	.	T	C	75	17	92	0	2	94	0	0
17	24395462	.	T	C	112	24	136	0	3	139	0	0
17	24395463	.	T	C	108	31	139	0	3	142	0	0
17	24396788	.	T	C	90	16	106	0	1	107	0	0
17	24397285	.	T	C	29	18	47	0	0	47	0	0
17	24397327	.	T	C	14	16	30	0	1	31	0	0
17	24635786	.	A	G	15	4	19	0	0	19	0	0
17	24643100	.	A	G	2	2	4	0	0	4	0	0
17	24941037	.	A	T	3	2	5	0	0	5	0	0
17	27422899	.	C	G	9	2	11	0	0	11	0	0
17	29919416	.	A	G	1	2	3	0	0	3	0	0
17	30811212	.	A	G	13	2	15	0	0	15	0	0
17	31333483	.	C	T	8	13	21	0	7	28	0	0
17	31335753	.	A	C	2	2	4	0	0	4	0	0
17	31335759	.	A	C	1	2	3	0	0	3	0	0
17	32990205	.	C	T	19	6	25	0	5	30	0	0
17	33015107	.	T	C	7	10	17	0	0	17	0	0
17	33015482	.	T	C	16	5	21	0	0	21	0	0
17	33038156	.	T	C	20	16	36	0	1	37	0	0
17	33550701	.	T	C	10	3	13	0	0	13	0	0
17	33550719	.	T	C	16	5	21	0	0	21	0	0
17	33552004	.	T	C	11	4	15	0	1	16	0	0
17	33554149	.	A	G	19	3	22	0	0	22	0	0
17	33906273	.	T	C	8	10	18	0	0	18	0	0
17	34147531	.	A	G	23	10	33	0	1	34	0	0
17	34787180	.	T	C	6	2	8	0	0	8	0	0
17	35133024	.	T	A	1	3	4	0	0	4	0	0
17	36168626	.	A	G	5	3	8	0	0	8	0	0
17	36279939	.	T	C	4	3	7	0	0	7	0	0
17	36580955	.	T	C	7	3	10	0	0	10	0	0
17	40158498	.	T	C	3663	4686	8349	2	162	8901	388	0
17	40159543	.	T	C	50	326	376	0	6	382	0	0
17	45973875	.	T	C	37	109	146	0	16	162	0	0
17	46765496	.	G	A	6	8	14	0	7	21	0	0
17	46810304	.	A	G	2	3	5	0	0	5	0	0
17	47085856	.	T	C	27	16	43	0	3	46	0	0
17	47085857	.	T	C	28	16	44	0	1	45	0	0
17	52166231	.	A	G	2	6	8	0	1	9	0	0
17	56586507	.	A	T	6	1	7	0	2	9	0	0
17	56901870	.	A	G	9	2	11	0	1	12	0	0
17	66424296	.	G	C	15	2	17	0	3	20	0	0
17	66424299	.	T	C	14	1	15	0	2	17	0	0
17	79158788	.	T	C	5	2	7	2	0	9	0	0
17	88797008	.	G	T	12	2	14	0	0	14	0	0
17	88797009	.	C	T	11	2	13	0	1	14	0	0
17	95064364	.	T	C	9	2	11	0	0	11	0	0
17	95067396	.	T	C	17	12	29	0	0	29	0	0
17	95067479	.	T	C	20	22	42	1	1	44	0	0
17	95123375	.	T	C	4	1	5	0	2	7	0	0
18	4198498	.	C	T	2	2	4	23	0	27	0	0
18	4198657	.	T	C	1	2	3	50	0	53	0	0
18	6792650	.	A	G	36	7	43	0	0	43	0	0
18	6793749	.	A	G	20	6	26	0	0	26	0	0
18	6793851	.	A	G	30	5	35	0	2	37	0	0
18	16941579	.	T	C	2	2	4	0	0	4	0	0
18	16941584	.	T	C	3	2	5	0	0	5	0	0
18	24093994	.	A	G	15	3	18	0	0	18	0	0
18	24097917	.	A	G	9	2	11	0	0	11	0	0
18	24097953	.	A	G	6	4	10	0	0	10	0	0
18	31845650	.	C	T	2	1	3	0	1	4	0	0
18	32235595	.	A	G	10	14	24	0	1	25	0	0
18	32235614	.	A	G	15	5	20	0	1	21	0	0
18	32235678	.	A	G	5	2	7	0	0	7	0	0
18	32235928	.	A	G	8	2	10	0	0	10	0	0
18	32235930	.	A	G	5	4	9	0	0	9	0	0
18	32235964	.	A	G	11	2	13	0	1	14	0	0
18	32561134	.	A	G	61	15	76	0	2	78	0	0
18	34998034	.	G	A	8	4	12	0	1	13	0	0
18	35036901	.	A	C	1	1	2	0	3	5	0	0
18	35036906	.	A	C	2	3	5	0	0	5	0	0
18	35696063	.	A	C	6	3	9	0	2	11	0	0
18	35741351	.	A	G	18	4	22	0	1	23	0	0
18	35743341	.	A	G	10	2	12	0	0	12	0	0
18	35807413	.	T	C	78	15	93	0	1	94	0	0
18	35935443	.	A	G	6	2	8	0	0	8	0	0
18	37133393	.	G	A	5	2	7	0	0	7	0	0
18	37974922	.	T	A	3	4	7	0	1	8	0	0
18	37974923	.	G	A	3	3	6	0	2	8	0	0
18	38437159	.	A	G	4	3	7	0	0	7	0	0
18	38596801	.	A	G	1	5	6	0	0	6	0	0
18	40338588	.	C	T	19	2	21	0	1	22	0	0
18	43664588	.	G	T	29	1	30	0	0	30	0	0
18	46868794	.	A	T	4	1	5	0	0	5	0	0
18	59543586	.	A	T	5	4	9	0	0	9	0	0
18	62313667	.	A	G	2	2	4	0	0	4	0	0
18	63113609	.	T	C	3	1	4	0	1	5	0	0
18	64590007	.	T	C	5	1	6	0	0	6	0	0
18	65610148	.	A	G	1	4	5	0	0	5	0	0
18	70701726	.	G	C	4	1	5	0	0	5	0	0
18	70701727	.	T	C	4	1	5	0	0	5	0	0
18	77062550	.	A	G	14	10	24	0	0	24	0	0
18	88888235	.	C	T	5	2	7	1	0	8	0	0
18	90610379	.	A	T	10	3	13	0	0	13	0	0
18	90610380	.	A	G	9	3	12	0	0	12	0	0
19	3916385	.	A	G	14	8	22	0	0	22	0	0
19	3916452	.	A	G	19	3	22	0	0	22	0	0
19	3917362	.	A	G	12	4	16	0	0	16	0	0
19	3940126	.	A	G	1	3	4	0	0	4	0	0
19	4316340	.	C	T	4	14	18	0	1	19	0	0
19	4316875	.	T	C	3	2	5	0	0	5	0	0
19	4368397	.	A	G	10	2	12	0	8	20	0	0
19	4811045	.	T	C	12	2	14	0	0	14	0	0
19	4811061	.	T	C	7	3	10	0	0	10	0	0
19	4813117	.	T	C	6	5	11	0	0	11	0	0
19	4813159	.	T	C	3	5	8	0	0	8	0	0
19	4813227	.	T	C	3	4	7	0	1	8	0	0
19	4937728	.	T	C	30	7	37	0	1	38	0	0
19	5015429	.	A	G	2	2	4	0	0	4	0	0
19	6187669	.	A	C	69	92	161	0	3	164	0	0
19	6392304	.	A	T	33	42	75	0	2	77	0	0
19	6393794	.	T	C	4	2	6	0	0	6	0	0
19	6895771	.	T	C	10	2	12	0	0	12	0	0
19	6895783	.	T	C	7	6	13	0	0	13	0	0
19	7176321	.	G	A	28	55	83	3	51	137	0	0
19	7254111	.	C	T	25	11	36	0	12	48	0	0
19	7402857	.	A	C	16	3	19	0	9	28	0	0
19	7515480	.	A	G	23	14	37	0	0	37	0	0
19	7516422	.	A	C	5	2	7	0	1	8	0	0
19	7516427	.	A	C	6	2	8	0	0	8	0	0
19	8660724	.	A	G	25	4	29	0	0	29	0	0
19	8900133	.	A	G	7	2	9	0	0	9	0	0
19	8900203	.	A	G	5	3	8	0	0	8	0	0
19	10223060	.	T	C	48	62	110	0	0	110	0	0
19	10566002	.	A	G	14	3	17	0	0	17	0	0
19	10773728	.	G	A	3	2	5	1	0	6	0	0
19	10920199	.	A	G	8	3	11	0	3	14	0	0
19	17537892	.	C	T	2	2	4	0	1	5	0	0
19	25773377	.	T	G	1	1	2	1	1	4	0	0
19	28997203	.	A	G	28	4	32	0	0	32	0	0
19	34571000	.	A	G	8	3	11	0	0	11	0	0
19	40729466	.	A	G	6	2	8	0	0	8	0	0
19	41818939	.	A	G	12	2	14	0	0	14	0	0
19	43429365	.	A	G	18	6	24	0	0	24	0	0
19	43429601	.	A	G	29	19	48	0	0	48	0	0
19	43429753	.	A	G	39	8	47	0	0	47	0	0
19	43721236	.	T	C	6	2	8	0	0	8	0	0
19	44130353	.	T	C	14	2	16	0	0	16	0	0
19	44130371	.	T	C	8	6	14	0	0	14	0	0
19	44971716	.	G	A	7	2	9	0	4	13	0	0
19	44993669	.	T	C	38	11	49	0	1	50	0	0
19	44993727	.	T	C	49	10	59	0	1	60	0	0
19	46269407	.	A	G	4	2	6	0	0	6	0	0
19	46584763	.	A	G	7	3	10	0	0	10	0	0
19	47030976	.	C	T	7	2	9	0	0	9	0	0
19	56712563	.	G	C	10	6	16	0	4	21	1	0
2	3292514	.	A	G	1	2	3	0	0	3	0	0
2	3497107	.	T	C	1	2	3	0	0	3	0	0
2	5902367	.	T	C	1	2	3	0	0	3	0	0
2	11425854	.	C	T	1	5	6	0	0	6	0	0
2	14153492	.	A	G	5	19	24	0	0	24	0	0
2	14153493	.	A	G	7	17	24	0	0	24	0	0
2	14153560	.	A	G	6	9	15	0	0	15	0	0
2	14153568	.	A	G	5	10	15	0	1	16	0	0
2	18219472	.	T	C	4	5	9	0	0	9	0	0
2	18220170	.	T	C	5	3	8	0	0	8	0	0
2	18220174	.	T	C	9	2	11	0	0	11	0	0
2	25597684	.	T	A	9	2	11	0	1	12	0	0
2	25597686	.	C	A	9	2	11	0	1	12	0	0
2	26271752	.	A	G	5	3	8	0	0	8	0	0
2	26800818	.	C	T	9	2	11	0	0	11	0	0
2	26909773	.	G	C	32	9	41	3	0	44	0	0
2	27153718	.	T	C	8	3	11	0	1	12	0	0
2	30921679	.	G	A	9	6	15	0	1	16	0	0
2	32175405	.	T	C	6	2	8	0	0	8	0	0
2	32506294	.	A	G	1	2	3	0	0	3	0	0
2	32899244	.	T	C	4	3	7	0	0	7	0	0
2	32911421	.	T	C	2	3	5	0	0	5	0	0
2	38130342	.	T	C	1	2	3	0	0	3	0	0
2	38130375	.	T	C	1	2	3	0	0	3	0	0
2	38614155	.	T	C	9	2	11	0	1	12	0	0
2	40445910	.	G	T	1	6	7	3	1	11	0	0
2	40446129	.	C	G	0	4	4	4	1	9	0	0
2	55327073	.	A	C	30	7	37	0	3	40	0	0
2	59682853	.	G	T	3	2	5	0	1	6	0	0
2	59682854	.	G	T	3	3	6	0	0	6	0	0
2	68940227	.	A	C	15	3	18	0	8	26	0	0
2	68940233	.	A	C	11	8	19	0	5	24	0	0
2	77012350	.	A	C	16	3	19	0	2	21	0	0
2	77012356	.	A	C	13	3	16	0	3	19	0	0
2	80461965	.	A	T	6	2	8	0	1	9	0	0
2	91043632	.	A	G	52	13	65	0	0	65	0	0
2	91044399	.	A	G	24	4	28	0	0	28	0	0
2	91064732	.	T	C	11	8	19	0	0	20	1	0
2	91064743	.	T	C	6	15	21	0	0	21	0	0
2	91551492	.	A	G	4	2	6	0	0	6	0	0
2	92445495	.	C	A	38	7	45	0	13	58	0	0
2	104511101	.	T	C	33	7	40	0	0	40	0	0
2	104511430	.	T	C	29	6	35	0	0	35	0	0
2	112185846	.	A	G	4	4	8	0	1	9	0	0
2	112185852	.	A	G	6	4	10	0	0	10	0	0
2	112186208	.	A	G	9	2	11	0	0	11	0	0
2	118700340	.	A	G	13	7	20	0	1	21	0	0
2	118700712	.	A	G	9	4	13	0	0	13	0	0
2	118700746	.	A	G	4	3	7	0	1	8	0	0
2	119348373	.	T	C	1	2	3	0	0	3	0	0
2	121015462	.	A	G	4	3	7	0	0	7	0	0
2	121223416	.	T	C	3	2	5	0	0	5	0	0
2	121374783	.	A	G	2	3	5	0	0	5	0	0
2	121374790	.	A	G	2	3	5	0	0	5	0	0
2	121393276	.	C	T	2	1	3	0	1	4	0	0
2	126733384	.	T	C	13	3	16	0	1	17	0	0
2	126733408	.	T	C	15	4	19	1	0	20	0	0
2	126734836	.	T	C	26	9	35	0	2	37	0	0
2	126756857	.	T	C	3	6	9	0	0	9	0	0
2	126758102	.	T	C	2	2	4	0	0	4	0	0
2	130396840	.	A	G	3	10	13	0	0	13	0	0
2	130396859	.	A	G	11	5	16	0	1	17	0	0
2	130396876	.	A	G	9	4	13	0	1	14	0	0
2	130410093	.	A	G	4	3	7	0	0	7	0	0
2	130715901	.	T	C	5	3	8	0	0	8	0	0
2	131130525	.	A	G	6	2	8	0	0	8	0	0
2	132151800	.	A	G	64	377	441	0	3	444	0	0
2	132636996	.	C	A	2	4	6	0	1	7	0	0
2	132708129	.	A	T	11	5	16	0	3	19	0	0
2	132708131	.	G	T	13	5	18	0	4	22	0	0
2	150082344	.	T	C	5	2	7	0	0	7	0	0
2	152114942	.	A	G	5	9	14	0	1	15	0	0
2	152114977	.	A	G	4	2	6	0	0	6	0	0
2	153051040	.	C	A	2	5	7	0	24	39	8	0
2	153108492	.	A	G	13	3	16	0	0	16	0	0
2	153460309	.	T	C	5	5	10	0	0	10	0	0
2	153460310	.	T	C	8	2	10	0	0	10	0	0
2	153668355	.	G	A	1	2	3	77	0	80	0	0
2	154396392	.	T	C	10	2	12	0	0	12	0	0
2	155344915	.	T	A	12	2	14	0	1	15	0	0
2	155965578	.	A	T	5	2	7	0	0	7	0	0
2	157400060	.	T	C	92	15	107	0	2	109	0	0
2	157400069	.	T	C	87	23	110	0	0	110	0	0
2	158219426	.	A	G	12	3	15	0	0	15	0	0
2	158220838	.	A	G	21	9	30	0	2	32	0	0
2	158220844	.	A	G	27	4	31	0	2	33	0	0
2	158226873	.	A	G	139	503	642	0	32	674	0	0
2	163309459	.	T	C	12	9	21	0	0	21	0	0
2	163310345	.	T	C	20	3	23	0	0	23	0	0
2	164635687	.	T	C	7	2	9	0	0	9	0	0
2	164953669	.	T	C	44	9	53	0	2	55	0	0
2	164953773	.	T	C	38	12	50	0	3	53	0	0
2	167293074	.	T	G	6	1	7	0	0	7	0	0
2	168055395	.	T	C	1	2	3	0	0	3	0	0
2	169913360	.	A	G	6	2	8	0	0	8	0	0
2	169913421	.	A	G	3	7	10	0	1	11	0	0
2	169961362	.	A	G	4	2	6	0	0	6	0	0
2	173068593	.	G	A	12	6	18	0	2	20	0	0
2	174169694	.	A	G	81	15	96	1	3	100	0	0
2	177977784	.	C	A	43	9	52	0	14	66	0	0
2	180142792	.	A	G	10	2	12	0	0	12	0	0
2	180882583	.	C	A	2	1	3	0	0	3	0	0
2	181229344	.	T	C	3	2	5	0	0	5	0	0
3	19278361	.	T	C	11	3	14	0	0	14	0	0
3	19279149	.	T	C	11	2	13	0	0	13	0	0
3	32519249	.	G	A	20	15	35	2	2	39	0	0
3	34732325	.	A	G	2	2	4	0	0	4	0	0
3	40747624	.	A	G	40	16	56	0	0	56	0	0
3	40747629	.	A	G	31	27	58	0	0	58	0	0
3	40822792	.	C	T	3	1	4	3	1	8	0	0
3	41696518	.	A	G	9	2	11	0	0	11	0	0
3	45389662	.	C	T	4	3	7	0	1	8	0	0
3	45389665	.	C	T	4	3	7	0	1	8	0	0
3	53563136	.	C	T	1	2	3	0	0	3	0	0
3	54707997	.	A	G	12	2	14	0	0	14	0	0
3	57551841	.	T	C	1	2	3	0	0	3	0	0
3	57551908	.	T	C	1	5	6	0	1	7	0	0
3	65866372	.	A	G	4	3	7	0	0	7	0	0
3	67385175	.	A	G	5	2	7	0	0	7	0	0
3	67385195	.	A	G	3	2	5	0	0	5	0	0
3	78825331	.	C	T	0	2	2	0	2	4	0	0
3	80599593	.	T	C	146	278	424	4	3	431	0	0
3	80613850	.	T	C	34	6	40	0	1	41	0	0
3	80614159	.	T	C	13	26	39	0	1	40	0	0
3	80614215	.	T	C	325	180	505	0	8	514	1	0
3	87828978	.	A	G	4	3	7	0	0	7	0	0
3	87828989	.	A	G	2	3	5	0	0	5	0	0
3	88079367	.	G	A	6	4	10	0	3	13	0	0
3	88259488	.	A	G	6	9	15	2	0	17	0	0
3	88259907	.	A	G	3	6	9	0	0	9	0	0
3	89076910	.	A	C	2	3	5	0	0	5	0	0
3	89090052	.	G	A	8	2	10	0	0	10	0	0
3	89967924	.	A	G	1	4	5	0	0	5	0	0
3	94794244	.	T	A	19	5	24	0	0	24	0	0
3	94794245	.	G	A	17	4	21	0	1	22	0	0
3	95091549	.	T	C	9	2	11	0	0	11	0	0
3	95547135	.	A	G	11	5	16	0	1	17	0	0
3	95566320	.	G	A	6	2	8	0	0	8	0	0
3	96066888	.	A	G	10	2	12	0	0	12	0	0
3	96072502	.	T	C	8	1	9	0	1	10	0	0
3	96539776	.	A	G	3	28	31	0	1	32	0	0
3	97468125	.	A	G	9	2	11	0	0	11	0	0
3	100949079	.	T	G	11	6	17	0	5	22	0	0
3	102973406	.	A	G	41	14	55	0	1	56	0	0
3	104834685	.	A	G	4	6	10	0	0	10	0	0
3	104835351	.	A	G	2	8	10	0	0	10	0	0
3	104835352	.	A	G	4	6	10	0	0	10	0	0
3	104835398	.	A	G	7	2	9	0	0	9	0	0
3	104835413	.	A	G	7	3	10	0	0	10	0	0
3	104835436	.	A	G	10	2	12	0	0	12	0	0
3	110050717	.	C	T	8	3	11	0	3	14	0	0
3	116537733	.	T	C	24	8	32	0	0	32	0	0
3	116537746	.	T	C	24	6	30	0	0	30	0	0
3	121155810	.	G	A	12	2	14	0	0	14	0	0
3	135112631	.	T	C	62	9	71	0	0	71	0	0
3	138264847	.	A	G	15	6	21	0	0	21	0	0
3	146544839	.	C	T	3	1	4	28	1	33	0	0
3	152098972	.	T	A	1	2	3	0	0	3	0	0
3	152166703	.	T	C	11	4	15	0	1	16	0	0
4	6687406	.	G	T	4	2	6	0	2	8	0	0
4	11549972	.	G	T	5	4	9	0	1	10	0	0
4	11549974	.	A	T	5	3	8	0	2	10	0	0
4	13890323	.	G	A	10	2	12	0	2	14	0	0
4	17853635	.	C	T	13	7	20	0	5	25	0	0
4	21834548	.	A	G	21	11	32	1	0	33	0	0
4	21834568	.	A	G	29	11	40	4	0	44	0	0
4	21834791	.	A	G	10	6	16	0	1	17	0	0
4	21911309	.	A	G	11	2	13	0	1	14	0	0
4	33019420	.	A	G	90	36	126	0	2	128	0	0
4	33020417	.	A	G	78	74	152	0	3	155	0	0
4	41169380	.	A	G	1	3	4	0	0	4	0	0
4	41169386	.	T	C	1	3	4	0	0	4	0	0
4	43664414	.	A	C	4	3	7	2	0	9	0	0
4	52486916	.	T	C	7	2	9	0	0	9	0	0
4	56870216	.	T	C	13	3	16	0	1	17	0	0
4	56870260	.	T	C	16	4	20	0	0	20	0	0
4	56875801	.	T	C	13	4	17	0	0	17	0	0
4	62371673	.	T	C	3	3	6	0	0	6	0	0
4	94830780	.	C	T	10	3	13	1	2	16	0	0
4	103021791	.	A	C	14	2	16	0	4	20	0	0
4	103021909	.	A	G	26	7	33	0	8	41	0	0
4	108198313	.	A	G	3	9	12	0	1	13	0	0
4	108493720	.	T	C	5	2	7	0	0	7	0	0
4	115991546	.	T	C	12	3	15	0	0	15	0	0
4	116848789	.	A	G	2	1	3	0	1	4	0	0
4	118483276	.	A	G	24	4	28	0	1	29	0	0
4	118483976	.	A	G	29	5	34	0	0	34	0	0
4	118484005	.	A	G	18	26	44	0	0	44	0	0
4	118484020	.	A	G	32	9	41	0	6	48	1	0
4	118484072	.	A	G	26	5	31	0	4	35	0	0
4	119078396	.	T	C	8	2	10	0	0	10	0	0
4	119080668	.	T	C	8	3	11	0	3	14	0	0
4	124838094	.	A	G	10	13	23	0	0	23	0	0
4	125982944	.	A	G	11	7	18	0	0	18	0	0
4	125982989	.	A	G	13	3	16	0	0	16	0	0
4	125985458	.	A	G	8	3	11	0	1	12	0	0
4	126929461	.	G	T	29	8	37	1	4	42	0	0
4	129074254	.	T	C	2	2	4	0	0	4	0	0
4	129107038	.	A	G	3	2	5	0	0	5	0	0
4	131679966	.	T	C	33	7	40	0	0	40	0	0
4	132098285	.	C	T	6	2	8	0	0	8	0	0
4	133389520	.	T	C	5	3	8	0	0	8	0	0
4	134625164	.	A	G	6	2	8	0	1	9	0	0
4	137934374	.	T	A	2	2	4	0	0	4	0	0
4	137987354	.	A	G	75	34	109	0	0	109	0	0
4	140677381	.	A	C	11	4	15	0	6	22	1	0
4	140678893	.	A	G	17	7	24	0	2	26	0	0
4	141488012	.	T	C	40	10	50	0	1	51	0	0
4	144314687	.	A	G	2	2	4	20	1	25	0	0
4	147907821	.	T	C	10	3	13	0	0	13	0	0
4	147909493	.	T	C	1	2	3	0	0	3	0	0
4	149202586	.	A	G	23	8	31	0	1	32	0	0
4	149202654	.	A	G	38	7	45	0	0	45	0	0
4	149203211	.	A	G	21	5	26	0	0	26	0	0
4	149449493	.	T	C	5	2	7	0	0	7	0	0
4	149552635	.	T	C	2	4	6	0	0	6	0	0
4	149552691	.	T	C	4	3	7	0	0	7	0	0
4	155800935	.	A	G	5	5	10	0	0	10	0	0
4	155800937	.	A	G	7	2	9	0	0	9	0	0
4	155800977	.	A	G	7	3	10	0	0	10	0	0
4	156095123	.	A	G	80	42	122	0	0	122	0	0
4	156105007	.	T	C	5	2	7	0	1	8	0	0
4	156105693	.	T	C	3	2	5	0	0	5	0	0
5	4805303	.	G	A	7	3	10	0	0	10	0	0
5	5833142	.	A	G	1	6	7	6	3	16	0	0
5	22733550	.	C	T	3	2	5	2	1	8	0	0
5	22930156	.	A	G	1	2	3	2	0	5	0	0
5	22931055	.	G	C	2	2	4	10	1	15	0	0
5	24649635	.	T	C	28	6	34	0	1	35	0	0
5	25430722	.	A	G	9	8	17	0	0	17	0	0
5	25477416	.	C	T	14	3	17	0	3	20	0	0
5	26212340	.	T	A	1	2	3	0	0	3	0	0
5	30780825	.	G	A	8	0	8	0	3	11	0	0
5	30780828	.	G	A	7	2	9	0	3	12	0	0
5	31026154	.	A	G	4	2	6	0	0	6	0	0
5	31026169	.	A	G	3	2	5	0	0	5	0	0
5	31330824	.	T	C	11	7	18	0	0	18	0	0
5	31330825	.	T	C	14	3	17	0	1	18	0	0
5	33149571	.	A	G	12	5	17	0	0	17	0	0
5	33149943	.	A	G	15	4	19	0	0	19	0	0
5	33572684	.	A	G	7	4	11	0	1	12	0	0
5	33572737	.	A	G	3	2	5	0	0	5	0	0
5	33573900	.	A	G	3	3	6	0	0	6	0	0
5	33575654	.	A	G	9	4	13	0	0	13	0	0
5	33575694	.	A	G	10	2	12	0	0	12	0	0
5	33575711	.	A	G	8	2	10	0	0	10	0	0
5	33575750	.	A	G	7	3	10	0	0	10	0	0
5	33760496	.	T	C	2	2	4	0	0	4	0	0
5	34378554	.	T	C	1	3	4	0	0	4	0	0
5	36157689	.	C	T	5	7	12	0	1	13	0	0
5	36157699	.	C	T	3	4	7	0	3	10	0	0
5	65605388	.	T	C	56	15	71	0	1	72	0	0
5	65605389	.	T	C	32	29	61	0	8	69	0	0
5	65984844	.	T	C	3	2	5	0	0	5	0	0
5	65986911	.	T	C	5	2	7	0	0	7	0	0
5	67500614	.	C	T	12	2	14	0	0	14	0	0
5	67500616	.	C	T	12	2	14	0	1	15	0	0
5	73178551	.	C	T	10	4	14	4	1	19	0	0
5	73469787	.	A	G	72	13	85	0	2	87	0	0
5	77555578	.	T	C	4	14	18	0	0	18	0	0
5	91908983	.	T	C	1	2	3	0	0	3	0	0
5	104652843	.	A	G	28	11	39	0	1	40	0	0
5	104652845	.	A	G	33	8	41	0	0	41	0	0
5	110081429	.	C	T	4	3	7	0	1	8	0	0
5	110081431	.	C	T	4	2	6	0	2	8	0	0
5	115241332	.	T	C	1	1	2	13	1	16	0	0
5	115324174	.	C	G	3	3	6	0	0	6	0	0
5	117911239	.	T	G	5	3	8	0	1	9	0	0
5	118330645	.	A	G	5	5	10	0	8	18	0	0
5	121683511	.	T	C	19	5	24	0	0	24	0	0
5	121943596	.	A	G	2	3	5	1	0	6	0	0
5	121943604	.	A	G	1	4	5	1	0	6	0	0
5	121996812	.	T	G	9	3	12	0	7	19	0	0
5	122546590	.	A	G	11	2	13	0	1	14	0	0
5	123153587	.	A	G	11	2	13	0	0	13	0	0
5	123249382	.	C	T	4	1	5	0	1	6	0	0
5	123386729	.	A	G	23	10	33	0	0	33	0	0
5	123387785	.	A	G	9	2	11	0	0	11	0	0
5	123495010	.	A	G	3	2	5	0	0	5	0	0
5	123879315	.	T	C	4	12	16	0	0	16	0	0
5	123879351	.	T	C	9	4	13	0	0	13	0	0
5	123879362	.	T	C	8	5	13	0	1	14	0	0
5	124142738	.	A	G	12	3	15	0	0	15	0	0
5	124417071	.	T	C	4	3	7	0	0	7	0	0
5	124417079	.	T	C	6	3	9	0	1	10	0	0
5	125533970	.	A	G	41	14	55	0	0	55	0	0
5	125534541	.	A	G	70	35	105	2	3	110	0	0
5	129795789	.	A	G	18	5	23	0	0	23	0	0
5	129795821	.	A	G	6	17	23	0	0	23	0	0
5	129797823	.	A	G	9	20	29	0	1	30	0	0
5	129798517	.	A	G	17	4	21	0	0	21	0	0
5	130162859	.	A	G	2	2	4	0	0	4	0	0
5	130217613	.	C	T	1	2	3	25	0	28	0	0
5	132570854	.	T	A	5	3	8	0	0	8	0	0
5	134621604	.	A	G	8	2	10	0	0	10	0	0
5	135192126	.	A	G	11	2	13	0	0	13	0	0
5	135193588	.	A	G	1	3	4	0	0	4	0	0
5	135437709	.	T	C	24	13	37	0	1	38	0	0
5	135437715	.	T	C	25	9	34	0	0	34	0	0
5	136302928	.	C	T	3	2	5	0	0	5	0	0
5	136302930	.	T	C	4	1	5	0	1	6	0	0
5	136941953	.	A	G	67	31	98	0	1	99	0	0
5	137139227	.	T	C	4	2	6	0	0	6	0	0
5	137525508	.	A	C	11	2	13	0	3	16	0	0
5	137649118	.	C	T	25	3	28	0	6	34	0	0
5	137649121	.	C	T	23	2	25	0	9	34	0	0
5	138142191	.	G	T	3	3	6	0	1	7	0	0
5	140606797	.	C	G	24	11	35	0	3	38	0	0
5	140606802	.	T	G	28	9	37	0	8	45	0	0
5	142655047	.	A	G	109	32	141	0	0	141	0	0
5	142855980	.	T	C	13	4	17	0	0	17	0	0
5	142873223	.	T	C	1	3	4	0	0	4	0	0
5	143751066	.	A	G	17	5	22	0	1	23	0	0
5	143883169	.	A	G	1	5	6	0	0	6	0	0
5	148985213	.	G	A	8	10	18	87	3	108	0	0
5	150561734	.	T	C	17	3	20	0	0	20	0	0
6	29867418	.	G	A	1	2	3	0	1	4	0	0
6	31489168	.	A	G	9	2	11	0	0	11	0	0
6	31492602	.	A	G	8	9	17	0	0	17	0	0
6	31492665	.	A	G	21	4	25	0	0	25	0	0
6	31492682	.	A	G	4	19	23	0	0	23	0	0
6	31492702	.	A	G	18	5	23	0	0	23	0	0
6	32121496	.	C	T	9	4	13	0	0	13	0	0
6	37847782	.	A	G	7	4	11	0	0	11	0	0
6	38528689	.	A	C	14	2	16	0	4	21	1	0
6	38528694	.	T	C	12	2	14	0	1	15	0	0
6	39312088	.	T	C	30	7	37	0	0	37	0	0
6	47279242	.	A	T	11	5	16	1	4	21	0	0
6	47279245	.	C	T	14	2	16	1	8	25	0	0
6	47846393	.	A	G	16	7	23	0	0	23	0	0
6	47846415	.	A	G	21	7	28	0	0	28	0	0
6	47848349	.	A	G	14	5	19	0	0	19	0	0
6	47848373	.	A	G	12	5	17	0	0	17	0	0
6	48375235	.	A	G	1	5	6	0	0	6	0	0
6	49231812	.	T	C	14	9	23	0	3	26	0	0
6	49233394	.	T	C	24	4	28	0	0	28	0	0
6	51544923	.	A	G	1	2	3	0	0	3	0	0
6	57664471	.	C	A	13	2	15	0	0	16	1	0
6	62357777	.	G	A	5	2	7	0	1	8	0	0
6	65684467	.	A	G	4	2	6	0	0	6	0	0
6	65687592	.	A	G	3	6	9	0	0	9	0	0
6	66517625	.	A	G	9	6	15	0	0	15	0	0
6	66517635	.	A	G	11	3	14	0	0	14	0	0
6	66517775	.	A	G	8	2	10	0	0	10	0	0
6	72584973	.	T	C	10	4	14	0	1	15	0	0
6	82891382	.	T	G	31	11	42	0	0	42	0	0
6	83396721	.	T	C	1	1	2	0	1	3	0	0
6	83545551	.	T	C	1	2	3	0	0	3	0	0
6	84790053	.	T	G	1	1	2	0	1	3	0	0
6	86391922	.	A	G	2	5	7	0	0	7	0	0
6	86393034	.	A	G	4	3	7	0	0	7	0	0
6	96010183	.	T	C	2	2	4	3	0	7	0	0
6	113317449	.	C	T	3	2	5	0	0	5	0	0
6	113587698	.	A	G	5	2	7	0	0	7	0	0
6	117694645	.	G	T	1	2	3	9	0	12	0	0
6	122715481	.	T	C	6	3	9	0	0	9	0	0
6	122715556	.	T	C	2	5	7	0	0	7	0	0
6	124716624	.	T	C	6	3	9	0	1	10	0	0
6	124716628	.	T	C	7	4	11	0	0	11	0	0
6	124717256	.	T	C	3	3	6	0	0	6	0	0
6	124717265	.	T	C	3	6	9	0	0	9	0	0
6	125217465	.	A	G	1	2	3	0	0	3	0	0
6	126619121	.	T	C	70	36	106	0	4	110	0	0
6	127259183	.	T	C	1	4	5	1	1	7	0	0
6	128318896	.	T	C	1	2	3	0	0	3	0	0
6	128517235	.	C	T	10	2	12	0	7	19	0	0
6	128517243	.	C	T	11	0	11	0	7	18	0	0
6	136817102	.	T	C	2	2	4	0	0	4	0	0
6	146733920	.	A	G	2	2	4	0	0	4	0	0
6	148791990	.	T	C	1	2	3	0	0	3	0	0
6	149052399	.	T	C	8	2	10	0	0	10	0	0
6	149450096	.	A	G	2	2	4	0	0	4	0	0
7	3463600	.	A	G	132	24	156	2	0	158	0	0
7	4796292	.	A	C	17	6	23	0	6	29	0	0
7	6357880	.	A	G	6	3	9	0	0	9	0	0
7	6357924	.	A	G	7	3	10	0	0	10	0	0
7	6967909	.	A	G	8	2	10	0	0	10	0	0
7	6967925	.	A	G	9	2	11	0	1	12	0	0
7	6967965	.	A	G	6	6	12	0	0	12	0	0
7	6968013	.	A	G	17	9	26	0	0	26	0	0
7	6969451	.	A	G	7	9	16	0	1	17	0	0
7	6969462	.	A	G	13	6	19	0	1	20	0	0
7	6969513	.	A	G	7	16	23	0	1	24	0	0
7	12601882	.	T	C	1	2	3	0	1	4	0	0
7	12706157	.	A	G	9	2	11	0	0	11	0	0
7	16605458	.	T	C	8	3	11	0	0	11	0	0
7	16619450	.	A	G	16	8	24	0	0	24	0	0
7	18767190	.	A	G	2	5	7	0	0	7	0	0
7	18873686	.	T	C	12	4	16	0	0	16	0	0
7	19090178	.	G	A	1	8	9	0	0	9	0	0
7	19240036	.	T	C	11	2	13	0	0	13	0	0
7	23974515	.	C	A	11	4	15	0	0	15	0	0
7	23974961	.	C	T	3	6	9	8	0	17	0	0
7	24710068	.	T	C	111	21	132	0	2	134	0	0
7	24710075	.	T	C	105	28	133	0	4	137	0	0
7	25370927	.	A	G	4	2	6	0	0	6	0	0
7	25370946	.	A	G	1	2	3	0	0	3	0	0
7	26904993	.	A	G	6	11	17	0	0	17	0	0
7	26905060	.	A	G	4	4	8	0	0	8	0	0
7	26905123	.	A	G	12	2	14	0	0	14	0	0
7	27227593	.	T	C	76	21	97	0	0	97	0	0
7	27520956	.	A	G	8	4	12	0	0	12	0	0
7	28023852	.	T	C	2	2	4	0	0	4	0	0
7	28922269	.	T	C	5	2	7	0	0	7	0	0
7	29879560	.	A	G	25	4	29	0	1	30	0	0
7	45032973	.	T	C	4	10	14	0	2	16	0	0
7	45140801	.	T	C	2	6	8	0	0	8	0	0
7	45484581	.	A	G	17	3	20	0	1	21	0	0
7	49205135	.	A	G	3	4	7	0	0	7	0	0
7	49205155	.	A	G	8	2	10	0	0	10	0	0
7	49206073	.	A	G	2	3	5	0	0	5	0	0
7	49206120	.	A	G	6	5	11	0	0	11	0	0
7	55627368	.	T	C	87	16	103	0	2	105	0	0
7	58875215	.	T	C	6	5	11	0	0	11	0	0
7	58883929	.	T	C	2	3	5	0	0	5	0	0
7	58883942	.	T	C	2	2	4	0	0	4	0	0
7	58909819	.	A	G	3	2	5	0	0	5	0	0
7	58972333	.	T	C	3	2	5	0	0	5	0	0
7	58972403	.	T	C	4	2	6	0	0	6	0	0
7	58979420	.	T	C	3	2	5	0	0	6	1	0
7	58979422	.	T	C	4	2	6	0	1	7	0	0
7	58979998	.	T	C	3	2	5	0	0	5	0	0
7	58980002	.	T	C	3	2	5	0	0	5	0	0
7	58980132	.	T	C	3	3	6	0	0	6	0	0
7	70009894	.	C	G	4	1	5	0	0	5	0	0
7	73068209	.	G	C	26	8	34	0	4	38	0	0
7	78994784	.	A	G	2	2	4	0	0	4	0	0
7	81180363	.	A	G	5	3	8	0	0	8	0	0
7	81521958	.	A	G	5	3	8	0	0	8	0	0
7	81522050	.	A	G	4	5	9	0	0	9	0	0
7	83274886	.	T	C	7	3	10	0	0	10	0	0
7	90119242	.	T	C	1	2	3	0	0	3	0	0
7	101730415	.	A	G	3	2	5	0	0	5	0	0
7	105273435	.	A	C	5	2	7	0	0	7	0	0
7	110655309	.	T	C	28	9	37	0	0	37	0	0
7	121306558	.	T	C	21	4	25	0	0	25	0	0
7	123582103	.	A	G	29	7	36	0	0	36	0	0
7	123582301	.	A	G	1	2	3	0	0	3	0	0
7	126390069	.	A	G	2	2	4	0	0	4	0	0
7	126423019	.	G	C	10	9	19	0	4	23	0	0
7	126423022	.	A	C	15	9	24	0	0	24	0	0
7	126853784	.	A	G	58	12	70	0	3	73	0	0
7	127165579	.	A	G	3	3	6	0	0	6	0	0
7	127178234	.	A	G	4	3	7	0	0	7	0	0
7	127263603	.	T	C	9	2	11	0	0	11	0	0
7	127519115	.	A	G	1	3	4	0	0	4	0	0
7	127582891	.	A	G	2	4	6	0	1	7	0	0
7	130360893	.	A	T	8	9	17	0	1	18	0	0
7	131048705	.	A	G	1	3	4	0	0	4	0	0
7	134485419	.	T	G	7	4	11	0	1	12	0	0
7	139685712	.	T	C	14	8	22	0	0	22	0	0
7	139715640	.	A	G	1	5	6	0	1	7	0	0
7	139715688	.	A	G	1	2	3	0	0	3	0	0
7	139715696	.	A	G	1	1	2	0	0	2	0	0
7	140391023	.	T	C	19	12	31	0	0	31	0	0
7	140916604	.	A	G	37	6	43	0	3	46	0	0
7	141503671	.	G	C	19	0	19	1	0	20	0	0
7	142766905	.	T	C	2	2	4	0	0	4	0	0
7	143013730	.	T	G	8	3	11	0	1	12	0	0
8	3589445	.	A	G	9	3	12	0	0	12	0	0
8	14078025	.	T	C	6	2	8	0	1	9	0	0
8	19732474	.	C	A	11	2	13	3	0	16	0	0
8	19737779	.	A	G	5	3	8	17	0	26	1	0
8	19737782	.	C	G	5	4	9	18	0	27	0	0
8	19741629	.	C	T	4	2	6	10	0	16	0	0
8	19747709	.	C	T	3	6	9	11	0	20	0	0
8	19747748	.	C	A	2	4	6	11	0	17	0	0
8	20030726	.	C	A	23	5	28	6	0	34	0	0
8	20030855	.	G	A	13	4	17	9	0	26	0	0
8	20157920	.	G	T	5	2	7	43	1	51	0	0
8	20698008	.	A	T	31	9	40	23	0	63	0	0
8	20727130	.	G	A	28	14	42	5	1	48	0	0
8	20727188	.	A	G	4	5	9	3	0	12	0	0
8	20727193	.	A	G	4	5	9	3	0	12	0	0
8	26306186	.	T	C	11	2	13	0	0	13	0	0
8	26306187	.	T	C	11	2	13	0	0	13	0	0
8	26306319	.	T	C	8	3	11	0	0	11	0	0
8	26629049	.	T	C	5	2	7	14	0	21	0	0
8	27467354	.	G	C	4	4	8	0	0	8	0	0
8	27537168	.	A	G	12	2	14	0	1	15	0	0
8	27537183	.	A	G	9	2	11	0	0	11	0	0
8	27537204	.	A	G	7	2	9	0	0	9	0	0
8	36146569	.	C	A	5	2	7	0	0	7	0	0
8	41370836	.	A	G	20	7	27	1	0	28	0	0
8	42061914	.	T	C	1	3	4	0	1	5	0	0
8	42700188	.	T	C	1	3	4	2	0	6	0	0
8	42700273	.	C	G	4	1	5	5	0	10	0	0
8	42700280	.	T	C	1	3	4	4	0	8	0	0
8	46661434	.	C	G	7	2	9	0	0	9	0	0
8	61848427	.	G	T	10	5	15	0	4	19	0	0
8	69766592	.	A	G	14	6	20	0	1	21	0	0
8	70017218	.	C	G	1	3	4	10	0	15	1	0
8	70028682	.	T	C	5	2	7	7	0	14	0	0
8	70028756	.	G	A	5	5	10	0	0	10	0	0
8	70028770	.	G	A	4	15	19	4	1	24	0	0
8	70037701	.	A	T	1	13	14	0	0	14	0	0
8	70037710	.	A	C	1	12	13	0	0	13	0	0
8	70037749	.	C	T	3	3	6	1	0	7	0	0
8	70967363	.	T	C	2	2	4	0	0	4	0	0
8	70967375	.	T	C	1	2	3	0	0	3	0	0
8	72935941	.	A	G	5	2	7	0	0	7	0	0
8	72935942	.	A	G	3	4	7	0	0	7	0	0
8	72977426	.	A	G	14	31	45	0	0	45	0	0
8	73236518	.	T	C	68	11	79	0	2	81	0	0
8	73419970	.	A	G	10	2	12	0	0	12	0	0
8	84723069	.	T	A	3	4	7	0	0	7	0	0
8	84977909	.	T	C	8	2	10	0	0	10	0	0
8	84982543	.	T	C	6	2	8	0	0	8	0	0
8	84982725	.	T	C	9	2	11	0	1	12	0	0
8	85684127	.	T	C	3	3	6	0	0	6	0	0
8	85684156	.	T	C	7	2	9	0	1	10	0	0
8	85812789	.	A	G	6	3	9	0	0	9	0	0
8	85853600	.	G	A	2	3	5	0	1	6	0	0
8	88898496	.	A	G	18	6	24	0	0	24	0	0
8	94806362	.	T	C	18	4	22	0	0	22	0	0
8	96563176	.	A	C	6	2	8	0	3	11	0	0
8	105323482	.	G	A	2	2	4	0	0	4	0	0
8	107744427	.	A	G	10	2	12	0	0	12	0	0
8	107796546	.	C	T	14	3	17	0	0	17	0	0
8	108144504	.	T	C	1	5	6	0	0	6	0	0
8	110817217	.	A	G	44	15	59	0	2	61	0	0
8	120486932	.	T	C	8	4	12	0	1	13	0	0
8	121821589	.	T	C	4	2	6	0	0	6	0	0
8	121821599	.	T	C	2	4	6	0	1	7	0	0
8	125620613	.	T	C	21	10	31	0	1	32	0	0
8	125620618	.	T	C	16	18	34	0	0	34	0	0
8	125620861	.	T	C	28	16	44	0	0	44	0	0
8	125620923	.	T	C	8	25	33	0	1	34	0	0
8	125620929	.	T	C	17	11	28	0	1	29	0	0
8	126865747	.	A	G	9	2	11	0	1	12	0	0
8	128337335	.	T	A	3	3	6	0	1	7	0	0
9	3387771	.	A	G	16	6	22	0	0	22	0	0
9	7836792	.	T	C	5	2	7	0	0	7	0	0
9	8022080	.	T	C	11	3	14	0	0	14	0	0
9	15821586	.	T	C	5	2	7	0	0	7	0	0
9	20507083	.	A	G	4	2	6	0	0	6	0	0
9	20511950	.	A	G	4	3	7	0	0	7	0	0
9	20512857	.	A	G	4	2	6	0	0	6	0	0
9	20512914	.	A	G	6	4	10	0	1	11	0	0
9	20512920	.	A	G	6	2	8	0	1	9	0	0
9	20513256	.	A	G	8	3	11	0	0	11	0	0
9	20515793	.	A	G	2	2	4	0	0	4	0	0
9	21929086	.	G	T	21	6	27	0	6	33	0	0
9	21929088	.	C	T	20	5	25	0	7	34	2	0
9	21935563	.	T	C	8	2	10	0	0	10	0	0
9	22359610	.	G	T	2	2	4	0	0	4	0	0
9	27260291	.	G	T	1	2	3	0	2	5	0	0
9	40204532	.	A	T	1	1	2	0	1	3	0	0
9	43715978	.	C	T	21	8	29	0	5	34	0	0
9	44204075	.	T	C	11	8	19	0	0	19	0	0
9	44205259	.	G	A	12	6	18	0	4	22	0	0
9	45747294	.	C	T	2	5	7	0	0	7	0	0
9	49415851	.	C	G	13	7	20	0	1	22	1	0
9	51534851	.	T	C	0	2	2	0	1	3	0	0
9	54275803	.	G	T	7	3	10	0	0	10	0	0
9	54275804	.	G	T	8	3	11	0	0	11	0	0
9	56983714	.	T	C	1	2	3	0	5	8	0	0
9	57346644	.	T	A	4	2	6	0	0	6	0	0
9	58063594	.	A	G	5	2	7	0	0	7	0	0
9	58406988	.	C	G	2	2	4	0	0	4	0	0
9	65253476	.	A	G	10	2	12	0	0	12	0	0
9	65253593	.	A	G	10	2	12	0	0	12	0	0
9	65253854	.	A	G	12	2	14	0	0	14	0	0
9	66280460	.	A	G	1	2	3	0	0	3	0	0
9	66280873	.	A	G	3	2	5	0	0	5	0	0
9	67892060	.	C	T	9	5	14	0	2	16	0	0
9	67892066	.	C	T	9	1	10	0	5	15	0	0
9	69923101	.	A	G	7	3	10	0	0	10	0	0
9	70511854	.	A	T	33	5	38	0	2	41	1	0
9	73387872	.	G	T	7	4	11	0	1	12	0	0
9	73387877	.	C	T	7	2	9	0	4	13	0	0
9	89794102	.	T	C	14	3	17	0	7	24	0	0
9	89794108	.	G	C	13	2	15	0	7	22	0	0
9	95938130	.	A	G	26	4	30	0	0	30	0	0
9	95939293	.	A	G	34	7	41	0	0	41	0	0
9	103066042	.	T	C	4	1	5	0	0	5	0	0
9	103066043	.	G	C	3	1	4	0	1	5	0	0
9	106540866	.	C	T	3	2	5	0	0	5	0	0
9	107640487	.	T	C	8	2	10	0	0	10	0	0
9	108178884	.	G	A	9	2	11	0	0	11	0	0
9	108341809	.	T	A	3	2	5	0	0	5	0	0
9	110086210	.	A	G	5	4	9	0	1	10	0	0
9	110086228	.	A	G	1	4	5	0	2	7	0	0
9	113595661	.	G	A	7	2	9	0	0	9	0	0
9	114425843	.	T	C	5	3	8	0	0	8	0	0
9	116403445	.	T	A	7	1	8	0	1	9	0	0
9	122677417	.	T	C	3	2	5	0	0	5	0	0
9	123088121	.	C	T	2	2	4	0	0	4	0	0
9	124034094	.	A	G	36	12	48	0	0	48	0	0
X	7517346	.	C	T	5	3	8	0	0	8	0	0
X	7774376	.	A	G	5	5	10	0	0	10	0	0
X	11946647	.	C	T	5	1	6	0	0	6	0	0
X	37698807	.	A	G	12	4	16	0	0	16	0	0
X	37698808	.	A	G	13	3	16	0	0	16	0	0
X	40743165	.	A	G	7	6	13	0	0	13	0	0
X	55633003	.	T	C	29	10	39	0	0	39	0	0
X	60231705	.	A	G	21	14	35	0	1	36	0	0
X	69388256	.	T	C	69	10	79	0	0	79	0	0
X	71476411	.	A	C	6	1	7	0	4	11	0	0
X	72774914	.	A	G	2	3	5	0	0	5	0	0
X	73270255	.	T	C	24	7	31	0	1	32	0	0
X	73270468	.	T	C	9	23	32	1	2	35	0	0
X	73328787	.	A	G	3	4	7	0	0	7	0	0
X	80866141	.	T	C	1	4	5	9	0	14	0	0
X	87616192	.	T	G	2	4	6	0	0	6	0	0
X	94092763	.	G	C	25	3	28	0	26	54	0	0
X	94092768	.	A	C	45	8	53	0	4	57	0	0
X	102207919	.	A	G	1	2	3	7	0	10	0	0
X	102620090	.	T	C	12	7	19	0	0	19	0	0
X	102620099	.	T	C	11	10	21	0	0	21	0	0
X	102620158	.	T	C	8	11	19	0	1	20	0	0
X	102620159	.	T	C	7	12	19	0	1	20	0	0
X	102623385	.	T	C	15	4	19	0	1	20	0	0
X	102631489	.	T	C	15	3	18	0	0	18	0	0
X	106830700	.	T	C	32	6	38	0	0	38	0	0
X	119071043	.	A	G	1	2	3	0	0	3	0	0
X	133489295	.	T	C	9	5	14	0	1	15	0	0
X	133489310	.	T	C	18	5	23	0	0	23	0	0
X	133489379	.	T	C	5	5	10	0	0	10	0	0
X	133489405	.	T	C	6	5	11	0	0	11	0	0
X	133490062	.	T	C	18	4	22	0	1	23	0	0
X	133490134	.	T	C	6	5	11	0	0	11	0	0
X	135976945	.	T	A	8	2	10	0	1	11	0	0
X	138846154	.	T	C	4	7	11	0	1	12	0	0
X	145978689	.	A	G	37	10	47	0	1	48	0	0
X	149766871	.	T	C	44	17	61	0	6	67	0	0
X	149767614	.	T	C	93	64	157	2	13	172	0	0
X	149768450	.	T	C	163	59	222	0	5	227	0	0
X	158410327	.	C	T	2	2	4	0	0	4	0	0
X	159360986	.	A	G	36	6	42	0	0	42	0	0
X	168769005	.	G	A	3	3	6	6	0	12	0	0
X	168793747	.	T	C	4	3	7	70	0	77	0	0
X	168793753	.	G	C	5	2	7	66	0	73	0	0
Y	1016394	.	A	G	13	32	45	0	3	48	0	0
Y	1049036	.	A	G	2	2	4	0	1	5	0	0
