contig	position	variantID	refAllele	altAllele	refCount	altCount	totalCount	lowMAPQDepth	lowBaseQDepth	rawDepth	otherBases	improperPairs
1	9790935	.	C	T	10	2	12	0	3	15	0	0
1	11667213	.	A	G	51	8	59	0	0	59	0	0
1	11667225	.	A	G	55	13	68	0	1	69	0	0
1	13695233	.	T	C	9	5	14	0	0	14	0	0
1	22031785	.	T	C	5	5	10	0	0	10	0	0
1	24091770	.	T	C	2	2	4	0	0	4	0	0
1	34050895	.	A	C	2	2	4	0	1	5	0	0
1	36547423	.	T	C	7	2	9	0	5	14	0	0
1	36731112	.	T	C	9	1	10	0	2	12	0	0
1	39696041	.	A	G	6	2	8	0	0	8	0	0
1	45896584	.	T	C	2	2	4	2	0	6	0	0
1	51507738	.	T	C	1	3	4	0	0	4	0	0
1	51507771	.	T	C	1	3	4	0	0	4	0	0
1	52246125	.	C	A	6	2	8	0	0	8	0	0
1	55276798	.	G	A	10	2	12	0	0	12	0	0
1	55276800	.	T	C	10	2	12	0	1	13	0	0
1	59756998	.	A	G	15	3	18	0	1	19	0	0
1	59913367	.	A	G	54	27	81	0	2	83	0	0
1	60082044	.	C	T	7	2	9	0	0	9	0	0
1	60517747	.	A	G	54	29	83	0	5	88	0	0
1	60744086	.	G	A	6	2	8	52	1	61	0	0
1	63156443	.	A	G	3	5	8	0	0	8	0	0
1	66711873	.	A	G	102	40	142	0	4	146	0	0
1	75398649	.	A	G	32	8	40	0	3	43	0	0
1	75398708	.	A	G	4	25	29	0	1	30	0	0
1	79681738	.	G	T	10	2	12	0	0	12	0	0
1	79681745	.	G	T	10	2	12	0	0	12	0	0
1	86273633	.	T	C	4	9	13	0	0	13	0	0
1	86273638	.	T	C	5	5	10	0	0	10	0	0
1	86275458	.	T	C	19	4	23	0	1	24	0	0
1	86276528	.	T	C	16	5	21	0	0	21	0	0
1	88187311	.	C	T	3	2	5	0	0	5	0	0
1	88188057	.	A	C	1	4	5	0	0	5	0	0
1	88188745	.	T	A	6	4	10	0	0	10	0	0
1	88188846	.	T	G	4	2	6	0	0	6	0	0
1	88189707	.	C	T	1	4	5	0	0	5	0	0
1	88189889	.	C	T	2	2	4	0	0	4	0	0
1	88190661	.	G	C	3	2	5	0	0	5	0	0
1	88190679	.	A	G	1	3	4	0	0	4	0	0
1	88190781	.	C	T	5	2	7	0	1	8	0	0
1	88190921	.	C	T	2	14	16	0	1	17	0	0
1	88191237	.	A	C	8	48	56	0	2	58	0	0
1	88191320	.	C	T	10	43	53	0	2	55	0	0
1	88191710	.	T	C	9	28	37	0	1	38	0	0
1	88191744	.	C	A	52	8	60	0	1	61	0	0
1	88192008	.	C	T	61	9	70	0	4	74	0	0
1	88192048	.	G	C	25	49	74	0	1	75	0	0
1	88192098	.	G	A	55	10	65	0	0	65	0	0
1	88192180	.	G	T	74	12	86	0	3	89	0	0
1	88192184	.	T	A	76	12	88	0	1	89	0	0
1	88192243	.	A	G	10	38	48	0	0	48	0	0
1	88192700	.	G	A	9	22	31	0	2	33	0	0
1	88192756	.	G	A	9	38	47	1	1	49	0	0
1	88192980	.	A	G	7	39	46	1	1	48	0	0
1	88193031	.	C	G	12	28	40	0	0	40	0	0
1	88193194	.	C	T	2	7	9	3	1	13	0	0
1	88193568	.	A	C	3	6	9	57	0	66	0	0
1	88193917	.	G	A	12	21	33	21	0	54	0	0
1	88194314	.	C	A	41	8	49	2	1	52	0	0
1	88197053	.	T	C	15	25	40	0	1	41	0	0
1	88197991	.	A	G	9	44	53	0	0	53	0	0
1	88200452	.	A	G	3	38	41	1	1	43	0	0
1	88200605	.	C	A	3	16	19	0	0	19	0	0
1	88200653	.	A	C	2	25	27	0	0	27	0	0
1	88200832	.	C	T	5	9	14	0	0	14	0	0
1	88203670	.	C	T	1	6	7	1	0	8	0	0
1	88203782	.	G	A	1	5	6	0	0	6	0	0
1	88204113	.	T	G	2	2	4	3	0	7	0	0
1	88205197	.	A	G	3	3	6	6	0	12	0	0
1	93299307	.	A	G	16	12	28	0	0	28	0	0
1	93435602	.	C	T	13	9	22	1	6	29	0	0
1	105284300	.	G	A	8	2	10	0	0	10	0	0
1	116509815	.	C	T	7	2	9	0	0	9	0	0
1	120154306	.	C	T	7	2	9	0	0	9	0	0
1	121431435	.	G	T	8	0	8	0	2	10	0	0
1	127888511	.	T	A	6	2	8	0	0	8	0	0
1	128091427	.	A	G	1	2	3	0	0	3	0	0
1	130374985	.	G	A	3	1	4	0	0	4	0	0
1	131953439	.	T	C	13	12	25	0	0	25	0	0
1	133231143	.	T	C	9	2	11	0	0	11	0	0
1	134559838	.	A	C	7	1	8	0	2	10	0	0
1	134559844	.	A	C	3	3	6	0	3	9	0	0
1	143022195	.	T	C	1	2	3	0	1	4	0	0
1	143628066	.	A	G	8	2	10	0	0	10	0	0
1	155151508	.	G	T	11	4	15	0	4	19	0	0
1	155151509	.	C	T	17	2	19	0	5	24	0	0
1	156255182	.	T	C	4	12	16	0	0	16	0	0
1	156255601	.	T	C	4	4	8	0	0	8	0	0
1	160840574	.	T	C	4	2	6	0	0	6	0	0
1	161068583	.	C	T	8	2	10	0	0	10	0	0
1	165058785	.	T	C	1	2	3	0	0	3	0	0
1	166916330	.	A	C	6	0	6	0	10	16	0	0
1	166916336	.	A	C	8	5	13	0	1	14	0	0
1	167195633	.	C	A	22	4	26	0	5	31	0	0
1	176562456	.	G	A	22	6	28	0	2	30	0	0
1	177817435	.	A	T	4	1	5	2	0	7	0	0
1	178779812	.	T	C	4	4	8	0	0	8	0	0
1	180918533	.	G	A	7	2	9	0	1	10	0	0
1	180924020	.	T	C	23	9	32	0	0	32	0	0
1	180996273	.	A	C	7	3	10	0	1	11	0	0
1	180996279	.	A	C	8	3	11	0	0	11	0	0
1	183105229	.	A	G	25	4	29	0	0	29	0	0
1	183105230	.	A	G	25	4	29	0	0	29	0	0
1	183190594	.	A	G	18	5	23	0	0	23	0	0
1	183190682	.	A	G	11	6	17	0	1	18	0	0
10	7524278	.	T	C	2	2	4	0	0	4	0	0
10	22220550	.	T	C	1	1	2	0	0	2	0	0
10	22220554	.	T	C	1	2	3	0	0	3	0	0
10	29104018	.	G	T	9	2	11	1	2	14	0	0
10	29104019	.	G	T	9	3	12	1	2	15	0	0
10	33791335	.	A	G	5	2	7	0	0	7	0	0
10	33864897	.	T	C	10	2	12	0	0	12	0	0
10	33865251	.	T	C	6	3	9	0	0	9	0	0
10	33868473	.	T	C	8	5	13	0	1	14	0	0
10	42576709	.	C	T	31	9	40	1	9	50	0	0
10	45752162	.	G	A	7	2	9	16	3	29	1	0
10	49118584	.	T	C	9	9	18	1	0	19	0	0
10	49118640	.	T	C	9	5	14	0	1	15	0	0
10	49120426	.	T	C	8	47	55	0	0	55	0	0
10	49148872	.	T	C	4	46	50	0	1	51	0	0
10	49148885	.	T	C	6	34	40	0	0	40	0	0
10	57383221	.	A	G	2	2	4	0	0	4	0	0
10	57391874	.	C	T	23	10	33	0	1	34	0	0
10	61943998	.	A	G	6	2	8	0	0	8	0	0
10	62645542	.	T	C	3	3	6	0	0	6	0	0
10	76391416	.	A	G	10	2	12	0	1	13	0	0
10	76391424	.	A	G	9	6	15	0	0	15	0	0
10	76597696	.	A	G	6	2	8	0	0	8	0	0
10	79790300	.	C	T	5	2	7	0	0	7	0	0
10	80403193	.	T	C	66	10	76	0	0	76	0	0
10	80521821	.	T	C	11	3	14	0	0	14	0	0
10	82486401	.	T	C	13	2	15	0	0	15	0	0
10	82486613	.	T	C	20	4	24	0	1	25	0	0
10	86672208	.	A	G	31	16	47	0	1	48	0	0
10	89654262	.	C	A	13	9	22	0	3	25	0	0
10	93800442	.	T	C	6	2	8	0	0	8	0	0
10	93801926	.	T	C	10	5	15	0	0	15	0	0
10	94057224	.	A	G	9	5	14	0	0	14	0	0
10	112300140	.	C	T	49	8	57	0	3	60	0	0
10	112761338	.	C	T	3	3	6	0	0	6	0	0
10	115125374	.	G	A	12	6	18	0	3	21	0	0
10	126903751	.	T	C	92	16	108	0	2	110	0	0
10	127581290	.	A	G	4	3	7	1	0	8	0	0
10	127912949	.	G	T	38	4	42	0	1	43	0	0
10	127912954	.	G	T	40	5	45	0	1	46	0	0
10	128032784	.	A	G	3	4	7	0	0	7	0	0
11	3077575	.	C	A	4	3	7	28	0	35	0	0
11	4091432	.	T	C	20	4	24	0	0	24	0	0
11	4092790	.	T	C	16	19	35	0	1	36	0	0
11	19670908	.	C	T	0	2	2	1	1	4	0	0
11	20178606	.	T	C	11	2	13	0	0	13	0	0
11	20676058	.	C	T	45	32	77	0	0	77	0	0
11	29495263	.	T	A	3	5	8	0	1	9	0	0
11	43572939	.	A	G	5	4	9	0	0	9	0	0
11	43574972	.	A	G	2	6	8	0	0	8	0	0
11	45821425	.	T	C	11	4	15	0	1	16	0	0
11	46163470	.	T	C	104	469	573	0	5	578	0	0
11	48691187	.	C	T	31	11	42	0	1	43	0	0
11	52016468	.	A	G	15	3	18	0	0	18	0	0
11	57687177	.	T	C	3	4	7	0	0	7	0	0
11	59096899	.	A	G	9	2	11	0	0	11	0	0
11	59347027	.	A	G	21	24	45	0	1	46	0	0
11	59347029	.	A	G	28	16	44	0	0	44	0	0
11	59347092	.	A	G	29	12	41	0	0	41	0	0
11	59349201	.	A	G	25	8	33	0	0	33	0	0
11	59349204	.	A	G	26	6	32	0	0	32	0	0
11	59401881	.	A	G	4	7	11	0	0	11	0	0
11	60749725	.	A	G	3	1	4	0	2	6	0	0
11	60749771	.	A	G	3	2	5	0	0	5	0	0
11	66956044	.	A	G	7	2	9	0	0	9	0	0
11	66956050	.	A	G	8	2	10	0	0	10	0	0
11	67579383	.	C	G	19	8	27	0	29	56	0	0
11	69445684	.	A	C	18	8	26	0	1	27	0	0
11	69674128	.	A	G	11	2	13	0	0	13	0	0
11	69922901	.	A	G	8	3	11	0	0	11	0	0
11	69922950	.	A	G	7	2	9	0	1	10	0	0
11	69923163	.	A	G	8	2	10	0	0	10	0	0
11	69923921	.	A	G	6	4	10	0	0	10	0	0
11	69925276	.	A	G	5	3	8	0	0	8	0	0
11	69926003	.	A	G	6	3	9	0	0	9	0	0
11	69926817	.	A	G	6	3	9	0	0	9	0	0
11	69927946	.	A	G	7	2	9	0	0	9	0	0
11	69927998	.	A	G	7	2	9	0	0	9	0	0
11	69928014	.	A	G	8	3	11	0	0	11	0	0
11	69937302	.	A	G	9	3	12	0	0	12	0	0
11	69937304	.	A	G	9	3	12	0	0	12	0	0
11	72570452	.	A	G	5	3	8	0	0	8	0	0
11	72687147	.	A	G	10	2	12	0	0	12	0	0
11	75067209	.	T	C	31	6	37	0	1	38	0	0
11	75067258	.	T	C	31	10	41	0	0	41	0	0
11	75068285	.	T	C	48	8	56	0	2	58	0	0
11	77426880	.	T	C	51	9	60	1	0	61	0	0
11	78186027	.	A	G	8	4	12	0	0	12	0	0
11	78187480	.	A	G	1	2	3	0	1	4	0	0
11	78736472	.	A	G	2	8	10	0	0	10	0	0
11	78736473	.	A	G	7	3	10	0	0	10	0	0
11	85082181	.	C	T	16	5	21	0	10	31	0	0
11	85082185	.	C	T	10	1	11	0	11	22	0	0
11	86388573	.	A	G	3	2	5	0	0	5	0	0
11	86521333	.	T	C	2	9	11	1	0	12	0	0
11	86521440	.	A	C	1	2	3	8	1	12	0	0
11	87014114	.	A	G	12	2	14	0	0	14	0	0
11	88235087	.	C	A	27	6	33	0	9	42	0	0
11	88927208	.	T	C	19	14	33	0	1	34	0	0
11	94431300	.	T	C	8	3	11	0	0	11	0	0
11	94431318	.	T	C	9	6	15	0	0	15	0	0
11	94432859	.	T	C	12	5	17	0	0	17	0	0
11	95962468	.	T	C	6	3	9	0	1	10	0	0
11	95962469	.	T	C	3	5	8	0	0	8	0	0
11	96855798	.	A	G	5	5	10	0	0	10	0	0
11	96855846	.	A	G	5	3	8	0	0	8	0	0
11	97535690	.	T	C	12	2	14	0	0	14	0	0
11	98044638	.	A	C	11	6	17	0	3	20	0	0
11	100488792	.	T	C	17	3	20	0	0	20	0	0
11	101080710	.	A	C	8	6	14	0	1	15	0	0
11	101080714	.	G	C	12	6	18	0	9	27	0	0
11	101089126	.	T	C	5	13	18	0	0	18	0	0
11	101089557	.	T	C	19	4	23	0	0	23	0	0
11	101089729	.	T	C	22	5	27	0	0	27	0	0
11	101089734	.	T	C	22	5	27	0	0	27	0	0
11	101089802	.	T	C	10	9	19	0	1	20	0	0
11	101467457	.	A	G	2	2	4	0	0	4	0	0
11	102053491	.	A	G	4	2	6	1	0	7	0	0
11	102837091	.	T	C	10	3	13	0	0	13	0	0
11	116013650	.	T	C	2	3	5	0	0	5	0	0
11	116303813	.	T	C	10	2	12	0	0	12	0	0
11	116471963	.	T	C	6	34	40	0	2	42	0	0
11	116810095	.	A	G	28	8	36	0	0	36	0	0
11	116877771	.	G	A	1	2	3	0	0	3	0	0
12	3285635	.	G	C	3	4	7	0	0	7	0	0
12	3285640	.	A	C	4	3	7	0	1	8	0	0
12	3454248	.	A	G	24	34	58	2	2	62	0	0
12	3454647	.	A	G	56	47	103	5	3	111	0	0
12	3454648	.	A	G	88	16	104	5	1	110	0	0
12	4796945	.	T	C	4	2	6	0	0	6	0	0
12	4833424	.	A	G	2	2	4	0	0	4	0	0
12	17479431	.	G	C	12	5	17	0	1	18	0	0
12	17479809	.	A	G	11	14	25	0	0	25	0	0
12	17479860	.	A	G	17	6	23	0	0	23	0	0
12	19481682	.	T	C	5	2	7	0	1	8	0	0
12	31644236	.	T	C	1	2	3	0	0	3	0	0
12	46747117	.	T	C	39	21	60	0	0	60	0	0
12	54719070	.	T	C	27	7	34	0	2	36	0	0
12	54719142	.	T	C	32	8	40	0	1	41	0	0
12	65091803	.	A	G	4	2	6	0	0	6	0	0
12	71041403	.	A	G	6	40	46	0	0	46	0	0
12	71041954	.	A	G	22	10	32	0	3	35	0	0
12	71041984	.	A	G	24	10	34	0	2	36	0	0
12	72953219	.	T	C	5	3	8	0	0	8	0	0
12	72955837	.	T	C	3	3	6	0	0	6	0	0
12	72955848	.	T	C	3	8	11	0	0	11	0	0
12	73975614	.	A	G	4	2	6	0	0	6	0	0
12	76366551	.	T	C	7	2	9	0	0	9	0	0
12	80769500	.	A	G	2	2	4	0	0	4	0	0
12	81419007	.	C	A	2	2	4	1	0	5	0	0
12	84092880	.	A	G	1	3	4	0	0	4	0	0
12	84393402	.	T	C	4	1	5	0	0	5	0	0
12	84724302	.	T	G	7	3	10	0	11	21	0	0
12	85859394	.	C	G	1	1	2	0	1	3	0	0
12	85859395	.	C	G	1	1	2	0	1	3	0	0
12	86726722	.	A	C	7	5	12	0	1	13	0	0
12	86726725	.	T	C	8	3	11	0	0	11	0	0
12	99162339	.	T	A	5	1	6	0	5	11	0	0
12	100837974	.	A	G	9	3	12	0	1	13	0	0
12	101886131	.	T	C	19	5	24	0	0	24	0	0
12	109583490	.	T	C	5	2	7	0	0	7	0	0
12	109706996	.	A	G	5	2	7	0	0	7	0	0
12	110841635	.	T	C	10	4	14	0	1	15	0	0
12	111768539	.	A	G	4	3	7	0	1	8	0	0
12	112571046	.	A	C	3	2	5	0	3	8	0	0
13	3702310	.	A	G	12	3	15	0	0	15	0	0
13	3702325	.	A	G	10	3	13	0	0	13	0	0
13	14225628	.	T	C	36	5	41	0	1	42	0	0
13	17978741	.	T	C	10	2	12	0	0	12	0	0
13	17978929	.	T	C	0	9	9	0	0	9	0	0
13	17978950	.	T	C	8	3	11	0	0	11	0	0
13	17979133	.	T	C	11	2	13	0	0	13	0	0
13	21574076	.	T	C	11	2	13	0	0	13	0	0
13	21574169	.	T	C	9	5	14	0	0	14	0	0
13	21574188	.	T	C	11	5	16	0	0	16	0	0
13	21574225	.	T	C	9	3	12	0	0	12	0	0
13	21576615	.	T	C	14	6	20	0	0	20	0	0
13	21576650	.	T	C	11	3	14	0	0	14	0	0
13	23546737	.	T	C	3	2	5	0	0	5	0	0
13	45709825	.	G	A	1	3	4	0	0	4	0	0
13	45709828	.	C	A	1	3	4	0	0	4	0	0
13	49685058	.	A	G	1	4	5	0	0	5	0	0
13	51305477	.	A	T	15	2	17	24	28	69	0	0
13	55473591	.	G	T	3	1	4	0	0	4	0	0
13	58366646	.	T	A	0	5	5	2	0	7	0	0
13	58366658	.	A	C	1	4	5	2	0	7	0	0
13	58366688	.	T	C	1	2	3	1	0	4	0	0
13	59757011	.	A	G	1	3	4	0	0	4	0	0
13	64438124	.	T	C	11	4	15	0	0	15	0	0
13	65214229	.	G	A	13	5	18	0	1	19	0	0
13	67621265	.	T	C	8	8	16	0	2	18	0	0
13	67621455	.	T	C	1	3	4	0	0	4	0	0
13	67806944	.	T	C	2	2	4	0	1	5	0	0
13	67967722	.	T	C	2	2	4	0	0	4	0	0
13	74356200	.	C	T	1	2	3	0	1	4	0	0
13	75793212	.	C	T	0	1	1	9	2	12	0	0
13	81820502	.	A	T	5	1	6	0	3	9	0	0
13	93200002	.	G	A	4	2	6	0	0	6	0	0
13	119625401	.	G	T	14	3	17	0	2	19	0	0
14	10058181	.	A	G	125	33	158	0	1	159	0	0
14	10089998	.	T	C	7	2	9	0	0	9	0	0
14	14533725	.	T	C	3	17	20	0	0	20	0	0
14	20517408	.	T	C	1	4	5	0	0	5	0	0
14	21846832	.	A	G	15	30	45	0	1	46	0	0
14	21846833	.	A	G	40	7	47	0	0	47	0	0
14	21847779	.	A	G	80	28	108	0	1	109	0	0
14	25888555	.	A	G	8	2	10	0	0	10	0	0
14	25903341	.	T	A	8	2	10	0	0	10	0	0
14	27083382	.	C	T	5	2	7	0	2	9	0	0
14	29788070	.	T	C	28	4	32	0	1	33	0	0
14	29788078	.	T	C	24	14	38	0	0	38	0	0
14	31422583	.	T	C	51	9	60	0	2	62	0	0
14	31422619	.	T	C	30	10	40	0	1	41	0	0
14	31422620	.	T	C	33	8	41	0	0	41	0	0
14	32018582	.	A	G	28	9	37	0	1	38	0	0
14	32300088	.	A	G	4	5	9	0	1	10	0	0
14	33953385	.	T	C	5	2	7	0	1	8	0	0
14	46321627	.	A	G	5	2	7	1617	0	1624	0	0
14	47558234	.	A	G	9	3	12	12	1	25	0	0
14	51013458	.	T	C	9	4	13	0	0	13	0	0
14	51109987	.	A	G	4	3	7	0	0	7	0	0
14	52243661	.	A	C	4	3	7	0	2	9	0	0
14	52398659	.	T	C	67	10	77	0	0	77	0	0
14	52530911	.	A	G	66	11	77	0	1	78	0	0
14	52531686	.	A	G	30	60	90	0	0	90	0	0
14	57880877	.	T	C	4	2	6	0	0	6	0	0
14	60451245	.	T	C	6	3	9	0	0	9	0	0
14	60451313	.	T	C	1	2	3	0	0	3	0	0
14	60619746	.	G	C	11	6	17	0	4	21	0	0
14	60619753	.	G	C	16	4	20	0	6	26	0	0
14	62778896	.	G	A	1	2	3	1	0	4	0	0
14	62778965	.	T	C	1	3	4	0	0	4	0	0
14	65291200	.	A	G	5	7	12	0	24	36	0	0
14	65434629	.	T	C	38	3	41	0	0	41	0	0
14	65434640	.	T	C	32	15	47	0	0	47	0	0
14	70838827	.	T	C	7	2	9	0	0	9	0	0
14	70838843	.	T	C	11	2	13	0	0	13	0	0
14	75957159	.	T	C	33	9	42	0	0	42	0	0
14	79872251	.	G	T	18	0	18	0	3	21	0	0
14	99311216	.	G	A	1	1	2	0	1	3	0	0
14	103584115	.	T	C	25	16	41	0	4	45	0	0
14	121273016	.	A	G	5	4	9	0	0	9	0	0
14	124212468	.	C	A	9	0	9	0	3	12	0	0
14	124212470	.	G	A	9	2	11	0	2	13	0	0
15	8187674	.	A	G	6	7	13	0	0	13	0	0
15	9199559	.	A	G	29	8	37	0	0	37	0	0
15	10475400	.	T	C	6	2	8	0	0	8	0	0
15	33684797	.	C	A	12	4	16	0	0	16	0	0
15	55118692	.	A	G	7	4	11	0	0	11	0	0
15	66158075	.	T	C	11	4	15	0	0	15	0	0
15	75523717	.	T	C	3	2	5	0	0	5	0	0
15	77877967	.	C	T	11	2	13	0	0	13	0	0
15	78900113	.	T	C	6	3	9	0	0	9	0	0
15	78900146	.	T	C	4	2	6	0	0	6	0	0
15	79495774	.	T	C	3	3	6	0	0	6	0	0
15	79495779	.	T	C	5	2	7	0	0	7	0	0
15	80816550	.	A	G	7	5	12	0	0	12	0	0
15	81341097	.	A	G	3	5	8	0	0	8	0	0
15	81791419	.	A	G	8	2	10	0	0	10	0	0
15	84071378	.	A	G	2	3	5	0	0	5	0	0
15	84836683	.	T	C	8	2	10	0	0	10	0	0
15	85591587	.	A	G	5	2	7	0	0	7	0	0
15	89070817	.	G	C	2	7	9	0	2	11	0	0
15	89070824	.	G	C	5	3	8	0	1	9	0	0
15	94993393	.	G	A	9	3	12	0	0	12	0	0
15	95117440	.	A	G	56	19	75	0	64	139	0	0
15	98533031	.	A	C	21	9	30	0	7	37	0	0
15	98533035	.	A	C	29	6	35	0	7	42	0	0
15	98634993	.	T	C	15	26	41	0	1	42	0	0
15	98829314	.	C	T	5	3	8	1	0	9	0	0
15	98932415	.	C	T	1	2	3	212	0	215	0	0
15	99215593	.	T	C	11	3	14	0	0	14	0	0
15	99626049	.	A	G	5	2	7	0	1	8	0	0
15	99626091	.	A	G	5	4	9	0	0	9	0	0
15	101042403	.	A	C	3	1	4	0	5	9	0	0
15	101042409	.	A	C	5	3	8	0	3	11	0	0
16	3680985	.	T	C	19	11	30	0	0	30	0	0
16	8452432	.	T	C	18	5	23	0	0	23	0	0
16	13520445	.	A	G	25	7	32	0	0	32	0	0
16	13631865	.	A	G	66	12	78	0	4	82	0	0
16	13650452	.	A	G	4	7	11	0	1	12	0	0
16	16844860	.	A	G	2	3	5	0	0	5	0	0
16	17321752	.	A	G	16	4	20	0	1	21	0	0
16	17335960	.	A	G	11	4	15	0	0	15	0	0
16	18156488	.	T	C	1	2	3	0	0	3	0	0
16	18653678	.	A	G	49	16	65	0	3	68	0	0
16	19942489	.	A	G	56	10	66	0	3	69	0	0
16	19942498	.	A	G	37	27	64	0	0	64	0	0
16	20366548	.	A	G	1	2	3	0	0	3	0	0
16	20465062	.	A	G	4	2	6	0	0	6	0	0
16	20512079	.	T	C	21	8	29	0	44	73	0	0
16	20512084	.	T	C	33	6	39	0	38	77	0	0
16	30133727	.	T	G	19	3	22	0	6	28	0	0
16	30330773	.	T	C	19	5	24	0	0	24	0	0
16	31071175	.	T	C	17	3	20	0	1	21	0	0
16	32118665	.	A	G	25	6	31	2	0	33	0	0
16	32119057	.	A	G	9	2	11	0	0	11	0	0
16	32119106	.	A	G	31	12	43	0	0	43	0	0
16	38319163	.	G	A	0	2	2	0	2	4	0	0
16	43447381	.	G	T	5	2	7	0	0	7	0	0
16	43460151	.	T	G	4	4	8	0	3	11	0	0
16	76086789	.	G	T	21	5	26	0	5	31	0	0
16	76086791	.	C	T	22	1	23	0	8	31	0	0
16	81420648	.	G	T	32	8	40	0	4	44	0	0
16	81420650	.	C	T	31	6	37	0	5	42	0	0
16	87230813	.	T	C	17	6	23	0	0	23	0	0
16	87737431	.	T	C	10	12	22	0	0	22	0	0
16	90701236	.	T	C	4	2	6	0	0	6	0	0
16	91452503	.	A	G	71	11	82	2	2	86	0	0
16	91452977	.	A	G	83	47	130	1	1	132	0	0
16	91453021	.	A	G	83	16	99	1	2	102	0	0
17	6276422	.	A	G	5	2	7	0	0	7	0	0
17	6330894	.	T	C	43	5	48	12	1	61	0	0
17	13256165	.	G	A	5	1	6	0	0	6	0	0
17	13256174	.	T	G	9	2	11	0	0	11	0	0
17	15624515	.	A	G	9	2	11	0	0	11	0	0
17	15696127	.	T	C	66	11	77	0	0	77	0	0
17	15741073	.	A	G	4	3	7	0	1	8	0	0
17	21246479	.	A	G	13	2	15	0	0	15	0	0
17	21246483	.	T	C	12	2	14	0	0	14	0	0
17	21685363	.	A	T	13	2	15	1	0	16	0	0
17	22596163	.	T	C	3	2	5	0	0	5	0	0
17	24395428	.	T	C	71	20	91	0	0	91	0	0
17	24396788	.	T	C	85	12	97	0	3	100	0	0
17	24397285	.	T	C	25	13	38	0	0	38	0	0
17	24397327	.	T	C	10	14	24	0	0	24	0	0
17	24899644	.	A	C	12	3	15	0	7	22	0	0
17	24899650	.	A	C	14	5	19	0	4	23	0	0
17	26234947	.	G	A	52	38	90	0	0	90	0	0
17	26488811	.	T	C	1	2	3	3	0	6	0	0
17	27153420	.	C	T	4	2	6	0	0	6	0	0
17	27191323	.	A	C	6	4	10	0	7	18	1	0
17	28105421	.	T	C	8	2	10	0	0	10	0	0
17	28519773	.	G	A	12	2	14	0	0	14	0	0
17	29259605	.	C	T	8	5	13	0	3	16	0	0
17	29521001	.	A	G	5	6	11	0	0	11	0	0
17	33015107	.	T	C	4	9	13	0	0	13	0	0
17	33015115	.	T	C	9	3	12	0	0	12	0	0
17	33015482	.	T	C	7	2	9	0	0	9	0	0
17	33552004	.	T	C	20	7	27	0	0	27	0	0
17	33906273	.	T	C	4	5	9	0	0	9	0	0
17	33966501	.	T	C	31	9	40	176	9	225	0	0
17	34147261	.	G	T	18	4	22	0	2	24	0	0
17	34147531	.	A	G	24	11	35	0	2	37	0	0
17	36168626	.	A	G	7	10	17	0	0	17	0	0
17	36168632	.	A	G	18	4	22	0	0	22	0	0
17	36169778	.	A	G	10	2	12	0	0	12	0	0
17	36169789	.	A	G	5	5	10	0	0	10	0	0
17	40158498	.	T	C	3339	4349	7688	0	105	8191	398	0
17	45973875	.	T	C	47	96	143	0	3	146	0	0
17	46727251	.	A	G	4	2	6	0	0	6	0	0
17	46727252	.	A	G	4	2	6	0	0	6	0	0
17	46810304	.	A	G	5	3	8	0	0	8	0	0
17	47085856	.	T	C	12	8	20	2	0	22	0	0
17	47085857	.	T	C	13	6	19	2	0	21	0	0
17	49786823	.	T	G	11	5	16	0	5	21	0	0
17	52166231	.	A	G	1	2	3	0	0	3	0	0
17	52166256	.	A	G	1	2	3	0	0	3	0	0
17	79154644	.	T	A	10	3	13	0	2	15	0	0
17	80352912	.	T	C	10	2	12	0	0	12	0	0
17	95033722	.	G	A	5	2	7	1	1	9	0	0
17	95064364	.	T	C	5	5	10	0	0	10	0	0
17	95067396	.	T	C	19	9	28	0	0	28	0	0
17	95067479	.	T	C	22	24	46	0	1	47	0	0
17	95068514	.	T	C	29	6	35	0	3	38	0	0
17	95068552	.	T	C	30	6	36	0	0	36	0	0
17	95068553	.	T	C	30	5	35	0	1	36	0	0
17	95123375	.	T	C	3	3	6	0	2	8	0	0
18	6792650	.	A	G	28	4	32	0	1	33	0	0
18	6792739	.	A	G	20	5	25	0	0	25	0	0
18	6792757	.	A	G	15	7	22	0	0	22	0	0
18	6792826	.	A	G	24	5	29	0	0	29	0	0
18	6793841	.	A	G	15	3	18	0	0	18	0	0
18	7928637	.	G	A	5	2	7	0	0	7	0	0
18	20806913	.	C	T	9	2	11	0	0	11	0	0
18	21261539	.	C	T	10	3	13	0	2	15	0	0
18	24097917	.	A	G	6	4	10	0	0	10	0	0
18	24097953	.	A	G	6	2	8	0	2	10	0	0
18	24098112	.	A	G	3	2	5	0	0	5	0	0
18	24098288	.	A	G	7	5	12	0	0	12	0	0
18	24098289	.	A	G	8	5	13	0	0	13	0	0
18	32235557	.	A	G	9	7	16	0	0	16	0	0
18	32236019	.	A	G	3	5	8	0	0	8	0	0
18	32561134	.	A	G	39	9	48	0	0	48	0	0
18	35037326	.	C	T	62	55	117	0	1	118	0	0
18	35696063	.	A	C	2	1	3	0	3	6	0	0
18	35743341	.	A	G	6	3	9	0	0	9	0	0
18	35807413	.	T	C	88	13	101	0	3	104	0	0
18	35807586	.	T	C	86	15	101	0	3	104	0	0
18	37650940	.	C	T	3	1	4	0	1	5	0	0
18	38106200	.	A	G	3	2	5	0	0	5	0	0
18	39504976	.	T	C	24	7	31	0	21	52	0	0
18	42472230	.	A	C	6	2	8	0	3	11	0	0
18	43664588	.	G	T	18	1	19	0	1	20	0	0
18	45021385	.	A	G	39	7	46	0	0	46	0	0
18	50097269	.	T	C	6	2	8	0	0	8	0	0
18	57089620	.	T	C	4	7	11	0	2	13	0	0
18	57089634	.	T	C	1	9	10	0	0	10	0	0
18	62794993	.	A	C	1	1	2	0	1	3	0	0
18	65346631	.	G	T	9	2	11	0	2	13	0	0
18	65346633	.	A	T	9	1	10	0	4	14	0	0
18	90610206	.	C	T	12	2	14	0	0	14	0	0
19	3916385	.	A	G	15	5	20	0	0	20	0	0
19	3917362	.	A	G	9	2	11	0	0	11	0	0
19	4368397	.	A	G	8	6	14	0	7	21	0	0
19	4811035	.	A	G	9	2	11	0	0	11	0	0
19	4811046	.	A	G	7	4	11	0	0	11	0	0
19	4811133	.	T	C	6	4	10	0	0	10	0	0
19	4813117	.	T	C	8	5	13	0	0	13	0	0
19	4813227	.	T	C	2	2	4	0	1	5	0	0
19	4841413	.	T	C	5	3	8	0	0	8	0	0
19	5015429	.	A	G	5	4	9	0	0	9	0	0
19	7176321	.	G	A	19	41	60	4	47	111	0	0
19	7192521	.	C	T	10	2	12	0	0	12	0	0
19	7254111	.	C	T	25	7	32	0	7	39	0	0
19	7515480	.	A	G	35	7	42	0	0	42	0	0
19	8830087	.	A	G	1	2	3	0	0	3	0	0
19	8868449	.	A	G	10	2	12	0	0	12	0	0
19	10201942	.	C	G	11	3	14	0	5	19	0	0
19	10223060	.	T	C	24	69	93	0	2	95	0	0
19	10223097	.	T	C	69	10	79	0	1	80	0	0
19	10848769	.	T	G	25	2	27	0	2	29	0	0
19	10886122	.	A	G	2	3	5	0	0	5	0	0
19	10886159	.	A	G	4	2	6	0	0	6	0	0
19	12441673	.	A	G	25	4	29	0	0	29	0	0
19	22967828	.	G	C	3	2	5	0	0	5	0	0
19	22967829	.	G	A	0	2	2	0	0	2	0	0
19	22969597	.	A	G	11	2	13	0	0	13	0	0
19	38692354	.	C	T	0	3	3	2	2	7	0	0
19	41818939	.	A	G	13	2	15	0	0	15	0	0
19	42181800	.	A	C	10	3	13	0	10	23	0	0
19	42181806	.	A	C	16	4	20	0	9	29	0	0
19	43429365	.	A	G	15	3	18	0	1	19	0	0
19	43429601	.	A	G	14	13	27	0	1	28	0	0
19	43429686	.	A	G	44	9	53	0	2	55	0	0
19	43429753	.	A	G	33	9	42	0	0	42	0	0
19	44065453	.	T	C	6	2	8	0	2	10	0	0
19	44130353	.	T	C	11	2	13	0	1	14	0	0
19	44130371	.	T	C	6	5	11	0	0	11	0	0
19	44993669	.	T	C	44	11	55	0	1	56	0	0
19	44993727	.	T	C	47	11	58	0	2	60	0	0
19	46269407	.	A	G	5	2	7	0	1	8	0	0
19	59447523	.	A	C	2	2	4	0	0	4	0	0
19	59447529	.	A	C	3	2	5	0	0	5	0	0
19	60765148	.	A	G	47	38	85	0	0	85	0	0
2	3462123	.	A	G	2	3	5	0	0	5	0	0
2	3462136	.	A	G	2	2	4	0	0	4	0	0
2	5025849	.	T	C	19	3	22	0	0	22	0	0
2	5902666	.	T	C	3	2	5	0	0	5	0	0
2	10257081	.	A	G	12	2	14	0	0	14	0	0
2	14152860	.	A	G	37	7	44	0	2	46	0	0
2	14153492	.	A	G	5	12	17	0	0	17	0	0
2	14153493	.	A	G	3	14	17	0	0	17	0	0
2	18049426	.	T	A	10	2	12	0	0	12	0	0
2	18219533	.	T	C	13	3	16	0	0	16	0	0
2	18219539	.	T	C	5	7	12	0	0	12	0	0
2	22479078	.	A	C	1	3	4	12	1	17	0	0
2	22479475	.	A	G	1	2	3	2	2	7	0	0
2	26271768	.	A	G	5	2	7	0	0	7	0	0
2	26800818	.	C	T	13	6	19	2	1	22	0	0
2	26846568	.	T	C	10	2	12	0	0	12	0	0
2	27153632	.	T	C	9	3	12	0	0	12	0	0
2	27153718	.	T	C	7	3	10	0	1	11	0	0
2	32175384	.	T	C	3	2	5	0	0	5	0	0
2	32196762	.	A	G	66	12	78	0	2	80	0	0
2	35204547	.	T	C	18	3	21	0	0	21	0	0
2	38614155	.	T	C	4	3	7	0	0	7	0	0
2	55005781	.	C	T	20	3	23	0	4	27	0	0
2	55005783	.	G	T	19	2	21	0	6	27	0	0
2	60076607	.	A	T	3	1	4	0	3	7	0	0
2	91043632	.	A	G	39	13	52	0	0	52	0	0
2	91064732	.	T	C	4	5	9	0	0	9	0	0
2	91064743	.	T	C	5	3	8	0	0	8	0	0
2	104511101	.	T	C	23	7	30	0	2	32	0	0
2	104511430	.	T	C	15	3	18	0	0	18	0	0
2	112185846	.	A	G	3	4	7	0	0	7	0	0
2	112185852	.	A	G	5	2	7	0	0	7	0	0
2	118700340	.	A	G	15	5	20	0	1	21	0	0
2	118700712	.	A	G	3	8	11	0	1	12	0	0
2	118700801	.	A	G	8	2	10	0	0	10	0	0
2	119648581	.	T	A	2	3	5	0	0	5	0	0
2	119648582	.	C	A	2	3	5	0	0	5	0	0
2	121374368	.	A	G	4	2	6	0	0	6	0	0
2	126733391	.	T	C	15	5	20	0	1	21	0	0
2	126733408	.	T	C	13	7	20	0	1	21	0	0
2	126734836	.	T	C	23	11	34	0	0	34	0	0
2	126734839	.	T	C	33	9	42	0	1	43	0	0
2	126756857	.	T	C	1	4	5	0	0	5	0	0
2	126758097	.	T	C	3	2	5	0	0	5	0	0
2	126758102	.	T	C	1	4	5	0	0	5	0	0
2	130396840	.	A	G	7	14	21	0	0	21	0	0
2	130396876	.	A	G	7	7	14	0	2	16	0	0
2	130410056	.	A	G	3	3	6	0	0	6	0	0
2	130410093	.	A	G	4	3	7	0	0	7	0	0
2	130715901	.	T	C	3	3	6	0	0	6	0	0
2	131141887	.	A	C	4	2	6	0	3	9	0	0
2	131141893	.	A	C	2	3	5	0	0	5	0	0
2	132151800	.	A	G	54	293	347	0	3	350	0	0
2	132636996	.	C	A	2	3	5	0	0	5	0	0
2	144381830	.	A	G	10	3	13	0	0	13	0	0
2	149585919	.	C	T	1	4	5	0	2	7	0	0
2	149585927	.	G	A	1	3	4	0	0	4	0	0
2	152114942	.	A	G	3	12	15	0	0	15	0	0
2	152115260	.	A	G	10	2	12	0	0	12	0	0
2	153051040	.	C	T	3	5	8	2	13	26	3	0
2	153460273	.	T	C	9	2	11	0	0	11	0	0
2	155980520	.	T	C	1	4	5	0	0	5	0	0
2	156702433	.	T	C	1	2	3	0	0	3	0	0
2	157313041	.	A	C	13	6	19	0	4	23	0	0
2	157400030	.	T	C	97	16	113	4	2	119	0	0
2	157400060	.	T	C	85	29	114	0	1	115	0	0
2	157400069	.	T	C	79	42	121	0	0	121	0	0
2	158196145	.	T	C	8	2	10	0	0	10	0	0
2	158219426	.	A	G	7	3	10	0	0	10	0	0
2	158219433	.	A	G	9	3	12	0	0	12	0	0
2	158220838	.	A	G	14	14	28	0	0	28	0	0
2	158220844	.	A	G	22	6	28	0	0	28	0	0
2	158225545	.	A	G	445	63	508	0	7	515	0	0
2	158226873	.	A	G	98	393	491	0	7	498	0	0
2	163309459	.	T	C	6	13	19	0	0	19	0	0
2	163310364	.	T	C	21	5	26	0	0	26	0	0
2	164953773	.	T	C	31	7	38	0	1	39	0	0
2	169913325	.	A	G	1	5	6	0	1	7	0	0
2	169913421	.	A	G	9	4	13	0	0	13	0	0
2	174169694	.	A	G	114	21	135	0	2	137	0	0
2	180323618	.	T	A	11	2	13	0	0	13	0	0
2	180999883	.	A	G	4	1	5	0	0	5	0	0
3	19278361	.	T	C	11	2	13	0	0	13	0	0
3	19279149	.	T	C	10	2	12	0	0	12	0	0
3	32636549	.	T	C	17	3	20	0	0	20	0	0
3	40747624	.	A	G	23	9	32	0	0	32	0	0
3	40747629	.	A	G	21	12	33	0	0	33	0	0
3	40781887	.	A	T	3	1	4	0	1	5	0	0
3	54707989	.	A	G	4	2	6	0	1	7	0	0
3	57553351	.	T	C	1	2	3	0	0	3	0	0
3	65866372	.	A	G	5	3	8	0	0	8	0	0
3	65866425	.	A	G	11	3	14	0	0	14	0	0
3	80599593	.	T	C	140	262	402	0	6	408	0	0
3	80613850	.	T	C	32	4	36	0	0	36	0	0
3	80614159	.	T	C	14	16	30	0	1	31	0	0
3	80614215	.	T	C	330	153	483	0	4	487	0	0
3	85463819	.	T	C	1	3	4	0	0	4	0	0
3	87792485	.	C	G	17	5	22	0	0	22	0	0
3	88079367	.	G	A	8	7	15	0	1	16	0	0
3	88259488	.	A	G	5	3	8	0	0	8	0	0
3	88259498	.	A	G	2	14	16	0	0	16	0	0
3	88259549	.	A	G	9	3	12	0	0	12	0	0
3	88259907	.	A	G	2	2	4	0	0	4	0	0
3	88363011	.	T	C	6	2	8	0	0	8	0	0
3	89076910	.	A	C	1	1	2	0	2	4	0	0
3	89258551	.	C	A	5	2	7	0	1	8	0	0
3	89967701	.	A	G	7	3	10	1	0	11	0	0
3	89967705	.	A	G	5	7	12	1	1	14	0	0
3	89967924	.	A	G	4	6	10	0	0	10	0	0
3	94794244	.	T	A	11	4	15	0	0	15	0	0
3	94794245	.	G	A	10	4	14	0	0	14	0	0
3	95089361	.	G	T	5	1	6	0	0	6	0	0
3	95089363	.	G	T	7	1	8	0	0	8	0	0
3	95093496	.	A	G	7	2	9	0	0	9	0	0
3	95538705	.	G	T	16	3	19	0	4	23	0	0
3	95547135	.	A	G	9	3	12	0	0	12	0	0
3	95768688	.	T	C	3	2	5	0	0	5	0	0
3	95768692	.	T	C	1	3	4	0	0	4	0	0
3	96539776	.	A	G	5	30	35	0	1	36	0	0
3	96539965	.	A	T	6	2	8	0	7	15	0	0
3	96539966	.	A	T	9	0	9	0	7	16	0	0
3	96540029	.	A	G	27	4	31	0	1	32	0	0
3	97468123	.	A	C	3	2	5	0	0	5	0	0
3	104835351	.	A	G	1	5	6	0	0	6	0	0
3	104835352	.	A	G	4	2	6	0	0	6	0	0
3	108463972	.	T	A	19	6	25	1	13	39	0	0
3	108463973	.	G	A	18	2	20	1	19	40	0	0
3	122333214	.	G	A	5	2	7	0	3	10	0	0
3	133945706	.	A	G	6	2	8	0	1	10	1	0
3	135112631	.	T	C	59	12	71	0	1	72	0	0
3	138264879	.	A	G	19	3	22	0	0	22	0	0
3	138265030	.	A	G	18	4	22	0	1	23	0	0
3	149778387	.	C	A	1	1	2	35	1	38	0	0
3	152090793	.	A	G	3	2	5	0	0	5	0	0
4	9576791	.	G	A	8	2	10	1	4	15	0	0
4	21911667	.	A	G	9	9	18	0	0	18	0	0
4	21911675	.	A	G	14	4	18	0	0	18	0	0
4	22486711	.	T	A	4	2	6	1	6	13	0	0
4	22486712	.	T	A	5	1	6	1	6	13	0	0
4	33019420	.	A	G	92	32	124	0	5	129	0	0
4	33020417	.	A	G	78	78	156	0	3	159	0	0
4	41518514	.	T	C	254	45	299	0	7	306	0	0
4	56870174	.	T	C	13	5	18	0	0	18	0	0
4	56870260	.	T	C	8	4	12	0	2	14	0	0
4	56875805	.	T	C	6	3	9	0	0	9	0	0
4	62342224	.	A	G	21	4	25	0	0	25	0	0
4	69843940	.	T	C	8	2	10	160	0	170	0	0
4	79922036	.	T	C	1	2	3	0	0	3	0	0
4	86495344	.	G	T	63	18	81	0	2	83	0	0
4	94938157	.	T	C	7	1	8	0	8	16	0	0
4	94938161	.	A	C	4	3	7	0	5	12	0	0
4	103021909	.	A	G	17	3	20	0	3	23	0	0
4	107755665	.	T	C	2	1	3	0	0	3	0	0
4	108198313	.	A	G	4	5	9	0	0	9	0	0
4	108491569	.	T	C	7	2	9	0	0	9	0	0
4	118483277	.	A	G	24	5	29	0	0	29	0	0
4	118484005	.	A	G	11	17	28	0	0	28	0	0
4	118484020	.	A	G	29	5	34	0	2	36	0	0
4	118484072	.	A	G	22	4	26	0	1	27	0	0
4	119080668	.	T	C	11	4	15	0	1	16	0	0
4	119080724	.	T	C	12	4	16	0	2	18	0	0
4	124838094	.	A	G	6	11	17	0	0	17	0	0
4	124838169	.	A	G	18	5	23	0	0	23	0	0
4	125982944	.	A	G	10	11	21	0	0	21	0	0
4	125982989	.	A	G	20	4	24	0	0	24	0	0
4	125985065	.	A	G	5	4	9	0	0	9	0	0
4	129321134	.	C	G	8	2	10	0	0	10	0	0
4	131679966	.	T	C	24	6	30	0	1	31	0	0
4	133151007	.	G	A	2	2	4	0	0	4	0	0
4	133151009	.	T	A	2	3	5	0	0	5	0	0
4	133328818	.	A	G	4	2	6	0	0	6	0	0
4	133389520	.	T	C	5	6	11	0	0	11	0	0
4	137954192	.	A	G	2	3	5	0	0	5	0	0
4	137987341	.	A	G	96	14	110	0	2	113	1	0
4	137987354	.	A	G	80	30	110	0	3	113	0	0
4	138184300	.	A	G	4	6	10	0	0	10	0	0
4	138184311	.	T	A	7	2	9	0	1	10	0	0
4	140677381	.	A	C	12	5	17	0	6	23	0	0
4	140678893	.	A	G	14	7	21	1	0	22	0	0
4	147907770	.	T	C	2	6	8	0	0	8	0	0
4	147907775	.	T	C	5	3	8	0	0	8	0	0
4	147907821	.	T	C	2	2	4	0	0	4	0	0
4	148393330	.	A	G	1	2	3	0	0	3	0	0
4	148528757	.	G	A	10	2	12	0	0	12	0	0
4	149202586	.	A	G	34	12	46	0	1	47	0	0
4	149552818	.	T	C	1	3	4	0	0	4	0	0
4	155705891	.	A	G	7	3	10	0	1	11	0	0
4	155706425	.	A	G	33	6	39	0	0	39	0	0
4	155706828	.	A	G	10	7	17	1	3	21	0	0
4	155800935	.	A	G	6	3	9	0	0	9	0	0
4	155800938	.	A	G	4	4	8	0	0	8	0	0
4	155900271	.	G	A	5	1	6	0	0	6	0	0
4	156095123	.	A	G	93	55	148	0	4	152	0	0
4	156294001	.	A	G	3	2	5	0	0	5	0	0
5	5833442	.	T	C	2	4	6	5	0	11	0	0
5	22733550	.	C	T	1	3	4	7	0	11	0	0
5	22930972	.	G	A	1	2	3	15	1	19	0	0
5	23749502	.	T	C	2	1	3	0	1	4	0	0
5	24649635	.	T	C	27	5	32	1	1	34	0	0
5	25477416	.	C	T	15	5	20	0	3	23	0	0
5	33149571	.	A	G	9	2	11	0	1	12	0	0
5	33149943	.	A	G	8	3	11	0	0	11	0	0
5	33178147	.	G	A	6	2	8	0	0	8	0	0
5	33573262	.	A	G	2	2	4	0	0	4	0	0
5	35767612	.	G	A	5	2	7	0	1	8	0	0
5	35768412	.	A	C	1	1	2	0	4	6	0	0
5	64508359	.	C	T	7	4	11	0	3	14	0	0
5	65605388	.	T	C	52	18	70	1	4	75	0	0
5	65605389	.	T	C	39	26	65	1	6	72	0	0
5	73469787	.	A	G	77	14	91	0	2	93	0	0
5	77555578	.	T	C	6	23	29	1	1	31	0	0
5	88909827	.	T	C	14	3	17	0	1	18	0	0
5	109823592	.	A	G	3	2	5	2	0	7	0	0
5	110081429	.	C	T	3	4	7	0	2	9	0	0
5	110081431	.	C	T	3	4	7	0	1	8	0	0
5	110226520	.	A	G	3	10	13	5	0	18	0	0
5	115437319	.	T	C	11	3	14	0	0	14	0	0
5	121683511	.	T	C	15	7	22	0	0	22	0	0
5	121683725	.	T	C	7	2	9	0	2	11	0	0
5	121997242	.	C	A	2	2	4	0	0	4	0	0
5	123386729	.	A	G	17	5	22	0	1	23	0	0
5	123653992	.	T	C	11	2	13	0	0	13	0	0
5	123879315	.	T	C	4	18	22	0	0	22	0	0
5	123879325	.	T	C	18	3	21	0	1	22	0	0
5	123879350	.	T	C	12	2	14	0	1	15	0	0
5	123879362	.	T	C	9	4	13	0	0	13	0	0
5	123880062	.	T	C	4	3	7	0	0	7	0	0
5	124144538	.	A	G	28	11	39	0	1	40	0	0
5	125533669	.	A	G	36	59	95	0	1	96	0	0
5	125533687	.	A	G	68	16	84	0	1	85	0	0
5	125534541	.	A	G	68	35	103	0	0	103	0	0
5	129795789	.	A	G	10	3	13	0	0	13	0	0
5	129795821	.	A	G	6	11	17	0	0	17	0	0
5	129797823	.	A	G	8	11	19	0	2	21	0	0
5	129797838	.	A	G	17	3	20	0	0	20	0	0
5	129797862	.	A	G	20	3	23	0	1	24	0	0
5	129798517	.	A	G	21	6	27	0	0	27	0	0
5	130014307	.	A	G	78	17	95	0	1	96	0	0
5	131466449	.	C	T	10	4	14	0	4	18	0	0
5	132570854	.	T	A	4	4	8	0	0	8	0	0
5	134173078	.	G	A	6	6	12	0	6	18	0	0
5	134621604	.	A	G	4	2	6	0	0	6	0	0
5	135192160	.	A	G	9	2	11	0	0	11	0	0
5	135193588	.	A	G	5	2	7	0	0	7	0	0
5	135193855	.	A	G	2	3	5	0	0	5	0	0
5	135437709	.	T	C	26	7	33	0	0	33	0	0
5	135437715	.	T	C	23	7	30	0	0	30	0	0
5	136941953	.	A	G	77	27	104	0	2	106	0	0
5	137336165	.	T	C	3	3	6	0	0	6	0	0
5	139959977	.	T	C	2	1	3	0	1	5	1	0
5	140606797	.	C	G	12	7	19	0	12	31	0	0
5	140606802	.	T	G	20	10	30	0	16	46	0	0
5	142460111	.	C	A	5	1	6	0	1	7	0	0
5	142655047	.	A	G	103	22	125	0	1	126	0	0
5	142855980	.	T	C	1	5	6	0	1	7	0	0
5	143751066	.	A	G	9	8	17	0	0	17	0	0
5	143840226	.	A	G	6	6	12	0	0	12	0	0
6	29713997	.	A	G	3	3	6	0	0	6	0	0
6	31492602	.	A	G	9	7	16	0	3	19	0	0
6	37783131	.	C	T	0	2	2	9	8	19	0	0
6	37847782	.	A	G	16	3	19	0	0	19	0	0
6	39312088	.	T	C	23	8	31	0	0	31	0	0
6	39312096	.	T	C	26	9	35	0	1	36	0	0
6	39584626	.	G	A	1	5	6	0	6	12	0	0
6	47279242	.	A	T	3	5	8	0	5	13	0	0
6	47279245	.	C	T	9	0	9	0	7	16	0	0
6	47848349	.	A	G	7	5	12	0	0	12	0	0
6	47848373	.	A	G	7	5	12	0	0	12	0	0
6	47848942	.	A	G	12	4	16	0	1	17	0	0
6	47849226	.	A	G	6	4	10	0	0	10	0	0
6	49231811	.	T	C	17	6	23	0	0	23	0	0
6	49231812	.	T	C	15	9	24	0	1	25	0	0
6	49233394	.	T	C	14	3	17	0	0	17	0	0
6	65687592	.	A	G	6	4	10	0	0	10	0	0
6	65687724	.	A	G	8	2	10	0	0	10	0	0
6	66517065	.	A	G	5	2	7	0	0	7	0	0
6	66517110	.	A	G	8	6	14	0	0	14	0	0
6	66517254	.	A	G	6	3	9	0	0	9	0	0
6	66517255	.	A	G	7	2	9	0	0	9	0	0
6	66517625	.	A	G	3	8	11	0	0	11	0	0
6	66517635	.	A	G	6	5	11	0	0	11	0	0
6	67043821	.	A	G	3	2	5	0	1	6	0	0
6	84789910	.	A	G	1	2	3	0	0	3	0	0
6	84789913	.	C	T	1	1	2	0	0	2	0	0
6	85932353	.	T	C	8	6	14	0	3	17	0	0
6	86391922	.	A	G	1	5	6	1	0	7	0	0
6	87791783	.	T	C	9	2	11	0	0	11	0	0
6	87890574	.	G	A	7	2	9	0	0	9	0	0
6	90965601	.	T	C	10	4	14	1	0	15	0	0
6	116610677	.	T	C	4	2	6	0	1	7	0	0
6	122716319	.	T	C	2	3	5	0	0	5	0	0
6	124716628	.	T	C	8	5	13	0	0	13	0	0
6	124717185	.	T	C	4	2	6	0	0	6	0	0
6	125127623	.	A	G	4	3	7	0	0	7	0	0
6	126619121	.	T	C	71	20	91	0	5	96	0	0
6	134826525	.	A	G	3	2	5	0	0	5	0	0
6	148789942	.	T	C	1	2	3	0	0	3	0	0
6	148789943	.	T	C	1	2	3	0	0	3	0	0
6	148792002	.	T	C	1	2	3	0	0	3	0	0
6	149236756	.	A	G	10	3	13	0	0	13	0	0
7	3463600	.	A	G	95	18	113	0	1	114	0	0
7	6357070	.	T	C	8	2	10	0	1	11	0	0
7	6967909	.	A	G	6	7	13	0	0	13	0	0
7	6967915	.	A	G	7	4	11	0	0	11	0	0
7	6968013	.	A	G	6	7	13	0	0	13	0	0
7	6968063	.	T	G	11	5	16	0	0	16	0	0
7	12600489	.	T	C	1	2	3	0	0	3	0	0
7	12706114	.	A	G	11	2	13	0	0	13	0	0
7	12706157	.	A	G	8	3	11	0	0	11	0	0
7	15864170	.	T	C	4	4	8	0	6	14	0	0
7	16195237	.	T	C	4	3	7	1	0	8	0	0
7	16544242	.	C	T	0	33	33	0	0	33	0	0
7	16566548	.	G	A	1	7	8	0	0	8	0	0
7	16619272	.	A	G	5	48	53	0	1	54	0	0
7	16619450	.	A	G	27	5	32	0	1	33	0	0
7	16619714	.	A	G	54	25	79	0	1	80	0	0
7	16650305	.	G	C	5	38	43	0	0	43	0	0
7	16719192	.	G	A	52	13	65	1	0	66	0	0
7	16767929	.	C	T	1	4	5	0	0	5	0	0
7	16788727	.	C	A	1	4	5	0	0	5	0	0
7	18696483	.	T	C	27	19	46	0	3	49	0	0
7	18873686	.	T	C	13	5	18	0	0	18	0	0
7	18873733	.	T	C	8	7	15	0	0	15	0	0
7	19023012	.	A	G	1	2	3	0	0	3	0	0
7	19240036	.	T	C	8	2	10	0	1	11	0	0
7	19638449	.	T	A	2	6	8	0	0	8	0	0
7	19638461	.	T	A	5	3	8	0	0	8	0	0
7	23875377	.	A	T	1	5	6	0	0	6	0	0
7	23933876	.	G	A	1	7	8	12	0	20	0	0
7	23974515	.	C	A	16	3	19	0	0	19	0	0
7	24790590	.	G	T	2	0	2	0	2	4	0	0
7	26904993	.	A	G	1	6	7	0	0	7	0	0
7	26905060	.	A	G	6	8	14	0	0	14	0	0
7	26905125	.	A	G	10	3	13	0	0	13	0	0
7	27227593	.	T	C	51	10	61	0	0	61	0	0
7	27520956	.	A	G	3	4	7	0	0	7	0	0
7	27521358	.	A	G	14	4	18	0	0	18	0	0
7	27663968	.	C	T	1	6	7	4	0	11	0	0
7	28151412	.	G	A	1	13	14	0	0	14	0	0
7	28922523	.	T	C	4	2	6	0	1	7	0	0
7	29016713	.	C	T	13	2	15	0	2	17	0	0
7	29016714	.	C	T	13	2	15	0	2	17	0	0
7	29543100	.	A	G	3	2	5	0	0	5	0	0
7	43175443	.	T	C	7	2	9	0	1	10	0	0
7	44954853	.	A	G	3	2	5	0	0	5	0	0
7	45032973	.	T	C	5	4	9	0	0	9	0	0
7	45036981	.	A	C	1	3	4	0	1	5	0	0
7	45036987	.	A	C	3	2	5	0	2	7	0	0
7	45140801	.	T	C	2	3	5	0	0	5	0	0
7	55627368	.	T	C	102	27	129	0	5	134	0	0
7	58972333	.	T	C	1	3	4	0	0	4	0	0
7	59331191	.	G	C	7	5	12	12	0	24	0	0
7	59331194	.	A	C	7	5	12	12	0	24	0	0
7	72639082	.	A	G	2	2	4	0	0	4	0	0
7	75403234	.	C	T	6	5	11	0	2	13	0	0
7	75403236	.	G	T	6	4	10	0	3	13	0	0
7	79574242	.	T	C	3	4	7	0	0	7	0	0
7	79891696	.	A	G	2	3	5	0	1	6	0	0
7	80039593	.	G	A	4	1	5	0	2	7	0	0
7	80039596	.	T	A	4	0	4	0	3	7	0	0
7	80164408	.	T	A	3	1	4	0	0	4	0	0
7	81180363	.	A	G	4	2	6	0	0	6	0	0
7	81520108	.	A	G	3	2	5	0	0	5	0	0
7	81521958	.	A	G	8	2	10	0	0	10	0	0
7	83274886	.	T	C	7	3	10	0	0	10	0	0
7	83583289	.	C	T	12	2	14	0	0	14	0	0
7	99128225	.	A	G	2	1	3	0	1	4	0	0
7	100995711	.	C	A	10	2	12	0	0	12	0	0
7	103994110	.	A	C	2	2	4	1	0	5	0	0
7	121306558	.	T	C	28	10	38	0	0	38	0	0
7	122793209	.	G	A	6	2	8	0	0	8	0	0
7	123582585	.	A	G	26	7	33	0	1	34	0	0
7	126423019	.	G	C	8	4	12	0	1	13	0	0
7	126423022	.	A	C	13	3	16	0	0	16	0	0
7	126468724	.	C	T	2	1	3	0	2	5	0	0
7	126853494	.	A	G	49	9	58	0	0	58	0	0
7	127178167	.	A	G	4	4	8	0	0	8	0	0
7	139685712	.	T	C	19	5	24	0	0	24	0	0
7	139685717	.	T	C	21	5	26	0	0	26	0	0
7	139715633	.	A	G	2	2	4	0	1	5	0	0
7	139715640	.	A	G	0	3	3	0	0	3	0	0
7	139715688	.	A	G	2	4	6	0	0	6	0	0
7	139716520	.	A	G	4	2	6	0	0	6	0	0
7	140391011	.	T	C	16	4	20	0	1	21	0	0
7	140391023	.	T	C	20	5	25	0	2	27	0	0
7	140471215	.	G	A	2	2	4	8	2	14	0	0
7	140471558	.	G	A	3	2	5	15	0	20	0	0
7	140916604	.	A	G	33	9	42	0	2	44	0	0
7	141503659	.	T	C	23	6	29	2	2	33	0	0
7	141503671	.	G	C	25	0	25	2	0	27	0	0
7	142207010	.	T	C	20	15	35	0	0	35	0	0
7	142207465	.	T	C	29	5	34	0	0	34	0	0
8	14140659	.	G	A	32	5	37	0	0	37	0	0
8	14140661	.	A	C	27	5	32	0	0	32	0	0
8	19732474	.	C	A	8	2	10	2	0	12	0	0
8	19741629	.	C	T	3	3	6	13	0	19	0	0
8	20030726	.	C	A	24	5	29	9	0	38	0	0
8	20030843	.	C	T	19	3	22	5	0	27	0	0
8	20030895	.	C	A	33	4	37	26	1	64	0	0
8	20030901	.	C	A	51	11	62	31	0	93	0	0
8	20157964	.	A	G	8	5	13	64	0	77	0	0
8	20698008	.	A	T	19	5	24	13	0	37	0	0
8	20717395	.	T	A	6	2	8	36	0	44	0	0
8	20721217	.	A	G	11	3	14	33	0	47	0	0
8	20727130	.	G	A	41	13	54	9	0	63	0	0
8	22558454	.	C	T	1	4	5	0	2	7	0	0
8	23161360	.	A	G	4	2	6	0	0	6	0	0
8	23432483	.	G	A	5	2	7	0	1	8	0	0
8	26303772	.	T	C	7	2	9	0	0	9	0	0
8	27537175	.	A	G	2	3	5	0	0	5	0	0
8	27537204	.	A	G	6	2	8	0	0	8	0	0
8	39618334	.	C	A	17	3	20	0	0	20	0	0
8	41370862	.	A	G	12	2	14	0	0	14	0	0
8	42061914	.	T	C	2	3	5	0	0	5	0	0
8	42700052	.	A	G	3	4	7	5	0	12	0	0
8	42700188	.	T	C	1	3	4	2	0	6	0	0
8	61848427	.	G	T	11	2	13	0	4	17	0	0
8	69766592	.	A	G	12	2	14	0	0	14	0	0
8	70028770	.	G	A	1	8	9	4	0	13	0	0
8	71826333	.	A	G	10	5	15	0	0	15	0	0
8	71826392	.	A	G	5	2	7	0	0	7	0	0
8	71943917	.	T	A	5	1	6	0	0	6	0	0
8	72935941	.	A	G	2	2	4	0	0	4	0	0
8	72977426	.	A	G	15	30	45	0	1	46	0	0
8	73199262	.	A	G	4	2	6	0	0	6	0	0
8	73269626	.	T	C	2	6	8	0	0	8	0	0
8	73269630	.	T	C	2	6	8	0	0	8	0	0
8	84977744	.	T	C	10	3	13	0	0	13	0	0
8	84982543	.	T	C	4	3	7	0	1	8	0	0
8	84982544	.	T	C	4	3	7	0	0	7	0	0
8	85591923	.	A	G	2	2	4	0	1	5	0	0
8	85684004	.	T	C	13	3	16	0	0	16	0	0
8	85784197	.	T	C	15	4	19	0	0	19	0	0
8	85835300	.	T	C	4	4	8	0	0	8	0	0
8	88898496	.	A	G	23	7	30	0	0	30	0	0
8	93572774	.	C	T	3	1	4	0	0	4	0	0
8	93597783	.	C	T	10	2	12	0	0	12	0	0
8	95385481	.	C	A	10	2	12	0	0	12	0	0
8	95385487	.	G	A	13	2	15	0	0	15	0	0
8	104986580	.	A	G	1	3	4	0	0	4	0	0
8	106199082	.	C	T	8	2	10	0	0	10	0	0
8	106856808	.	C	T	9	2	11	0	0	11	0	0
8	107744427	.	A	G	12	3	15	0	0	15	0	0
8	107744848	.	A	G	9	10	19	0	0	19	0	0
8	110817217	.	A	G	31	7	38	0	0	38	0	0
8	120486932	.	T	C	7	3	10	0	0	10	0	0
8	120535961	.	C	T	2	2	4	0	0	4	0	0
8	124261954	.	A	G	5	3	8	0	0	8	0	0
8	125620613	.	T	C	10	10	20	0	7	27	0	0
8	125620618	.	T	C	7	15	22	0	5	27	0	0
8	125620861	.	T	C	36	14	50	0	0	50	0	0
8	125620923	.	T	C	10	29	39	0	0	39	0	0
8	125620929	.	T	C	16	16	32	0	2	34	0	0
8	128086286	.	C	T	9	2	11	0	0	11	0	0
8	129459346	.	C	T	30	6	36	0	3	39	0	0
9	3387716	.	A	G	9	8	17	0	0	17	0	0
9	3387771	.	A	G	17	7	24	0	2	26	0	0
9	4456006	.	T	C	9	25	34	0	0	34	0	0
9	7836792	.	T	C	4	2	6	0	0	6	0	0
9	14748160	.	A	G	2	2	4	0	0	4	0	0
9	20512914	.	A	G	5	3	8	0	0	8	0	0
9	20513875	.	A	G	3	5	8	0	0	8	0	0
9	20781697	.	A	G	23	4	27	0	0	27	0	0
9	21044762	.	T	C	1	1	2	0	1	3	0	0
9	21122912	.	G	A	28	8	36	0	4	40	0	0
9	21929086	.	G	T	20	5	25	0	6	32	1	0
9	21929088	.	C	T	20	7	27	0	7	34	0	0
9	27260291	.	G	T	3	3	6	0	1	7	0	0
9	35097182	.	T	C	2	3	5	0	0	5	0	0
9	44204075	.	T	C	21	5	26	0	1	27	0	0
9	44204076	.	T	C	25	5	30	0	0	30	0	0
9	44221511	.	A	T	6	4	10	0	0	10	0	0
9	44322503	.	T	C	8	2	10	0	0	10	0	0
9	44419703	.	A	C	7	4	11	0	9	20	0	0
9	44715936	.	C	T	11	3	14	0	4	18	0	0
9	44715939	.	C	T	11	1	12	0	6	18	0	0
9	44827798	.	T	C	3	2	5	0	0	5	0	0
9	44828368	.	A	G	5	2	7	0	0	7	0	0
9	45697207	.	C	G	9	1	10	0	0	10	0	0
9	45697208	.	T	A	10	1	11	0	0	11	0	0
9	45747294	.	C	T	1	3	4	0	0	4	0	0
9	52000027	.	T	C	6	2	8	0	0	8	0	0
9	54275803	.	G	T	10	4	14	0	1	15	0	0
9	54275804	.	G	T	11	2	13	0	2	15	0	0
9	57449243	.	G	T	6	4	10	1	3	14	0	0
9	57449244	.	G	T	7	1	8	1	5	14	0	0
9	60505480	.	T	A	1	2	3	0	0	3	0	0
9	61280131	.	T	G	9	2	11	0	6	17	0	0
9	64142586	.	A	G	1	3	4	1	0	5	0	0
9	65036693	.	T	C	4	2	6	0	0	6	0	0
9	69923101	.	A	G	3	7	10	0	0	10	0	0
9	72270786	.	C	A	22	6	28	0	10	38	0	0
9	72366863	.	T	C	10	2	12	0	0	12	0	0
9	72385022	.	T	C	10	2	12	0	0	12	0	0
9	75601320	.	A	G	1	2	3	0	1	4	0	0
9	78076674	.	A	G	16	3	19	0	0	19	0	0
9	89097312	.	A	G	6	4	10	0	0	10	0	0
9	89097389	.	G	A	12	2	14	0	1	15	0	0
9	95448061	.	C	T	13	5	18	0	2	20	0	0
9	95938130	.	A	G	9	3	12	0	0	12	0	0
9	95939206	.	A	G	25	6	31	0	0	31	0	0
9	96777818	.	T	C	8	4	12	277	1	290	0	0
9	103062470	.	C	A	7	3	10	0	0	10	0	0
9	103062472	.	C	A	2	4	6	0	0	6	0	0
9	106118047	.	T	C	1	2	3	0	0	3	0	0
9	107640487	.	T	C	2	2	4	0	0	4	0	0
9	108445284	.	T	C	9	2	11	0	0	11	0	0
9	109659804	.	T	C	10	2	12	0	0	12	0	0
9	117898673	.	G	T	1	0	1	0	2	3	0	0
9	117898677	.	G	T	1	0	1	0	2	3	0	0
9	121540697	.	A	G	2	2	4	0	0	4	0	0
9	123349983	.	A	G	11	3	14	0	1	15	0	0
9	124033039	.	T	G	6	2	8	0	0	8	0	0
9	124033057	.	G	T	4	2	6	0	0	6	0	0
9	124034058	.	T	G	25	4	29	1	0	30	0	0
9	124034094	.	A	G	20	10	30	0	1	31	0	0
X	7773342	.	A	G	9	3	12	0	0	12	0	0
X	7774376	.	A	G	5	3	8	0	0	8	0	0
X	20483529	.	C	G	18	6	24	0	3	27	0	0
X	40743165	.	A	G	1	7	8	0	0	8	0	0
X	55633003	.	T	C	35	12	47	0	0	47	0	0
X	60231705	.	A	G	18	9	27	0	0	27	0	0
X	73270255	.	T	C	9	4	13	0	1	14	0	0
X	73270468	.	T	C	8	22	30	0	2	33	1	0
X	73329317	.	A	G	3	3	6	0	0	6	0	0
X	102620158	.	T	C	5	7	12	0	0	12	0	0
X	102620159	.	T	C	5	7	12	0	0	12	0	0
X	102623385	.	T	C	14	3	17	0	1	18	0	0
X	102623421	.	T	C	6	2	8	0	1	9	0	0
X	102625172	.	T	C	9	1	10	0	1	11	0	0
X	133489379	.	T	C	9	6	15	0	0	15	0	0
X	133489405	.	T	C	9	5	14	0	0	14	0	0
X	133490101	.	T	C	7	2	9	0	0	9	0	0
X	133490145	.	T	C	8	2	10	0	1	11	0	0
X	135950573	.	A	G	9	2	11	0	0	11	0	0
X	135972884	.	T	A	7	1	8	0	0	8	0	0
X	135972887	.	T	A	8	1	9	0	0	9	0	0
X	138846154	.	T	C	1	3	4	0	0	4	0	0
X	145978689	.	A	G	49	10	59	0	1	60	0	0
X	149766871	.	T	C	32	10	42	0	6	48	0	0
X	149767614	.	T	C	103	84	187	1	5	193	0	0
X	149768450	.	T	C	180	45	225	0	3	228	0	0
X	149768451	.	T	C	176	43	219	0	5	224	0	0
X	149768519	.	T	C	245	39	284	0	3	287	0	0
X	149768525	.	T	C	148	85	233	0	4	237	0	0
X	151078480	.	G	A	18	5	23	0	3	26	0	0
X	162761028	.	T	C	3	4	7	0	0	7	0	0
X	162761029	.	T	C	5	2	7	0	0	7	0	0
X	164973085	.	G	A	6	3	9	0	0	9	0	0
X	165351420	.	T	C	3	2	5	0	0	5	0	0
