contig	position	variantID	refAllele	altAllele	refCount	altCount	totalCount	lowMAPQDepth	lowBaseQDepth	rawDepth	otherBases	improperPairs
1	11667213	.	A	G	38	9	47	0	0	47	0	0
1	12930596	.	A	G	10	2	12	0	0	12	0	0
1	13636292	.	T	A	8	2	10	0	10	20	0	0
1	13695233	.	T	C	3	3	6	0	0	6	0	0
1	13695965	.	T	C	2	4	6	3	1	10	0	0
1	13696043	.	T	C	9	3	12	1	0	13	0	0
1	16201750	.	C	T	7	2	9	0	1	10	0	0
1	16717060	.	T	C	6	3	9	0	0	9	0	0
1	22031785	.	T	C	7	11	18	0	0	18	0	0
1	36565749	.	G	T	21	7	28	0	3	31	0	0
1	36565750	.	A	T	22	4	26	0	5	31	0	0
1	37482236	.	T	C	13	2	15	0	0	15	0	0
1	37482239	.	T	C	14	2	16	0	0	16	0	0
1	39695898	.	A	G	3	2	5	0	0	5	0	0
1	42736434	.	G	A	4	1	5	0	1	6	0	0
1	42789922	.	A	G	4	2	6	0	0	6	0	0
1	44145878	.	T	C	1	2	3	0	0	3	0	0
1	52202611	.	G	T	7	2	9	0	0	9	0	0
1	52224672	.	G	A	3	3	6	0	0	6	0	0
1	59756306	.	A	G	12	2	14	0	0	14	0	0
1	59756970	.	A	G	6	2	8	0	0	8	0	0
1	59756998	.	A	G	9	3	12	0	0	12	0	0
1	59913367	.	A	G	58	13	71	0	1	72	0	0
1	59952529	.	A	G	3	2	5	0	0	5	0	0
1	60517747	.	A	G	44	23	67	0	9	76	0	0
1	63096843	.	T	A	7	2	9	0	0	9	0	0
1	63156443	.	A	G	2	3	5	0	0	5	0	0
1	66711873	.	A	G	104	37	141	0	10	151	0	0
1	68071399	.	A	G	6	4	10	0	0	10	0	0
1	75398649	.	A	G	32	14	46	0	2	48	0	0
1	82726173	.	A	G	1	2	3	0	1	4	0	0
1	86205442	.	A	G	0	2	2	0	0	2	0	0
1	86205443	.	A	G	1	2	3	0	0	3	0	0
1	86275458	.	T	C	24	4	28	0	1	29	0	0
1	86276528	.	T	C	10	7	17	0	0	17	0	0
1	88187311	.	C	T	3	2	5	0	0	5	0	0
1	88187978	.	T	G	2	2	4	0	0	4	0	0
1	88188121	.	A	C	1	2	3	0	0	3	0	0
1	88188150	.	C	A	3	3	6	0	0	6	0	0
1	88188255	.	C	T	0	3	3	0	1	4	0	0
1	88188277	.	C	G	2	4	6	0	1	7	0	0
1	88188360	.	T	G	1	2	3	0	0	3	0	0
1	88188362	.	C	G	1	2	3	0	0	3	0	0
1	88188745	.	T	A	1	2	3	0	0	3	0	0
1	88189404	.	C	T	2	3	5	0	0	5	0	0
1	88189435	.	G	C	3	3	6	0	0	6	0	0
1	88189685	.	C	A	2	2	4	0	0	4	0	0
1	88189797	.	G	A	2	2	4	0	0	4	0	0
1	88189938	.	C	A	3	2	5	0	0	5	0	0
1	88190661	.	G	C	2	2	4	0	0	4	0	0
1	88190921	.	C	T	2	13	15	0	0	15	0	0
1	88191018	.	A	T	10	9	19	0	2	21	0	0
1	88191035	.	T	A	5	10	15	0	0	15	0	0
1	88191237	.	A	C	10	28	38	0	2	40	0	0
1	88191320	.	C	T	4	38	42	0	3	45	0	0
1	88191706	.	G	A	48	8	56	0	0	56	0	0
1	88191710	.	T	C	15	34	49	0	2	51	0	0
1	88191744	.	C	A	36	5	41	0	3	44	0	0
1	88192008	.	C	T	43	11	54	0	5	59	0	0
1	88192037	.	T	A	4	22	26	0	1	27	0	0
1	88192048	.	G	C	23	39	62	0	0	62	0	0
1	88192180	.	G	T	77	12	89	0	3	92	0	0
1	88192184	.	T	A	77	11	88	0	2	90	0	0
1	88192243	.	A	G	7	47	54	0	0	54	0	0
1	88192700	.	G	A	15	24	39	0	1	40	0	0
1	88192756	.	G	A	15	36	51	1	3	55	0	0
1	88193031	.	C	G	13	21	34	1	0	35	0	0
1	88193194	.	C	T	5	15	20	9	1	30	0	0
1	88193292	.	T	A	4	2	6	2	0	8	0	0
1	88193568	.	A	C	2	7	9	41	0	50	0	0
1	88193917	.	G	A	10	21	31	27	1	59	0	0
1	88197053	.	T	C	13	29	42	0	3	45	0	0
1	88197991	.	A	G	13	34	47	0	1	48	0	0
1	88197996	.	C	T	5	45	50	0	0	50	0	0
1	88200718	.	C	A	1	10	11	0	0	11	0	0
1	88200832	.	C	T	7	12	19	0	0	19	0	0
1	88204113	.	T	G	1	3	4	0	0	4	0	0
1	88205197	.	A	G	3	14	17	4	1	22	0	0
1	88205229	.	A	G	1	5	6	0	0	6	0	0
1	88205247	.	A	G	1	7	8	0	1	9	0	0
1	91860479	.	C	T	8	2	10	0	2	12	0	0
1	91860480	.	G	T	11	2	13	0	1	14	0	0
1	93299307	.	A	G	16	10	26	0	1	27	0	0
1	93299890	.	A	G	15	3	18	1	3	22	0	0
1	93435643	.	C	T	24	10	34	0	9	43	0	0
1	93747812	.	G	T	7	3	10	1	2	13	0	0
1	118763959	.	A	G	2	2	4	0	0	4	0	0
1	131953439	.	T	C	12	13	25	0	0	25	0	0
1	133065748	.	A	G	48	14	62	0	2	64	0	0
1	133628927	.	T	C	1	2	3	0	0	3	0	0
1	134435594	.	A	G	11	3	14	0	2	16	0	0
1	134435596	.	T	C	12	3	15	0	1	16	0	0
1	140173897	.	T	C	5	1	6	0	6	12	0	0
1	152260771	.	G	A	3	1	4	0	2	6	0	0
1	153746099	.	T	C	1	2	3	0	0	3	0	0
1	153746104	.	T	C	1	2	3	0	0	3	0	0
1	154270351	.	C	A	13	12	25	0	7	32	0	0
1	155151508	.	G	T	13	7	20	1	4	25	0	0
1	155151509	.	C	T	15	2	17	1	8	26	0	0
1	156255182	.	T	C	6	8	14	0	0	14	0	0
1	156255601	.	T	C	9	3	12	0	0	12	0	0
1	159759023	.	G	A	17	5	22	0	13	35	0	0
1	160835342	.	T	C	2	4	6	0	0	6	0	0
1	160835343	.	T	C	3	3	6	0	0	6	0	0
1	160837764	.	G	A	9	2	11	0	2	13	0	0
1	161822495	.	C	A	1	1	2	0	0	2	0	0
1	165738940	.	T	A	9	1	10	0	0	10	0	0
1	165738947	.	T	C	9	2	11	0	0	11	0	0
1	166143068	.	G	A	28	10	38	0	6	44	0	0
1	166916330	.	A	C	12	5	17	0	3	21	1	0
1	166916336	.	A	C	11	4	15	0	6	21	0	0
1	167051315	.	C	G	4	4	8	0	0	8	0	0
1	171831851	.	T	G	6	1	7	0	3	10	0	0
1	171831856	.	T	G	3	1	4	0	5	9	0	0
1	180155629	.	C	T	4	2	6	0	2	8	0	0
1	180924020	.	T	C	29	10	39	0	0	39	0	0
1	183190594	.	A	G	12	5	17	0	0	17	0	0
1	185188520	.	A	T	10	2	12	0	0	12	0	0
1	192528418	.	C	A	4	5	9	0	0	9	0	0
10	5751931	.	G	C	4	2	6	0	0	6	0	0
10	5752204	.	A	G	5	7	12	0	0	12	0	0
10	5752309	.	G	A	4	3	7	0	2	9	0	0
10	5752318	.	T	C	6	5	11	0	0	11	0	0
10	7524278	.	T	C	9	2	11	0	0	11	0	0
10	8598013	.	A	G	10	2	12	0	0	12	0	0
10	14621524	.	C	T	2	2	4	145	0	149	0	0
10	14621525	.	C	T	2	2	4	134	0	138	0	0
10	20194248	.	A	G	3	3	6	0	0	6	0	0
10	20194372	.	A	G	2	4	6	0	0	6	0	0
10	20194396	.	A	G	1	1	2	0	0	2	0	0
10	20194416	.	A	G	2	3	5	0	0	5	0	0
10	33864897	.	T	C	9	3	12	0	0	12	0	0
10	42574895	.	A	G	2	3	5	0	0	5	0	0
10	45752162	.	G	A	18	6	24	12	1	37	0	0
10	49118584	.	T	C	13	8	21	0	0	21	0	0
10	49118640	.	T	C	13	6	19	0	0	19	0	0
10	49120426	.	T	C	5	39	44	0	0	44	0	0
10	49148872	.	T	C	7	27	34	0	2	36	0	0
10	49148885	.	T	C	11	28	39	0	1	40	0	0
10	57383252	.	A	G	2	4	6	0	0	6	0	0
10	57391874	.	C	T	27	12	39	0	4	43	0	0
10	61155548	.	A	G	6	2	8	0	0	8	0	0
10	76391424	.	A	G	12	3	15	0	0	15	0	0
10	77158455	.	T	C	41	32	73	1	1	75	0	0
10	79745889	.	A	G	14	4	18	0	0	18	0	0
10	80403193	.	T	C	75	12	87	0	2	89	0	0
10	81155803	.	G	A	6	1	7	0	6	13	0	0
10	81181979	.	T	C	12	2	14	0	0	14	0	0
10	82062115	.	T	C	12	9	21	0	2	23	0	0
10	82486401	.	T	C	12	3	15	0	1	16	0	0
10	86672203	.	A	G	26	5	31	0	0	31	0	0
10	86672208	.	A	G	24	6	30	0	1	31	0	0
10	86672577	.	T	C	15	4	19	0	6	25	0	0
10	89505604	.	C	T	14	5	19	0	0	19	0	0
10	94057224	.	A	G	17	6	23	0	0	23	0	0
10	126903751	.	T	C	116	20	136	0	2	138	0	0
10	127038297	.	T	C	4	2	6	0	0	6	0	0
10	127041004	.	T	C	3	2	5	0	0	5	0	0
10	127500398	.	C	A	19	5	24	0	0	24	0	0
10	127500399	.	C	G	17	5	22	0	1	23	0	0
10	127912949	.	G	T	39	7	46	0	2	48	0	0
10	127912954	.	G	T	42	2	44	0	4	48	0	0
10	127920754	.	A	G	2	2	4	0	0	4	0	0
10	127962888	.	T	C	6	5	11	0	7	18	0	0
10	128032463	.	A	G	3	2	5	0	0	5	0	0
10	128149753	.	T	C	15	4	19	0	0	19	0	0
10	128505927	.	T	C	8	2	10	0	1	11	0	0
10	128505929	.	T	C	8	2	10	0	1	11	0	0
11	3902194	.	A	C	1	6	7	0	0	7	0	0
11	4092085	.	T	C	19	22	41	0	0	41	0	0
11	4092790	.	T	C	16	10	26	0	1	27	0	0
11	4514133	.	G	A	3	2	5	0	1	6	0	0
11	19670767	.	C	T	0	2	2	2	2	6	0	0
11	20178606	.	T	C	16	5	21	0	0	21	0	0
11	24115380	.	C	T	5	3	8	0	2	10	0	0
11	29324320	.	G	C	18	2	20	0	10	30	0	0
11	35689114	.	C	T	3	2	5	0	0	5	0	0
11	42021769	.	A	T	5	5	10	0	0	10	0	0
11	43572939	.	A	G	2	2	4	0	0	4	0	0
11	43573028	.	A	G	6	2	8	0	0	8	0	0
11	43574972	.	A	G	2	3	5	0	0	5	0	0
11	46163470	.	T	C	99	437	536	0	17	553	0	0
11	48625554	.	T	C	1	2	3	0	0	3	0	0
11	48643747	.	G	A	1	2	3	4	0	7	0	0
11	48691187	.	C	T	45	10	55	0	0	55	0	0
11	53440228	.	A	G	143	126	269	0	7	276	0	0
11	59347027	.	A	G	28	20	48	0	0	48	0	0
11	59347029	.	A	G	29	18	47	0	0	47	0	0
11	59347092	.	A	G	27	6	33	0	0	33	0	0
11	59401881	.	A	G	8	11	19	0	0	19	0	0
11	59401884	.	A	G	15	4	19	0	0	19	0	0
11	60336053	.	T	C	5	2	7	0	0	7	0	0
11	62032236	.	A	G	1	3	4	0	0	4	0	0
11	69290502	.	C	T	7	2	9	0	0	9	0	0
11	69444942	.	A	T	1	4	5	0	2	7	0	0
11	69445678	.	A	C	18	6	24	0	2	26	0	0
11	69675231	.	A	G	2	2	4	0	0	4	0	0
11	69922901	.	A	G	4	2	6	0	1	7	0	0
11	69922950	.	A	G	7	3	10	0	0	10	0	0
11	69923921	.	A	G	13	5	18	0	1	19	0	0
11	69924751	.	A	G	12	2	14	0	1	15	0	0
11	69924767	.	A	G	11	4	15	0	0	15	0	0
11	69925841	.	A	G	3	2	5	0	1	6	0	0
11	69925985	.	A	G	4	3	7	0	0	7	0	0
11	69926648	.	A	G	10	2	12	0	0	12	0	0
11	69927434	.	A	G	4	2	6	0	0	6	0	0
11	69927869	.	A	G	1	5	6	0	0	6	0	0
11	69927946	.	A	G	7	3	10	0	0	10	0	0
11	69937302	.	A	G	11	3	14	0	0	14	0	0
11	69937304	.	A	G	13	3	16	0	0	16	0	0
11	70542720	.	G	A	4	5	9	0	0	9	0	0
11	74565209	.	A	C	15	7	22	0	4	26	0	0
11	75067170	.	T	C	24	11	35	0	3	38	0	0
11	75067258	.	T	C	32	10	42	0	1	43	0	0
11	75068247	.	A	G	20	4	24	0	2	26	0	0
11	75068297	.	T	C	20	7	27	0	0	27	0	0
11	77184906	.	T	A	0	2	2	7	1	10	0	0
11	77426880	.	T	C	50	13	63	0	1	64	0	0
11	77772950	.	C	T	2	0	2	0	1	3	0	0
11	77772955	.	A	G	2	1	3	0	1	4	0	0
11	78047515	.	G	A	10	1	11	0	1	12	0	0
11	78186027	.	A	G	10	4	14	0	0	14	0	0
11	78186044	.	A	G	5	6	11	0	0	11	0	0
11	78736472	.	A	G	2	4	6	0	0	6	0	0
11	80069675	.	A	G	8	4	12	0	1	13	0	0
11	82853392	.	A	G	2	2	4	0	0	4	0	0
11	82854512	.	A	G	7	3	10	0	0	10	0	0
11	88927208	.	T	C	12	10	22	0	0	22	0	0
11	94432859	.	T	C	10	4	14	0	0	14	0	0
11	95401202	.	A	G	7	4	11	0	4	15	0	0
11	95722830	.	T	C	4	0	4	0	5	9	0	0
11	95962333	.	T	C	4	3	7	0	0	7	0	0
11	95962468	.	T	C	5	4	9	0	0	9	0	0
11	95962469	.	T	C	1	8	9	0	0	9	0	0
11	96855798	.	A	G	3	5	8	0	0	8	0	0
11	96855799	.	A	G	4	4	8	0	0	8	0	0
11	97535375	.	T	C	12	4	16	0	0	16	0	0
11	98168820	.	A	G	8	3	11	0	0	11	0	0
11	98242736	.	A	G	8	2	10	0	0	10	0	0
11	98794177	.	G	A	20	6	26	0	4	30	0	0
11	100212918	.	G	A	11	3	14	0	2	16	0	0
11	100488792	.	T	C	14	5	19	0	0	19	0	0
11	101080710	.	A	C	7	4	11	0	2	13	0	0
11	101080714	.	G	C	9	3	12	0	5	17	0	0
11	101089126	.	T	C	4	8	12	0	0	12	0	0
11	101089729	.	T	C	18	5	23	0	1	24	0	0
11	101089734	.	T	C	16	9	25	0	0	25	0	0
11	101089802	.	T	C	17	4	21	0	0	21	0	0
11	102691418	.	T	C	5	2	7	0	1	8	0	0
11	103222923	.	C	T	15	16	31	0	2	33	0	0
11	104220906	.	G	A	11	4	15	0	5	20	0	0
11	105879986	.	A	C	2	2	4	0	1	5	0	0
11	107583819	.	G	C	16	3	19	0	4	24	1	0
11	109566759	.	A	C	10	1	11	0	0	11	0	0
11	112676734	.	G	A	9	3	12	0	1	13	0	0
11	115915085	.	T	C	8	2	10	0	0	10	0	0
11	116013650	.	T	C	2	3	5	0	0	5	0	0
11	116471963	.	T	C	13	25	38	0	1	39	0	0
11	116742048	.	G	A	0	1	1	0	2	3	0	0
11	116742052	.	G	A	2	2	4	0	1	5	0	0
11	117253070	.	C	T	7	3	10	0	4	14	0	0
11	118921475	.	A	C	2	1	3	0	1	4	0	0
12	3454168	.	A	G	49	10	59	8	0	67	0	0
12	3454248	.	A	G	20	43	63	8	5	76	0	0
12	3454647	.	A	G	45	50	95	4	5	104	0	0
12	3454648	.	A	G	80	19	99	4	1	104	0	0
12	5639815	.	C	A	1	0	1	0	1	2	0	0
12	5639823	.	T	C	2	2	4	1	0	5	0	0
12	8547666	.	A	T	5	5	10	0	1	11	0	0
12	8802555	.	G	A	4	2	6	0	0	6	0	0
12	8802557	.	T	A	3	2	5	0	1	6	0	0
12	17479425	.	T	C	10	5	15	0	3	18	0	0
12	17479431	.	G	C	10	3	13	0	2	15	0	0
12	17479613	.	A	G	17	4	21	1	1	23	0	0
12	17479809	.	A	G	12	12	24	0	0	24	0	0
12	17479860	.	A	G	14	4	18	0	0	18	0	0
12	46747117	.	T	C	47	11	58	0	4	62	0	0
12	52617093	.	G	T	7	2	9	0	0	9	0	0
12	52617110	.	G	T	7	2	9	0	1	10	0	0
12	54718540	.	T	C	25	6	31	1	1	33	0	0
12	54718556	.	T	C	23	5	28	0	1	29	0	0
12	54719142	.	T	C	28	5	33	0	2	35	0	0
12	55102739	.	T	C	2	2	4	0	0	4	0	0
12	65091799	.	A	G	3	2	5	0	0	5	0	0
12	65091803	.	A	G	3	2	5	0	0	5	0	0
12	65111962	.	A	G	2	3	5	0	2	7	0	0
12	69244102	.	A	G	16	10	26	0	1	27	0	0
12	71009598	.	A	T	10	3	13	1	2	16	0	0
12	71009599	.	C	T	9	1	10	1	4	16	1	0
12	71041403	.	A	G	4	44	48	0	0	48	0	0
12	71041903	.	A	G	9	14	23	0	2	25	0	0
12	71041909	.	A	G	18	5	23	0	0	23	0	0
12	72953219	.	T	C	7	3	10	0	0	10	0	0
12	72955837	.	T	C	6	5	11	0	0	11	0	0
12	75677928	.	A	G	3	6	9	4	0	13	0	0
12	75678010	.	C	T	2	3	5	7	1	13	0	0
12	75678095	.	C	T	9	2	11	10	0	21	0	0
12	75678133	.	A	G	2	4	6	2	0	8	0	0
12	78887986	.	T	C	4	5	9	0	0	9	0	0
12	80214850	.	C	T	9	5	14	0	6	20	0	0
12	81419225	.	C	T	1	2	3	0	0	3	0	0
12	84092114	.	A	G	2	2	4	0	0	4	0	0
12	84197105	.	A	C	7	2	9	0	2	11	0	0
12	84197111	.	A	C	8	2	10	0	1	11	0	0
12	84421785	.	T	C	15	5	20	0	0	20	0	0
12	86726722	.	A	C	7	5	12	0	2	14	0	0
12	86726725	.	T	C	7	6	13	0	1	14	0	0
12	98761274	.	T	C	6	2	8	0	0	8	0	0
12	100837974	.	A	G	9	6	15	0	1	16	0	0
12	101886131	.	T	C	20	9	29	0	0	29	0	0
12	101887890	.	T	C	32	7	39	0	0	39	0	0
12	104206513	.	C	G	1	1	2	1	0	3	0	0
12	104206523	.	G	A	1	2	3	1	0	4	0	0
12	108171831	.	C	G	11	6	17	0	1	18	0	0
12	108756817	.	T	C	6	2	8	0	0	8	0	0
12	109511202	.	C	A	5	6	11	0	7	19	1	0
12	109706996	.	A	G	3	2	5	0	0	5	0	0
12	110549278	.	T	A	6	2	8	0	0	8	0	0
12	112942561	.	C	A	16	4	20	0	0	20	0	0
12	112942562	.	C	A	16	4	20	0	0	20	0	0
13	3702325	.	A	G	5	2	7	0	0	7	0	0
13	3702820	.	A	G	8	3	11	0	0	11	0	0
13	6645957	.	C	A	6	2	8	0	4	12	0	0
13	6645961	.	C	A	7	2	9	0	2	11	0	0
13	8901801	.	T	C	18	8	26	0	0	26	0	0
13	13534327	.	T	C	2	2	4	0	0	4	0	0
13	17978929	.	T	C	2	8	10	0	0	10	0	0
13	17979133	.	T	C	12	3	15	0	0	15	0	0
13	17979342	.	T	C	12	2	14	0	0	14	0	0
13	21574074	.	T	C	6	3	9	0	0	9	0	0
13	21574103	.	T	C	10	2	12	0	0	12	0	0
13	21574188	.	T	C	10	4	14	0	1	15	0	0
13	21576493	.	T	C	11	3	14	0	0	14	0	0
13	21576512	.	T	C	7	3	10	0	2	12	0	0
13	21576576	.	T	C	9	4	13	0	0	13	0	0
13	21576611	.	T	C	12	4	16	0	0	16	0	0
13	21576615	.	T	C	10	5	15	0	0	15	0	0
13	29134714	.	T	A	8	0	8	0	3	11	0	0
13	29134716	.	A	T	7	2	9	0	1	10	0	0
13	29135280	.	T	C	7	2	9	0	1	10	0	0
13	29200781	.	C	T	6	2	8	0	1	9	0	0
13	36175157	.	T	C	1	2	3	6	0	9	0	0
13	38397966	.	A	G	3	2	5	0	0	5	0	0
13	42065982	.	A	G	3	2	5	0	0	5	0	0
13	49685629	.	A	G	1	2	3	0	0	3	0	0
13	49720893	.	A	G	2	1	3	0	0	3	0	0
13	54647742	.	T	C	1	2	3	0	0	3	0	0
13	59281741	.	G	A	24	9	33	0	2	35	0	0
13	59757011	.	A	G	1	3	4	0	0	4	0	0
13	63690911	.	C	T	17	25	42	0	2	44	0	0
13	64437994	.	T	C	14	6	20	0	0	20	0	0
13	64438124	.	T	C	13	4	17	0	0	17	0	0
13	64438172	.	T	C	11	3	14	0	2	16	0	0
13	67621181	.	T	C	3	2	5	0	1	6	0	0
13	67621265	.	T	C	4	5	9	0	3	12	0	0
13	67621271	.	T	C	7	3	10	0	0	10	0	0
13	67621453	.	T	C	6	3	9	0	0	9	0	0
13	67621455	.	T	C	5	4	9	0	0	9	0	0
13	67621510	.	T	C	5	3	8	1	1	10	0	0
13	67806962	.	T	C	4	2	6	0	0	6	0	0
13	67967727	.	T	C	1	3	4	0	0	4	0	0
13	74814316	.	T	C	5	2	7	0	0	7	0	0
13	76214886	.	G	A	6	2	8	0	0	8	0	0
13	93431202	.	G	A	4	2	6	0	0	6	0	0
13	93431208	.	T	C	0	2	2	0	1	3	0	0
13	93567576	.	G	A	11	3	14	0	0	14	0	0
13	100758563	.	T	C	5	2	7	0	0	7	0	0
13	101820033	.	T	C	9	4	13	0	3	16	0	0
13	103877757	.	C	A	7	3	10	0	0	10	0	0
13	107861323	.	C	T	8	5	13	0	3	16	0	0
13	112499998	.	T	C	6	2	8	0	1	9	0	0
13	114965260	.	T	A	11	3	14	2	1	17	0	0
13	119625401	.	G	T	26	19	45	0	1	46	0	0
13	120071842	.	A	G	26	4	30	0	0	30	0	0
14	9647289	.	A	G	75	16	91	0	8	99	0	0
14	10058181	.	A	G	134	40	174	0	2	176	0	0
14	14533725	.	T	C	11	13	24	0	0	24	0	0
14	21846832	.	A	G	16	41	57	0	1	58	0	0
14	21847779	.	A	G	74	18	92	0	2	94	0	0
14	26382413	.	T	C	4	2	6	0	0	6	0	0
14	27205403	.	A	G	17	3	20	0	0	20	0	0
14	29762301	.	T	A	9	3	12	0	3	15	0	0
14	29788070	.	T	C	20	6	26	0	0	26	0	0
14	29788078	.	T	C	18	11	29	0	0	29	0	0
14	30541467	.	C	T	11	4	15	0	0	15	0	0
14	30698016	.	A	G	3	3	6	0	0	6	0	0
14	31422583	.	T	C	35	10	45	0	2	47	0	0
14	31422619	.	T	C	34	15	49	0	0	49	0	0
14	32018582	.	A	G	31	8	39	0	0	39	0	0
14	34396123	.	A	C	2	3	5	0	2	7	0	0
14	45372227	.	T	C	11	4	15	0	0	15	0	0
14	45372232	.	T	C	8	4	12	0	0	12	0	0
14	45458810	.	A	C	1	2	3	0	4	7	0	0
14	47558234	.	A	G	10	6	16	12	0	28	0	0
14	48494595	.	T	C	11	2	13	0	0	13	0	0
14	49426141	.	C	T	26	11	37	0	6	43	0	0
14	51109987	.	A	G	7	4	11	0	0	11	0	0
14	52531686	.	A	G	21	83	104	0	2	106	0	0
14	59444229	.	C	T	3	1	4	0	0	4	0	0
14	59797744	.	C	T	3	2	5	0	0	5	0	0
14	65434629	.	T	C	52	8	60	0	0	60	0	0
14	65434640	.	T	C	41	23	64	0	0	64	0	0
14	66598684	.	C	G	27	9	36	0	28	64	0	0
14	66598691	.	A	G	19	6	25	0	14	39	0	0
14	67253167	.	A	T	26	5	31	1	13	45	0	0
14	70838843	.	T	C	3	2	5	0	0	5	0	0
14	75957159	.	T	C	34	13	47	0	0	47	0	0
14	79703414	.	T	C	1	2	3	0	0	3	0	0
14	103584115	.	T	C	21	9	30	0	0	30	0	0
14	105352016	.	C	T	2	2	4	0	2	6	0	0
14	118474015	.	A	T	13	0	13	0	0	14	1	0
14	121273016	.	A	G	7	4	11	0	0	11	0	0
15	5150309	.	T	C	3	5	8	19	1	28	0	0
15	5150549	.	A	G	3	2	5	0	0	5	0	0
15	8187674	.	A	G	3	5	8	0	1	9	0	0
15	8188973	.	A	G	5	6	11	0	2	13	0	0
15	10493454	.	C	T	13	4	17	1	3	21	0	0
15	31618507	.	G	T	4	1	5	0	0	5	0	0
15	34284444	.	G	A	4	4	8	2	0	10	0	0
15	39545842	.	C	A	15	2	17	0	13	30	0	0
15	39545849	.	C	A	18	6	24	0	5	29	0	0
15	55118258	.	A	G	11	3	14	0	1	15	0	0
15	55118692	.	A	G	9	2	11	0	3	14	0	0
15	55118697	.	A	G	13	2	15	0	1	16	0	0
15	55118962	.	A	G	9	2	11	0	1	12	0	0
15	55118968	.	A	G	7	3	10	0	3	13	0	0
15	66158075	.	T	C	8	3	11	0	0	11	0	0
15	75525395	.	T	C	2	2	4	0	1	5	0	0
15	76316680	.	A	G	4	1	5	0	2	7	0	0
15	78900113	.	T	C	3	3	6	0	0	6	0	0
15	80814416	.	A	C	9	3	12	0	1	13	0	0
15	80814422	.	A	C	10	3	13	0	0	13	0	0
15	80816548	.	A	G	10	2	12	0	0	12	0	0
15	80816550	.	A	G	5	6	11	0	0	11	0	0
15	81339166	.	A	G	10	5	15	0	0	15	0	0
15	81341097	.	A	G	7	3	10	0	0	10	0	0
15	81341104	.	A	G	9	1	10	0	1	11	0	0
15	83742681	.	G	A	4	4	8	0	2	10	0	0
15	84836962	.	T	C	9	11	20	0	1	21	0	0
15	88710797	.	A	G	10	2	12	0	1	13	0	0
15	89070817	.	G	C	4	5	9	1	7	18	1	0
15	93388677	.	C	G	13	0	13	0	5	19	1	0
15	93388679	.	A	G	10	3	13	0	6	19	0	0
15	94218341	.	A	G	2	2	4	0	0	4	0	0
15	98441085	.	C	T	3	4	7	0	3	10	0	0
15	98634993	.	T	C	20	40	60	0	2	62	0	0
15	98634994	.	T	C	53	9	62	0	1	63	0	0
15	98731431	.	T	C	33	7	40	0	0	40	0	0
15	98829314	.	C	T	6	2	8	2	2	12	0	0
15	98932367	.	T	C	2	2	4	356	0	360	0	0
15	98934966	.	T	C	3	2	5	310	1	316	0	0
15	98935173	.	C	T	1	4	5	466	0	471	0	0
15	99142536	.	T	C	84	18	102	22	4	128	0	0
15	99626049	.	A	G	10	5	15	0	0	15	0	0
15	99626051	.	A	G	10	7	17	0	0	17	0	0
15	99626091	.	A	G	13	10	23	0	1	24	0	0
15	99627262	.	A	G	4	6	10	0	0	10	0	0
15	101042403	.	A	C	5	2	7	0	7	14	0	0
15	101042409	.	A	C	4	2	6	0	6	12	0	0
16	3680985	.	T	C	20	5	25	0	0	25	0	0
16	4138236	.	A	G	1	2	3	1	0	4	0	0
16	4138530	.	T	G	1	5	6	26	0	32	0	0
16	4696957	.	G	A	5	2	7	0	0	7	0	0
16	5065333	.	C	G	8	2	10	0	0	10	0	0
16	10891391	.	T	C	5	9	14	0	5	19	0	0
16	13520445	.	A	G	25	8	33	0	1	34	0	0
16	13520501	.	A	G	28	6	34	0	1	35	0	0
16	13631815	.	C	T	41	7	48	0	10	58	0	0
16	13650452	.	A	G	7	6	13	0	1	14	0	0
16	13651794	.	G	T	8	2	10	0	0	10	0	0
16	18653678	.	A	G	45	9	54	0	0	54	0	0
16	19942498	.	A	G	40	25	65	0	1	66	0	0
16	20363189	.	A	G	3	2	5	0	0	5	0	0
16	20465062	.	A	G	2	2	4	0	0	4	0	0
16	30330773	.	T	C	9	4	13	0	1	14	0	0
16	32118689	.	A	G	14	7	21	1	0	22	0	0
16	32118742	.	A	G	24	4	28	0	1	29	0	0
16	32119150	.	A	G	26	18	44	0	0	44	0	0
16	35834520	.	A	G	3	2	5	0	0	5	0	0
16	37656108	.	G	A	2	2	4	0	2	6	0	0
16	45780807	.	C	T	16	7	23	0	5	28	0	0
16	45780809	.	T	C	20	5	25	0	1	26	0	0
16	52026153	.	T	C	9	2	11	0	0	11	0	0
16	55828700	.	A	T	8	2	10	0	4	14	0	0
16	55828701	.	A	T	9	4	13	0	1	14	0	0
16	87230814	.	T	C	11	7	18	0	2	20	0	0
16	91418287	.	C	T	1	2	3	0	0	3	0	0
16	91452977	.	A	G	80	52	132	0	2	134	0	0
16	91453021	.	A	G	89	23	112	0	4	117	1	0
16	91874256	.	A	G	6	2	8	0	0	8	0	0
16	94267505	.	A	G	11	3	14	0	0	14	0	0
16	94495073	.	G	T	39	5	44	0	1	45	0	0
16	97352704	.	T	C	2	1	3	0	1	4	0	0
16	97658408	.	T	C	1	3	4	0	0	4	0	0
16	97682821	.	A	G	7	2	9	0	1	10	0	0
17	3094529	.	C	T	2	2	4	17	0	21	0	0
17	5045722	.	A	G	7	1	8	0	1	9	0	0
17	6172906	.	A	G	8	3	11	0	0	11	0	0
17	6172911	.	A	G	7	5	12	0	3	15	0	0
17	6358616	.	A	G	3	2	5	0	0	5	0	0
17	9539588	.	A	G	1	2	3	2	0	5	0	0
17	15695826	.	T	C	5	2	7	0	0	7	0	0
17	15741073	.	A	G	7	3	10	0	0	10	0	0
17	15741586	.	A	G	5	3	8	0	1	9	0	0
17	18050496	.	A	G	1	2	3	0	1	4	0	0
17	24395428	.	T	C	65	29	94	0	1	95	0	0
17	24395462	.	T	C	98	29	127	0	1	128	0	0
17	24395463	.	T	C	100	25	125	0	5	130	0	0
17	24635786	.	A	G	6	3	9	0	0	9	0	0
17	24643100	.	A	G	5	3	8	0	0	8	0	0
17	24899644	.	A	C	11	2	13	0	4	17	0	0
17	24899650	.	A	C	14	4	18	0	1	19	0	0
17	25404688	.	C	T	20	3	23	0	0	23	0	0
17	25404690	.	C	T	19	3	22	0	2	24	0	0
17	29199079	.	T	C	2	2	4	0	0	4	0	0
17	29521001	.	A	G	8	5	13	0	0	13	0	0
17	31333483	.	C	T	9	10	19	0	8	27	0	0
17	31826631	.	G	A	1	1	2	0	3	5	0	0
17	32523563	.	T	C	45	6	51	0	2	53	0	0
17	32523565	.	T	C	45	5	50	0	3	53	0	0
17	33015107	.	T	C	10	6	16	0	0	16	0	0
17	33034543	.	T	C	7	2	9	0	0	9	0	0
17	33037766	.	T	C	21	5	26	0	1	27	0	0
17	33550719	.	T	C	12	3	15	0	0	15	0	0
17	33552004	.	T	C	16	3	19	0	1	21	1	0
17	33554396	.	A	G	7	3	10	0	1	11	0	0
17	33906273	.	T	C	4	5	9	0	0	9	0	0
17	34147531	.	A	G	18	6	24	0	1	25	0	0
17	35133024	.	T	A	1	5	6	0	0	6	0	0
17	35343754	.	G	A	8	2	10	0	0	10	0	0
17	35385235	.	A	G	1	2	3	0	0	3	0	0
17	36168626	.	A	G	6	10	16	0	0	16	0	0
17	36169512	.	A	G	11	3	14	0	0	14	0	0
17	36580955	.	T	C	6	3	9	0	0	9	0	0
17	40158498	.	T	C	4507	5930	10437	2	261	11211	511	0
17	45046872	.	T	C	7	2	9	0	0	9	0	0
17	45973875	.	T	C	36	102	138	0	6	144	0	0
17	46724795	.	T	A	7	2	9	0	3	12	0	0
17	46727251	.	A	G	3	4	7	0	0	7	0	0
17	46727252	.	A	G	4	3	7	0	0	7	0	0
17	46765496	.	G	A	7	7	14	0	3	17	0	0
17	46810304	.	A	G	6	4	10	0	0	10	0	0
17	47085856	.	T	C	24	5	29	1	1	31	0	0
17	47085857	.	T	C	21	8	29	1	0	30	0	0
17	56407602	.	G	A	1	6	7	0	0	7	0	0
17	57364364	.	G	C	7	2	9	0	0	9	0	0
17	88797008	.	G	T	4	2	6	0	1	7	0	0
17	88797009	.	C	T	4	1	5	0	2	7	0	0
17	93506704	.	A	T	2	0	2	0	2	5	1	0
17	95064364	.	T	C	2	3	5	0	1	6	0	0
17	95067396	.	T	C	14	11	25	0	1	26	0	0
17	95067479	.	T	C	18	21	39	0	0	39	0	0
17	95120096	.	T	C	1	2	3	0	1	4	0	0
18	4198909	.	C	A	3	2	5	26	0	31	0	0
18	6792650	.	A	G	24	4	28	0	0	28	0	0
18	6792739	.	A	G	17	5	22	0	1	23	0	0
18	6792757	.	A	G	23	6	29	0	1	30	0	0
18	6792857	.	A	G	15	3	18	0	0	18	0	0
18	6792865	.	A	G	14	3	17	0	2	19	0	0
18	6793749	.	A	G	21	5	26	0	0	26	0	0
18	6793841	.	A	G	14	4	18	0	0	18	0	0
18	6793851	.	A	G	14	3	17	0	1	18	0	0
18	21788346	.	A	C	1	1	2	0	2	4	0	0
18	21788353	.	T	C	2	1	3	0	1	4	0	0
18	24098289	.	A	G	7	3	10	0	0	10	0	0
18	24639050	.	T	C	12	2	14	0	1	15	0	0
18	32235557	.	A	G	8	6	14	0	1	15	0	0
18	32235582	.	A	G	11	5	16	0	1	17	0	0
18	32235595	.	A	G	4	11	15	0	1	16	0	0
18	32235930	.	A	G	4	2	6	0	0	6	0	0
18	32236019	.	A	G	7	3	10	0	1	11	0	0
18	32561134	.	A	G	50	13	63	0	2	65	0	0
18	34732837	.	G	A	0	1	1	0	3	4	0	0
18	34998030	.	T	A	15	7	22	0	3	25	0	0
18	34998034	.	G	A	10	5	15	0	3	18	0	0
18	35743341	.	A	G	10	4	14	0	0	14	0	0
18	35807586	.	T	C	71	17	88	0	1	89	0	0
18	36421440	.	C	A	42	9	51	0	2	53	0	0
18	46869696	.	T	C	8	2	10	0	0	10	0	0
18	47501599	.	G	A	15	4	19	0	5	24	0	0
18	53040085	.	C	T	3	3	6	0	0	6	0	0
18	57089998	.	T	C	14	4	18	0	0	18	0	0
18	57090012	.	T	C	4	10	14	0	0	14	0	0
18	57090140	.	T	C	5	2	7	0	0	7	0	0
18	65610148	.	A	G	2	5	7	0	0	7	0	0
18	77062550	.	A	G	11	20	31	0	0	31	0	0
18	77062557	.	A	G	22	8	30	0	0	30	0	0
18	82614133	.	T	C	11	2	13	0	1	14	0	0
19	3916385	.	A	G	12	7	19	0	0	19	0	0
19	3916452	.	A	G	16	4	20	0	1	21	0	0
19	3917362	.	A	G	7	3	10	1	0	11	0	0
19	3940459	.	A	G	2	2	4	0	0	4	0	0
19	3940464	.	A	G	2	2	4	0	0	4	0	0
19	4324082	.	T	C	2	3	5	0	0	5	0	0
19	4324083	.	T	C	1	4	5	0	0	5	0	0
19	4368397	.	A	G	15	8	23	0	9	32	0	0
19	4811022	.	T	C	10	2	12	0	0	12	0	0
19	4811030	.	T	C	6	3	9	0	0	9	0	0
19	4811133	.	T	C	11	3	14	0	1	15	0	0
19	4813117	.	T	C	3	3	6	0	0	6	0	0
19	4813159	.	T	C	3	2	5	0	0	5	0	0
19	4937728	.	T	C	33	5	38	0	0	38	0	0
19	5015429	.	A	G	3	4	7	0	0	7	0	0
19	6832126	.	A	G	3	2	5	0	0	5	0	0
19	7176321	.	G	A	15	50	65	1	40	106	0	0
19	7192521	.	C	T	11	3	14	1	1	16	0	0
19	7254111	.	C	T	26	9	35	0	3	38	0	0
19	7511659	.	T	G	11	5	16	0	5	21	0	0
19	8660724	.	A	G	22	4	26	0	1	27	0	0
19	8868268	.	A	G	8	3	11	0	0	11	0	0
19	9087240	.	A	T	2	2	4	0	1	5	0	0
19	10223060	.	T	C	40	66	106	0	1	107	0	0
19	10885930	.	A	G	1	2	3	0	1	4	0	0
19	12441626	.	A	G	28	7	35	1	0	36	0	0
19	16255683	.	T	C	1	6	7	0	0	7	0	0
19	28995837	.	C	T	11	3	14	0	1	15	0	0
19	29248791	.	T	G	17	13	30	0	0	30	0	0
19	31964189	.	A	G	9	2	11	0	0	11	0	0
19	34571000	.	A	G	3	2	5	0	0	5	0	0
19	41818939	.	A	G	6	2	8	0	1	9	0	0
19	43429601	.	A	G	10	8	18	0	0	18	0	0
19	44130353	.	T	C	3	2	5	0	0	5	0	0
19	44130371	.	T	C	3	2	5	0	1	6	0	0
19	46475082	.	A	G	8	2	10	0	0	10	0	0
19	46584782	.	A	G	5	3	8	0	0	8	0	0
19	53920935	.	T	C	15	4	19	1	0	20	0	0
2	3461415	.	A	G	1	2	3	0	0	3	0	0
2	5902666	.	T	C	1	2	3	0	0	3	0	0
2	13016231	.	C	T	18	2	20	1	5	26	0	0
2	13016235	.	C	T	14	3	17	1	6	24	0	0
2	14152860	.	A	G	25	7	32	0	3	35	0	0
2	14153493	.	A	G	3	12	15	0	1	16	0	0
2	14153560	.	A	G	3	3	6	0	3	9	0	0
2	14153568	.	A	G	5	6	11	0	0	11	0	0
2	18219539	.	T	C	15	5	20	0	1	21	0	0
2	18219547	.	T	C	18	6	24	0	0	24	0	0
2	18220174	.	T	C	8	5	13	1	1	15	0	0
2	22478367	.	T	C	1	3	4	13	6	23	0	0
2	22478451	.	A	G	2	2	4	10	4	18	0	0
2	22478526	.	A	G	3	5	8	5	2	15	0	0
2	22478670	.	T	A	0	4	4	15	7	26	0	0
2	22479057	.	T	C	0	3	3	9	6	18	0	0
2	22479475	.	A	G	0	2	2	3	2	7	0	0
2	26846568	.	T	C	8	3	11	0	1	12	0	0
2	29664907	.	T	C	2	3	5	0	0	5	0	0
2	30014597	.	C	T	6	2	8	0	0	8	0	0
2	30920944	.	T	C	32	5	37	0	0	37	0	0
2	30920955	.	T	C	31	5	36	0	0	36	0	0
2	31505906	.	A	G	10	2	12	0	0	12	0	0
2	31937444	.	A	G	24	5	29	1	1	31	0	0
2	32892070	.	T	C	2	2	4	0	0	4	0	0
2	32892089	.	T	C	1	3	4	0	0	4	0	0
2	40445910	.	G	T	0	2	2	7	1	10	0	0
2	40446059	.	C	T	12	1	13	106	2	121	0	0
2	44877391	.	C	A	14	6	20	0	1	21	0	0
2	49198973	.	T	C	1	10	11	14	2	27	0	0
2	49199137	.	T	C	5	4	9	142	2	153	0	0
2	55005781	.	C	T	12	4	16	0	2	19	1	0
2	55005783	.	G	T	12	5	17	0	2	19	0	0
2	60078304	.	G	A	19	15	34	0	4	38	0	0
2	66363514	.	A	G	1	3	4	0	0	4	0	0
2	74384252	.	C	T	3	2	5	0	0	5	0	0
2	76428783	.	A	C	14	4	18	0	5	23	0	0
2	90263321	.	G	A	4	1	5	0	7	12	0	0
2	90263322	.	C	A	3	2	5	0	7	12	0	0
2	91064732	.	T	C	9	3	12	0	1	13	0	0
2	91064743	.	T	C	9	5	14	0	0	14	0	0
2	104511117	.	T	C	16	10	26	0	0	26	0	0
2	104511123	.	T	C	19	5	24	0	1	25	0	0
2	109522833	.	A	C	1	2	3	0	2	5	0	0
2	109522837	.	A	C	2	1	3	0	3	6	0	0
2	112185846	.	A	G	4	2	6	0	0	6	0	0
2	112185852	.	A	G	2	4	6	0	0	6	0	0
2	115895889	.	T	C	14	3	17	0	7	24	0	0
2	118700340	.	A	G	11	4	15	0	1	16	0	0
2	118700422	.	A	G	6	15	21	0	0	21	0	0
2	118700423	.	A	G	7	14	21	0	0	21	0	0
2	118700712	.	A	G	8	2	10	0	0	10	0	0
2	118700801	.	A	G	11	2	13	0	1	14	0	0
2	120451649	.	A	G	21	4	25	0	0	25	0	0
2	120546686	.	T	C	2	2	4	0	0	4	0	0
2	120546687	.	T	C	2	2	4	0	0	4	0	0
2	120564258	.	T	C	35	30	65	0	2	67	0	0
2	120564302	.	T	C	28	12	40	0	0	40	0	0
2	120847374	.	T	A	1	3	4	0	0	4	0	0
2	120847375	.	T	A	1	3	4	0	0	4	0	0
2	121015462	.	A	G	3	2	5	0	0	5	0	0
2	121373743	.	A	G	6	2	8	0	0	8	0	0
2	121983556	.	T	A	12	5	17	0	3	20	0	0
2	126733408	.	T	C	13	4	17	0	1	18	0	0
2	126734836	.	T	C	17	5	22	0	0	22	0	0
2	128968268	.	A	G	9	4	13	0	0	13	0	0
2	130397973	.	A	G	1	9	10	0	0	10	0	0
2	130397974	.	A	G	8	2	10	0	1	11	0	0
2	130410056	.	A	G	3	2	5	0	0	5	0	0
2	130723176	.	C	T	7	2	9	6	0	16	1	0
2	132151800	.	A	G	60	317	377	0	2	379	0	0
2	132636996	.	C	A	3	5	8	0	0	8	0	0
2	135911813	.	G	A	8	8	16	0	4	20	0	0
2	144382358	.	A	G	23	7	30	0	0	30	0	0
2	150674416	.	G	T	6	2	8	0	1	9	0	0
2	151216347	.	C	T	0	2	2	0	1	3	0	0
2	152114942	.	A	G	2	7	9	0	0	9	0	0
2	152913962	.	C	T	2	2	4	0	0	4	0	0
2	153108492	.	A	G	14	4	18	0	0	18	0	0
2	153460309	.	T	C	4	4	8	0	0	8	0	0
2	154379850	.	A	G	30	9	39	0	1	40	0	0
2	157400030	.	T	C	96	17	113	10	2	125	0	0
2	157400060	.	T	C	81	34	115	2	2	120	1	0
2	157400069	.	T	C	67	48	115	3	1	119	0	0
2	158226873	.	A	G	130	383	513	0	24	537	0	0
2	163309459	.	T	C	5	9	14	0	0	14	0	0
2	164306821	.	G	A	16	13	29	0	10	39	0	0
2	164307764	.	A	C	2	2	4	0	1	5	0	0
2	164307770	.	A	C	2	2	4	0	2	6	0	0
2	164953773	.	T	C	35	9	44	0	1	45	0	0
2	166408278	.	A	G	7	4	11	0	1	12	0	0
2	168057541	.	T	C	1	3	4	0	0	4	0	0
2	168057546	.	T	C	1	2	3	0	0	3	0	0
2	169913263	.	A	G	2	2	4	0	1	5	0	0
2	174169694	.	A	G	90	21	111	0	6	117	0	0
2	177090089	.	C	A	4	2	6	2	1	9	0	0
2	177090099	.	A	G	4	1	5	0	0	5	0	0
3	19278361	.	T	C	12	2	14	0	0	14	0	0
3	26385911	.	T	C	9	3	12	0	0	12	0	0
3	28851555	.	G	T	27	8	35	0	7	42	0	0
3	31015380	.	T	C	1	2	3	0	0	3	0	0
3	32615620	.	A	G	67	11	78	0	1	79	0	0
3	32615624	.	C	T	65	17	82	0	5	87	0	0
3	32636549	.	T	C	17	3	20	0	0	20	0	0
3	37769052	.	T	C	9	2	11	43	0	55	1	0
3	40747624	.	A	G	41	9	50	0	1	51	0	0
3	40747629	.	A	G	34	23	57	0	2	59	0	0
3	40748383	.	G	A	9	5	14	4	3	21	0	0
3	57551783	.	T	C	4	1	5	0	1	6	0	0
3	57551908	.	T	C	5	6	11	0	0	11	0	0
3	57553275	.	T	C	6	2	8	0	0	8	0	0
3	65868019	.	A	G	3	3	6	0	1	7	0	0
3	68901456	.	T	C	1	5	6	0	0	6	0	0
3	68901460	.	T	C	3	3	6	0	0	6	0	0
3	80599593	.	T	C	134	280	414	2	4	420	0	0
3	80614159	.	T	C	13	11	24	0	1	25	0	0
3	80614215	.	T	C	347	138	485	0	4	489	0	0
3	87827827	.	T	G	4	2	6	0	0	6	0	0
3	87828989	.	A	G	2	3	5	0	0	5	0	0
3	87828994	.	A	G	4	2	6	0	1	7	0	0
3	88259488	.	A	G	2	7	9	0	0	9	0	0
3	88259498	.	A	G	2	8	10	0	0	10	0	0
3	88259907	.	A	G	4	4	8	0	0	8	0	0
3	88259983	.	A	G	5	3	8	0	0	8	0	0
3	88343269	.	C	T	1	2	3	0	0	3	0	0
3	89076910	.	A	C	1	4	5	0	1	6	0	0
3	89090052	.	G	A	6	2	8	0	1	9	0	0
3	89308434	.	T	C	2	2	4	0	0	4	0	0
3	89660763	.	C	A	4	3	7	0	0	7	0	0
3	89675221	.	T	C	9	2	11	0	0	11	0	0
3	89967924	.	A	G	1	7	8	0	0	8	0	0
3	89967938	.	A	G	7	4	11	0	0	11	0	0
3	90395677	.	G	T	6	2	8	0	2	10	0	0
3	94794244	.	T	A	13	4	17	0	1	18	0	0
3	94794245	.	G	A	14	4	18	0	0	18	0	0
3	94966904	.	C	T	12	2	14	0	6	20	0	0
3	94966905	.	C	T	16	4	20	0	1	21	0	0
3	95037891	.	T	C	4	2	6	0	1	7	0	0
3	95095436	.	T	C	13	2	15	0	0	15	0	0
3	96539776	.	A	G	9	17	26	1	1	28	0	0
3	96540029	.	A	G	23	8	31	0	3	34	0	0
3	96540128	.	A	G	25	4	29	0	3	32	0	0
3	97830562	.	T	C	11	4	15	0	1	16	0	0
3	98338227	.	G	T	10	3	13	0	2	15	0	0
3	104835351	.	A	G	4	6	10	0	0	10	0	0
3	104835352	.	A	G	6	4	10	0	0	10	0	0
3	114012451	.	T	C	4	2	6	0	0	6	0	0
3	116537795	.	T	C	14	3	17	0	0	17	0	0
3	116537812	.	T	C	12	3	15	0	1	16	0	0
3	133182881	.	G	A	3	2	5	0	1	6	0	0
3	135112631	.	T	C	56	12	68	0	5	73	0	0
3	138265030	.	A	G	20	3	23	0	0	23	0	0
3	143894308	.	C	T	6	3	9	0	2	11	0	0
3	146435333	.	A	T	2	4	6	0	0	6	0	0
3	151929390	.	C	T	4	2	6	0	0	6	0	0
3	151933098	.	C	T	1	2	3	0	2	5	0	0
3	151935613	.	A	G	1	5	6	0	0	6	0	0
3	152547168	.	T	A	2	1	3	0	0	3	0	0
3	152547176	.	T	C	1	1	2	0	0	2	0	0
4	6687406	.	G	T	5	2	7	0	1	8	0	0
4	9576791	.	G	A	7	5	12	0	2	14	0	0
4	11550028	.	T	C	12	2	14	0	0	14	0	0
4	21834548	.	A	G	14	7	21	0	0	21	0	0
4	21834568	.	A	G	23	7	30	1	1	32	0	0
4	21834782	.	A	G	12	7	19	0	0	19	0	0
4	21834791	.	A	G	10	9	19	0	0	19	0	0
4	21911667	.	A	G	12	6	18	0	0	18	0	0
4	33019420	.	A	G	130	30	160	0	4	164	0	0
4	33020417	.	A	G	72	78	150	0	3	153	0	0
4	41518514	.	T	C	205	38	243	0	8	251	0	0
4	44924244	.	A	G	10	2	12	0	1	13	0	0
4	46537527	.	G	A	21	5	26	0	7	33	0	0
4	56870260	.	T	C	14	8	22	0	1	23	0	0
4	56870267	.	T	C	10	7	17	0	1	18	0	0
4	56875732	.	T	C	17	4	21	0	1	22	0	0
4	62342224	.	A	G	22	5	27	0	3	30	0	0
4	62371673	.	T	C	5	2	7	0	0	7	0	0
4	70135707	.	A	C	5	2	7	0	0	7	0	0
4	83404650	.	G	A	25	5	30	0	0	30	0	0
4	86495344	.	G	T	59	17	76	0	2	78	0	0
4	86501272	.	A	G	5	2	7	0	0	7	0	0
4	98003063	.	C	T	8	3	11	0	1	12	0	0
4	108198313	.	A	G	3	5	8	0	0	8	0	0
4	108484757	.	G	A	2	2	4	0	1	5	0	0
4	109533813	.	A	G	12	3	15	0	0	15	0	0
4	115991546	.	T	C	17	4	21	0	0	21	0	0
4	115991567	.	T	C	15	4	19	0	0	19	0	0
4	116410105	.	T	C	10	3	13	0	1	14	0	0
4	118483277	.	A	G	19	6	25	0	0	25	0	0
4	118484005	.	A	G	15	27	42	0	0	42	0	0
4	119080668	.	T	C	14	3	17	0	0	17	0	0
4	119081410	.	T	C	21	3	24	1	1	26	0	0
4	119135361	.	C	T	37	39	76	0	37	113	0	0
4	124738570	.	G	A	17	4	21	0	1	22	0	0
4	124837078	.	A	G	16	11	27	0	1	28	0	0
4	124837084	.	A	G	16	7	23	0	0	23	0	0
4	124838094	.	A	G	13	9	22	0	0	22	0	0
4	125982944	.	A	G	8	6	14	0	0	14	0	0
4	125982950	.	A	G	11	5	16	0	0	16	0	0
4	125984999	.	A	G	20	3	23	0	3	26	0	0
4	125985059	.	A	G	11	2	13	0	1	14	0	0
4	125985458	.	A	G	13	2	15	0	0	15	0	0
4	126929432	.	C	T	5	5	10	1	7	18	0	0
4	129062418	.	T	C	1	2	3	0	0	3	0	0
4	131679966	.	T	C	17	5	22	0	0	22	0	0
4	131839535	.	T	C	23	3	26	0	1	27	0	0
4	133389520	.	T	C	3	6	9	0	0	9	0	0
4	134153046	.	C	T	2	2	4	0	2	6	0	0
4	137297388	.	G	C	3	1	4	0	0	4	0	0
4	137987341	.	A	G	84	29	113	0	1	114	0	0
4	137987354	.	A	G	65	36	101	0	2	103	0	0
4	140678472	.	A	G	12	2	14	0	2	16	0	0
4	140678829	.	A	G	9	2	11	0	0	11	0	0
4	140678893	.	A	G	14	3	17	2	1	20	0	0
4	147909430	.	T	C	4	4	8	0	0	8	0	0
4	147909525	.	T	C	1	2	3	0	0	3	0	0
4	149202586	.	A	G	28	13	41	0	0	41	0	0
4	149203211	.	A	G	26	7	33	0	1	34	0	0
4	149413173	.	G	T	30	6	36	0	4	40	0	0
4	149413182	.	G	T	30	3	33	0	6	39	0	0
4	149552818	.	T	C	1	4	5	0	0	5	0	0
4	155006593	.	T	C	1	2	3	0	0	3	0	0
4	155705891	.	A	G	9	6	15	0	0	15	0	0
4	155706828	.	A	G	11	6	17	1	2	20	0	0
4	155800422	.	A	G	11	2	13	0	0	13	0	0
4	155800935	.	A	G	9	4	13	0	0	13	0	0
4	155800977	.	A	G	5	2	7	0	1	8	0	0
4	156095123	.	A	G	72	59	131	0	2	133	0	0
4	156105664	.	T	C	12	2	14	0	0	14	0	0
4	156105693	.	T	C	7	4	11	0	0	11	0	0
4	156294288	.	A	G	3	3	6	0	0	6	0	0
5	3680498	.	T	C	8	4	12	0	0	12	0	0
5	3872613	.	T	G	3	2	5	0	0	5	0	0
5	5832034	.	C	T	4	3	7	71	1	79	0	0
5	5832035	.	C	T	6	2	8	71	0	79	0	0
5	5832950	.	A	T	5	1	6	600	1	607	0	0
5	5833142	.	A	G	1	7	8	5	5	18	0	0
5	5833442	.	T	C	1	9	10	9	1	20	0	0
5	22733330	.	G	A	2	2	4	0	0	4	0	0
5	22733550	.	C	T	3	2	5	3	0	8	0	0
5	22930894	.	A	G	1	2	3	2	0	5	0	0
5	22930927	.	A	G	1	2	3	13	1	17	0	0
5	23627727	.	T	C	4	3	7	0	0	7	0	0
5	23707106	.	T	C	10	2	12	0	0	12	0	0
5	24611907	.	T	C	2	2	4	0	0	4	0	0
5	25430722	.	A	G	9	6	15	0	1	16	0	0
5	26212431	.	A	G	4	3	7	0	0	7	0	0
5	26212434	.	G	C	3	2	5	0	0	5	0	0
5	29658129	.	A	G	1	8	9	0	0	9	0	0
5	31330824	.	T	C	12	5	17	0	0	17	0	0
5	31330825	.	T	C	12	4	16	0	1	17	0	0
5	33149571	.	A	G	8	2	10	0	1	11	0	0
5	33149755	.	A	G	8	2	10	0	0	10	0	0
5	33149942	.	A	G	7	2	9	0	1	10	0	0
5	33149943	.	A	G	6	4	10	0	0	10	0	0
5	33572684	.	A	G	4	4	8	0	0	8	0	0
5	33572751	.	A	G	2	2	4	0	0	4	0	0
5	33573262	.	A	G	2	3	5	0	0	5	0	0
5	33573281	.	A	G	1	4	5	0	0	5	0	0
5	33575654	.	A	G	1	4	5	0	0	5	0	0
5	33575750	.	A	G	4	3	7	0	0	7	0	0
5	34055522	.	C	T	4	2	6	0	0	6	0	0
5	41783826	.	A	G	5	2	7	0	1	8	0	0
5	64066995	.	G	T	1	3	4	0	1	5	0	0
5	65415908	.	A	G	9	2	11	0	1	12	0	0
5	65605388	.	T	C	62	21	83	0	1	84	0	0
5	65605389	.	T	C	50	25	75	0	7	82	0	0
5	67047883	.	T	G	0	2	2	0	1	3	0	0
5	77555578	.	T	C	3	22	25	0	0	25	0	0
5	77555630	.	T	C	3	22	25	0	1	26	0	0
5	86977800	.	T	C	4	2	6	0	0	6	0	0
5	88790546	.	C	A	13	6	19	0	0	19	0	0
5	88906486	.	C	T	1	5	6	1	2	9	0	0
5	100108969	.	A	G	20	4	24	0	5	29	0	0
5	104137637	.	A	T	1	3	4	0	0	4	0	0
5	108519325	.	A	T	22	4	26	0	4	30	0	0
5	110081429	.	C	T	3	2	5	0	3	8	0	0
5	110081431	.	C	T	4	1	5	0	4	9	0	0
5	110266098	.	T	C	1	2	3	0	0	3	0	0
5	114079637	.	C	A	8	1	9	0	3	12	0	0
5	114079642	.	C	A	8	2	10	0	1	11	0	0
5	115232906	.	A	G	1	2	3	0	0	3	0	0
5	115241332	.	T	C	1	4	5	10	0	15	0	0
5	115324174	.	C	G	1	3	4	0	0	4	0	0
5	115434850	.	G	A	16	5	21	0	3	24	0	0
5	118330645	.	A	G	5	2	7	0	7	14	0	0
5	121511036	.	T	C	1	2	3	0	0	3	0	0
5	121683511	.	T	C	23	6	29	0	0	29	0	0
5	121708950	.	A	G	4	2	6	0	0	6	0	0
5	122546790	.	A	G	6	5	11	0	1	12	0	0
5	123386729	.	A	G	34	11	45	0	1	46	0	0
5	123699836	.	T	G	3	2	5	0	0	5	0	0
5	123879315	.	T	C	5	9	14	0	1	15	0	0
5	123879325	.	T	C	9	4	13	0	1	14	0	0
5	123880129	.	T	C	8	3	11	0	0	11	0	0
5	123880130	.	T	C	8	3	11	0	0	11	0	0
5	124417071	.	T	C	1	2	3	0	0	3	0	0
5	125533669	.	A	G	25	46	71	0	3	74	0	0
5	125533971	.	A	G	36	10	46	0	1	47	0	0
5	125534541	.	A	G	57	39	96	2	3	101	0	0
5	129797823	.	A	G	19	10	29	0	0	29	0	0
5	129798517	.	A	G	22	7	29	0	1	30	0	0
5	130013839	.	A	G	42	7	49	0	1	50	0	0
5	130014307	.	A	G	67	13	80	1	7	88	0	0
5	131466449	.	C	T	10	4	14	0	7	21	0	0
5	134621591	.	A	G	3	2	5	0	0	5	0	0
5	135193588	.	A	G	3	3	6	0	0	6	0	0
5	135193845	.	A	G	3	2	5	0	0	5	0	0
5	135405677	.	C	T	7	5	12	0	0	12	0	0
5	135437709	.	T	C	19	8	27	0	3	30	0	0
5	135437715	.	T	C	22	8	30	0	1	31	0	0
5	135813359	.	G	A	3	2	5	0	0	5	0	0
5	136941953	.	A	G	97	26	123	0	5	128	0	0
5	137336189	.	T	C	1	2	3	0	0	3	0	0
5	142655047	.	A	G	89	17	106	0	5	111	0	0
5	142855980	.	T	C	8	3	11	1	0	12	0	0
5	142888875	.	G	T	27	13	40	0	2	42	0	0
5	143751066	.	A	G	16	4	20	0	1	21	0	0
5	145045567	.	C	A	2	5	7	1	0	8	0	0
5	147499011	.	C	T	7	2	9	0	5	14	0	0
5	148269115	.	G	C	21	18	39	1	2	42	0	0
5	148441468	.	A	T	3	2	5	0	1	6	0	0
5	148985213	.	G	A	7	7	14	74	2	90	0	0
6	6877971	.	A	G	4	3	7	0	1	8	0	0
6	7844928	.	G	C	1	3	4	0	0	4	0	0
6	7872511	.	C	T	1	9	10	0	1	11	0	0
6	8255985	.	A	T	2	4	6	0	0	6	0	0
6	17531542	.	G	A	3	3	6	0	0	6	0	0
6	25689644	.	G	A	22	18	40	0	1	41	0	0
6	29714065	.	A	G	3	2	5	0	0	5	0	0
6	31486635	.	A	C	13	4	17	0	3	20	0	0
6	31489086	.	A	G	9	4	13	0	1	14	0	0
6	31489168	.	A	G	10	3	13	0	0	13	0	0
6	31492602	.	A	G	15	8	23	0	0	23	0	0
6	31492665	.	A	G	19	4	23	0	0	23	0	0
6	31492682	.	A	G	5	17	22	0	0	22	0	0
6	34751192	.	A	C	5	4	9	0	4	13	0	0
6	34751198	.	A	C	8	3	11	0	1	12	0	0
6	37783131	.	C	T	1	3	4	16	2	22	0	0
6	37847782	.	A	G	11	2	13	0	0	13	0	0
6	38102459	.	G	A	13	4	17	0	2	19	0	0
6	39312088	.	T	C	23	4	27	0	0	27	0	0
6	42663094	.	A	G	6	2	8	0	0	8	0	0
6	47279267	.	G	A	14	3	17	0	1	18	0	0
6	47846393	.	A	G	10	3	13	0	0	13	0	0
6	47848349	.	A	G	8	4	12	0	0	12	0	0
6	47848373	.	A	G	7	6	13	0	1	14	0	0
6	47848659	.	A	G	1	11	12	0	0	12	0	0
6	48375235	.	A	G	3	7	10	0	0	10	0	0
6	49231812	.	T	C	14	6	20	0	2	22	0	0
6	49232322	.	C	T	18	5	23	0	1	24	0	0
6	49233326	.	T	C	26	6	32	0	1	33	0	0
6	49233394	.	T	C	13	4	17	0	1	18	0	0
6	50179729	.	A	G	2	2	4	0	0	4	0	0
6	50179735	.	A	G	2	1	3	0	0	3	0	0
6	50540977	.	A	G	6	2	8	0	0	8	0	0
6	51459938	.	C	T	10	10	20	0	14	34	0	0
6	53793366	.	G	A	12	5	17	0	1	18	0	0
6	55278024	.	C	A	4	2	6	0	0	6	0	0
6	57485235	.	C	A	2	4	6	0	1	7	0	0
6	57512427	.	T	A	10	4	14	0	1	15	0	0
6	65687646	.	A	G	5	2	7	0	0	7	0	0
6	66517065	.	A	G	5	4	9	0	0	9	0	0
6	66517110	.	A	G	5	6	11	0	0	11	0	0
6	66517129	.	A	G	4	4	8	0	0	8	0	0
6	66517254	.	A	G	2	2	4	0	0	4	0	0
6	66517625	.	A	G	4	3	7	0	1	8	0	0
6	66517635	.	A	G	6	2	8	0	1	9	0	0
6	66852475	.	A	G	1	7	8	3	0	11	0	0
6	67268672	.	G	A	11	3	14	0	3	17	0	0
6	86391922	.	A	G	2	4	6	0	1	7	0	0
6	86391939	.	A	G	5	2	7	0	0	7	0	0
6	87791772	.	T	C	8	2	10	0	0	10	0	0
6	87791783	.	T	C	9	2	11	0	0	11	0	0
6	87890574	.	G	A	1	5	6	0	3	9	0	0
6	92219112	.	A	C	6	2	8	0	2	10	0	0
6	96010183	.	T	C	4	3	7	6	0	13	0	0
6	96010286	.	T	C	5	2	7	1	0	8	0	0
6	96010290	.	A	G	7	2	9	1	0	10	0	0
6	112699243	.	G	A	69	16	85	0	13	98	0	0
6	113047373	.	A	G	5	2	7	0	0	7	0	0
6	113584549	.	A	G	2	2	4	0	0	4	0	0
6	115818036	.	T	C	8	2	10	0	0	10	0	0
6	118566526	.	C	T	1	11	12	0	0	12	0	0
6	118566528	.	A	G	1	11	12	0	0	12	0	0
6	122716233	.	T	C	2	3	5	1	0	6	0	0
6	124716628	.	T	C	7	5	12	0	1	13	0	0
6	126619121	.	T	C	89	31	120	0	3	123	0	0
6	135705675	.	A	G	20	6	26	0	14	40	0	0
6	135706818	.	C	T	10	5	15	0	6	21	0	0
6	146364908	.	G	A	1	3	4	8	6	18	0	0
6	146733792	.	A	G	4	2	6	0	0	6	0	0
6	149462698	.	T	C	8	2	10	0	0	10	0	0
7	3463600	.	A	G	97	21	118	0	4	122	0	0
7	4796292	.	A	C	18	5	23	0	12	35	0	0
7	5026592	.	G	A	5	2	7	0	0	7	0	0
7	5063781	.	T	A	4	2	6	0	0	6	0	0
7	6196171	.	A	G	15	3	18	0	0	18	0	0
7	6196205	.	A	G	2	2	4	0	0	4	0	0
7	6357880	.	A	G	3	2	5	0	0	5	0	0
7	6967217	.	A	G	25	6	31	0	0	31	0	0
7	6967909	.	A	G	9	5	14	0	0	14	0	0
7	6967915	.	A	G	10	3	13	0	1	14	0	0
7	6968013	.	A	G	9	6	15	0	0	15	0	0
7	6968063	.	T	G	6	2	8	0	0	8	0	0
7	7184378	.	G	A	4	2	6	0	0	6	0	0
7	12706157	.	A	G	9	3	12	0	0	12	0	0
7	12707548	.	A	G	5	2	7	0	0	7	0	0
7	15864170	.	T	C	4	7	11	0	5	16	0	0
7	16348726	.	G	A	3	3	6	1	0	7	0	0
7	16453163	.	A	G	5	2	7	14	0	21	0	0
7	16515475	.	T	A	1	2	3	1	0	4	0	0
7	16544242	.	C	T	0	3	3	0	0	3	0	0
7	16619272	.	A	G	8	39	47	0	1	48	0	0
7	16619450	.	A	G	11	3	14	0	1	15	0	0
7	16619714	.	A	G	54	22	76	0	2	78	0	0
7	16730318	.	A	T	1	11	12	0	0	12	0	0
7	18696483	.	T	C	24	18	42	0	5	47	0	0
7	19248924	.	G	T	2	2	4	0	0	4	0	0
7	23927948	.	G	C	12	3	15	0	0	15	0	0
7	23974523	.	T	A	1	10	11	0	1	12	0	0
7	23974975	.	A	G	4	4	8	8	0	16	0	0
7	23975011	.	G	A	9	4	13	7	0	20	0	0
7	23975294	.	A	G	1	5	6	4	0	10	0	0
7	24710068	.	T	C	76	15	91	0	0	91	0	0
7	24710075	.	T	C	71	21	92	0	1	93	0	0
7	24771992	.	T	C	5	7	12	0	1	13	0	0
7	26904216	.	A	G	8	3	11	1	1	13	0	0
7	26905060	.	A	G	7	5	12	0	0	12	0	0
7	27222913	.	G	A	1	7	8	0	0	8	0	0
7	27227593	.	T	C	78	28	106	0	2	108	0	0
7	27281313	.	A	G	25	8	33	0	0	33	0	0
7	27402231	.	A	G	1	9	10	0	0	10	0	0
7	27520956	.	A	G	8	4	12	0	0	12	0	0
7	28868929	.	T	C	3	3	6	2	0	8	0	0
7	28870900	.	T	G	1	2	3	0	0	3	0	0
7	28922247	.	T	C	4	2	6	0	0	6	0	0
7	28922523	.	T	C	3	2	5	0	1	6	0	0
7	29931635	.	A	T	9	1	10	0	1	11	0	0
7	29931636	.	T	A	6	4	10	0	0	10	0	0
7	43175439	.	T	C	6	2	8	0	0	8	0	0
7	43175443	.	T	C	4	2	6	0	0	6	0	0
7	44625558	.	C	A	7	2	9	0	2	11	0	0
7	44629089	.	T	C	3	2	5	0	0	5	0	0
7	45032973	.	T	C	3	6	9	0	0	9	0	0
7	55627368	.	T	C	74	19	93	0	4	97	0	0
7	58980055	.	T	C	3	2	5	0	0	5	0	0
7	59363742	.	G	T	2	7	9	10	0	19	0	0
7	60935667	.	A	C	2	2	4	0	0	4	0	0
7	60935671	.	G	C	2	2	4	0	0	4	0	0
7	63541139	.	C	T	18	6	24	0	5	29	0	0
7	63541145	.	G	T	18	4	22	0	7	29	0	0
7	67382347	.	C	T	6	2	8	0	0	8	0	0
7	67382350	.	C	T	6	2	8	0	0	8	0	0
7	72639810	.	G	A	0	2	2	0	1	3	0	0
7	80039593	.	G	A	2	1	3	0	3	6	0	0
7	81522050	.	A	G	3	1	4	0	1	5	0	0
7	98966912	.	A	C	12	4	16	0	7	23	0	0
7	101769396	.	G	A	5	4	9	0	2	11	0	0
7	103988513	.	T	C	5	3	8	0	0	8	0	0
7	109354453	.	T	C	1	1	2	0	2	4	0	0
7	110655309	.	T	C	23	17	40	1	1	42	0	0
7	114014330	.	C	A	0	1	1	0	1	2	0	0
7	121687379	.	A	G	2	1	3	0	1	4	0	0
7	123582585	.	A	G	12	2	14	0	0	14	0	0
7	125308403	.	A	G	3	2	5	0	0	5	0	0
7	126465028	.	G	A	5	3	8	1	4	13	0	0
7	126465030	.	C	A	6	2	8	1	7	16	0	0
7	126853494	.	A	G	34	8	42	0	2	44	0	0
7	127178167	.	A	G	4	2	6	0	0	6	0	0
7	127178178	.	A	G	3	4	7	0	0	7	0	0
7	127178219	.	A	G	5	3	8	0	0	8	0	0
7	127178234	.	A	G	2	3	5	0	0	5	0	0
7	127385241	.	A	C	3	3	6	0	3	9	0	0
7	127519115	.	A	G	2	2	4	0	0	4	0	0
7	127578039	.	A	G	5	2	7	0	0	7	0	0
7	127582891	.	A	G	2	3	5	0	1	6	0	0
7	128049727	.	G	A	7	2	9	0	0	9	0	0
7	130360893	.	A	T	1	10	11	0	0	11	0	0
7	135555301	.	T	A	0	2	2	0	2	4	0	0
7	139685712	.	T	C	10	6	16	0	0	16	0	0
7	139685717	.	T	C	14	4	18	0	0	18	0	0
7	139715688	.	A	G	1	4	5	0	0	5	0	0
7	140390969	.	T	C	21	3	24	0	1	25	0	0
7	140391023	.	T	C	21	5	26	0	2	28	0	0
7	140916604	.	A	G	39	8	47	0	0	47	0	0
7	141503671	.	G	C	13	0	13	1	0	14	0	0
7	142207010	.	T	C	24	17	41	0	2	43	0	0
7	142207465	.	T	C	35	5	40	0	1	41	0	0
8	3588384	.	A	G	2	3	5	0	0	5	0	0
8	3589445	.	A	G	6	4	10	0	1	11	0	0
8	3589455	.	A	G	4	5	9	0	0	9	0	0
8	5690594	.	A	G	1	2	3	5	1	9	0	0
8	5690780	.	A	G	1	2	3	12	2	17	0	0
8	19732474	.	C	A	4	1	5	2	1	8	0	0
8	19737779	.	A	G	6	2	8	18	0	26	0	0
8	19737782	.	C	G	6	2	8	18	0	26	0	0
8	19743648	.	G	T	1	2	3	13	0	16	0	0
8	19747709	.	C	T	4	9	13	13	0	26	0	0
8	20030855	.	G	A	10	3	13	10	0	23	0	0
8	20030895	.	C	A	30	5	35	12	3	50	0	0
8	20157964	.	A	G	2	2	4	62	0	66	0	0
8	20698008	.	A	T	15	3	18	13	1	32	0	0
8	20717395	.	T	A	5	2	7	28	0	35	0	0
8	20727130	.	G	A	28	10	38	4	0	42	0	0
8	20727188	.	A	G	9	5	14	11	0	25	0	0
8	20727193	.	A	G	7	4	11	10	0	21	0	0
8	26064665	.	G	A	11	2	13	0	2	15	0	0
8	26064669	.	G	A	8	3	11	0	3	14	0	0
8	26304438	.	T	C	7	3	10	0	1	11	0	0
8	26304500	.	C	A	3	0	3	0	2	5	0	0
8	26304502	.	T	A	3	1	4	0	1	5	0	0
8	26305539	.	T	C	8	3	11	0	0	11	0	0
8	26305915	.	T	C	7	2	9	0	0	9	0	0
8	26427615	.	T	C	7	2	9	0	0	9	0	0
8	29776650	.	T	C	8	2	10	91	0	101	0	0
8	36614800	.	T	C	10	3	13	0	0	13	0	0
8	41370800	.	A	G	9	6	15	0	0	15	0	0
8	42061914	.	T	C	2	2	4	0	3	7	0	0
8	42700384	.	A	G	1	2	3	0	1	4	0	0
8	47742118	.	G	A	2	18	20	0	0	20	0	0
8	48127751	.	C	T	11	2	13	0	0	13	0	0
8	57003711	.	A	G	11	3	14	0	0	14	0	0
8	61848427	.	G	T	9	3	12	0	2	14	0	0
8	69926844	.	A	T	6	2	8	0	0	8	0	0
8	70017218	.	C	G	3	2	5	8	0	13	0	0
8	70019439	.	G	A	4	2	6	3	0	9	0	0
8	70028756	.	G	A	1	3	4	1	0	5	0	0
8	70260396	.	T	A	1	2	3	0	1	4	0	0
8	70362059	.	C	A	5	2	7	0	0	7	0	0
8	71826333	.	A	G	3	2	5	0	0	5	0	0
8	71826392	.	A	G	6	2	8	0	0	8	0	0
8	72935942	.	A	G	1	3	4	0	0	4	0	0
8	72977426	.	A	G	20	26	46	0	1	47	0	0
8	84040939	.	C	A	3	2	5	0	0	5	0	0
8	84723069	.	T	A	4	9	13	0	2	15	0	0
8	84982724	.	T	C	5	2	7	0	0	7	0	0
8	85593351	.	A	G	1	2	3	0	0	3	0	0
8	85599077	.	G	A	1	1	2	0	0	2	0	0
8	85684004	.	T	C	13	2	15	0	0	15	0	0
8	92415258	.	T	C	1	3	4	0	1	5	0	0
8	94743331	.	T	C	10	3	13	49	0	62	0	0
8	96468587	.	G	A	35	33	68	0	4	72	0	0
8	106348828	.	G	A	5	2	7	0	1	8	0	0
8	107299930	.	C	T	1	2	3	8	1	12	0	0
8	107744841	.	A	G	8	6	14	0	0	14	0	0
8	107744848	.	A	G	5	7	12	0	0	12	0	0
8	108165816	.	G	A	1	3	4	1	1	6	0	0
8	110817217	.	A	G	31	5	36	0	1	37	0	0
8	111731758	.	T	C	22	8	30	0	0	30	0	0
8	112591564	.	A	G	2	2	4	0	1	5	0	0
8	112680137	.	A	G	26	8	34	0	0	34	0	0
8	123635360	.	T	C	6	2	8	0	1	9	0	0
8	124147389	.	G	A	292	279	571	1	22	594	0	0
8	125620613	.	T	C	19	7	26	0	2	28	0	0
8	125620618	.	T	C	12	13	25	0	3	28	0	0
8	125620861	.	T	C	17	10	27	0	1	28	0	0
8	125620923	.	T	C	8	29	37	0	2	39	0	0
8	125620929	.	T	C	19	10	29	0	2	31	0	0
8	127316202	.	G	A	4	4	8	0	2	10	0	0
8	129459346	.	C	T	27	6	33	0	6	39	0	0
9	3387716	.	A	G	13	5	18	0	0	18	0	0
9	3387771	.	A	G	13	7	20	0	1	21	0	0
9	7836792	.	T	C	8	4	12	0	1	13	0	0
9	20344307	.	A	G	4	2	6	0	0	6	0	0
9	20506948	.	A	G	6	2	8	0	0	8	0	0
9	20511950	.	A	G	7	4	11	0	2	13	0	0
9	20513253	.	A	G	4	3	7	0	0	7	0	0
9	20515432	.	A	G	5	4	9	0	0	9	0	0
9	20515715	.	A	G	3	4	7	0	0	7	0	0
9	20515728	.	A	G	7	2	9	0	0	9	0	0
9	20515757	.	A	G	1	4	5	0	0	5	0	0
9	21044762	.	T	C	0	2	2	0	1	3	0	0
9	22003913	.	A	C	1	2	3	0	0	3	0	0
9	27260291	.	G	T	2	4	6	0	1	7	0	0
9	28832950	.	A	C	15	3	18	0	17	35	0	0
9	40442477	.	T	C	9	2	11	0	0	11	0	0
9	43715978	.	C	T	22	8	30	0	5	35	0	0
9	44206372	.	T	C	11	2	13	0	0	13	0	0
9	44221511	.	A	T	2	2	4	0	0	4	0	0
9	45747294	.	C	T	1	3	4	0	0	4	0	0
9	45747428	.	A	T	1	2	3	0	0	3	0	0
9	47764614	.	G	A	31	11	42	0	13	55	0	0
9	47764621	.	G	A	23	7	30	0	8	38	0	0
9	49415851	.	C	G	11	5	16	0	2	18	0	0
9	50588261	.	T	C	2	2	4	0	0	4	0	0
9	53311221	.	A	G	11	4	15	0	0	15	0	0
9	54623600	.	C	A	1	3	4	0	0	4	0	0
9	57041680	.	A	G	8	2	10	0	1	11	0	0
9	57391434	.	C	T	1	2	3	0	1	4	0	0
9	57449243	.	G	T	8	4	12	0	2	14	0	0
9	57449244	.	G	T	8	2	10	0	4	14	0	0
9	60556863	.	G	A	13	2	15	0	2	17	0	0
9	62285048	.	T	C	10	2	12	0	1	13	0	0
9	64093070	.	A	T	13	4	17	0	2	19	0	0
9	65253476	.	A	G	6	4	10	0	0	10	0	0
9	67127311	.	T	C	46	8	54	0	1	55	0	0
9	69923101	.	A	G	7	3	10	0	1	11	0	0
9	72338620	.	T	C	1	2	3	0	0	3	0	0
9	72366835	.	A	G	5	2	7	0	0	7	0	0
9	75410877	.	T	C	4	2	6	0	0	6	0	0
9	78076674	.	A	G	9	2	11	0	0	11	0	0
9	83848377	.	T	G	1	3	4	0	0	4	0	0
9	89097436	.	T	C	7	2	9	0	0	9	0	0
9	89794108	.	G	C	10	4	14	0	9	23	0	0
9	89794113	.	A	C	11	6	17	0	7	24	0	0
9	95939206	.	A	G	18	4	22	0	0	22	0	0
9	95939293	.	A	G	18	7	25	0	1	26	0	0
9	96777818	.	T	C	3	3	6	229	1	236	0	0
9	102419606	.	T	C	3	1	4	0	1	5	0	0
9	106118017	.	T	C	3	2	5	0	0	5	0	0
9	106118047	.	T	C	1	2	3	0	0	3	0	0
9	108215047	.	T	G	3	4	7	0	4	11	0	0
9	108386343	.	T	C	2	1	3	0	0	3	0	0
9	109659456	.	T	C	3	2	5	1	1	7	0	0
9	109659993	.	A	G	4	2	6	1	0	7	0	0
9	110086210	.	A	G	10	2	12	0	1	13	0	0
9	110086215	.	A	G	7	4	11	0	0	11	0	0
9	114425843	.	T	C	5	3	8	0	0	8	0	0
9	114811465	.	A	T	5	4	9	11	0	20	0	0
9	123088121	.	C	T	3	3	6	0	0	6	0	0
9	124034094	.	A	G	20	11	31	0	1	32	0	0
X	7020445	.	C	T	5	1	6	0	1	7	0	0
X	7020446	.	C	T	2	1	3	0	3	6	0	0
X	7021336	.	C	A	4	2	6	0	0	6	0	0
X	7576472	.	T	A	2	2	4	0	0	4	0	0
X	7773342	.	A	G	2	3	5	0	0	5	0	0
X	7774376	.	A	G	5	2	7	0	0	7	0	0
X	12542578	.	C	A	10	3	13	0	0	13	0	0
X	12542583	.	C	A	9	2	11	0	0	11	0	0
X	20483529	.	C	G	19	5	24	0	4	28	0	0
X	37653311	.	T	G	2	5	7	0	1	8	0	0
X	37695084	.	A	G	8	2	10	0	1	11	0	0
X	37698807	.	A	G	14	3	17	0	0	17	0	0
X	37698809	.	A	G	15	2	17	0	0	17	0	0
X	40743129	.	A	G	16	133	149	0	2	151	0	0
X	40743165	.	A	G	4	11	15	0	0	15	0	0
X	52045173	.	C	T	6	3	9	0	1	10	0	0
X	55633003	.	T	C	28	5	33	0	1	34	0	0
X	58107509	.	C	T	15	5	20	0	2	22	0	0
X	60230328	.	A	G	9	3	12	0	1	13	0	0
X	60231705	.	A	G	16	14	30	0	2	32	0	0
X	69388256	.	T	C	50	8	58	0	2	60	0	0
X	73073381	.	C	T	15	13	28	0	0	28	0	0
X	73270255	.	T	C	17	4	21	0	0	21	0	0
X	73270256	.	T	C	2	18	20	0	0	20	0	0
X	73270468	.	T	C	9	18	27	0	0	27	0	0
X	73328516	.	A	G	5	3	8	0	0	8	0	0
X	73328525	.	A	G	5	2	7	0	0	7	0	0
X	73329324	.	A	G	1	2	3	0	0	3	0	0
X	80866141	.	T	C	1	5	6	10	0	16	0	0
X	87616192	.	T	G	1	2	3	0	0	3	0	0
X	87803757	.	T	C	0	2	2	8	2	12	0	0
X	102207919	.	A	G	3	2	5	6	0	11	0	0
X	102620158	.	T	C	6	6	12	0	1	13	0	0
X	102620159	.	T	C	5	8	13	0	0	13	0	0
X	102623385	.	T	C	12	7	19	0	0	19	0	0
X	103128328	.	C	T	18	3	21	0	0	21	0	0
X	119547306	.	G	A	15	3	18	0	0	18	0	0
X	119818241	.	G	A	3	5	8	0	1	9	0	0
X	133489379	.	T	C	3	6	9	0	0	9	0	0
X	133490041	.	T	C	7	2	9	0	0	9	0	0
X	133490062	.	T	C	4	3	7	0	0	7	0	0
X	134745475	.	C	A	9	4	13	0	1	14	0	0
X	134745477	.	T	A	2	5	7	0	0	7	0	0
X	138577168	.	A	G	1	3	4	0	0	4	0	0
X	138846154	.	T	C	1	5	6	0	0	6	0	0
X	145978689	.	A	G	37	11	48	1	0	49	0	0
X	149766871	.	T	C	58	17	75	2	9	86	0	0
X	149767614	.	T	C	85	67	152	1	9	162	0	0
X	149768450	.	T	C	177	50	227	0	5	232	0	0
X	149768451	.	T	C	191	33	224	0	5	229	0	0
X	149768519	.	T	C	237	48	285	0	9	294	0	0
X	149768525	.	T	C	158	97	255	0	6	261	0	0
X	151056492	.	T	C	19	7	26	0	2	28	0	0
X	151078480	.	G	A	18	11	29	0	2	31	0	0
X	161561788	.	T	A	8	5	13	0	0	13	0	0
X	162761028	.	T	C	4	3	7	0	0	7	0	0
