contig	position	variantID	refAllele	altAllele	refCount	altCount	totalCount	lowMAPQDepth	lowBaseQDepth	rawDepth	otherBases	improperPairs
1	11667266	.	A	G	32	7	39	0	1	40	0	0
1	13695946	.	T	C	12	3	15	2	0	17	0	0
1	13695965	.	T	C	4	4	8	6	0	14	0	0
1	16717060	.	T	C	6	2	8	0	0	8	0	0
1	22031785	.	T	C	5	6	11	0	1	12	0	0
1	22031965	.	T	C	11	2	13	0	0	13	0	0
1	39695898	.	A	G	6	5	11	0	0	11	0	0
1	39696041	.	A	G	5	2	7	0	0	7	0	0
1	42739790	.	C	T	16	6	22	0	1	23	0	0
1	51506146	.	T	C	2	4	6	0	0	6	0	0
1	51507738	.	T	C	1	2	3	0	0	3	0	0
1	57982191	.	A	C	10	15	25	0	0	25	0	0
1	58425292	.	T	C	3	2	5	0	0	5	0	0
1	59756998	.	A	G	6	5	11	0	0	11	0	0
1	59913367	.	A	G	47	26	73	0	1	74	0	0
1	60517747	.	A	G	44	28	72	0	9	81	0	0
1	60522632	.	A	T	7	2	9	0	2	11	0	0
1	63156443	.	A	G	3	4	7	1	0	8	0	0
1	66711873	.	A	G	93	49	142	1	2	145	0	0
1	74631584	.	A	G	1	4	5	0	0	5	0	0
1	75398649	.	A	G	20	7	27	0	1	28	0	0
1	75398708	.	A	G	3	20	23	0	4	27	0	0
1	86205108	.	T	C	5	2	7	0	3	10	0	0
1	86275524	.	T	C	22	4	26	0	1	27	0	0
1	86276528	.	T	C	14	5	19	0	1	20	0	0
1	87893040	.	A	G	6	2	8	0	0	8	0	0
1	88187259	.	T	C	2	3	5	0	0	5	0	0
1	88187311	.	C	T	3	3	6	0	0	6	0	0
1	88187695	.	C	T	3	2	5	0	0	5	0	0
1	88187766	.	G	A	2	2	4	0	0	4	0	0
1	88188084	.	C	T	2	1	3	0	3	6	0	0
1	88188444	.	G	C	1	3	4	0	0	4	0	0
1	88189404	.	C	T	3	3	6	0	0	6	0	0
1	88189462	.	G	A	1	2	3	0	0	3	0	0
1	88189563	.	C	T	1	2	3	0	0	3	0	0
1	88189707	.	C	T	2	2	4	0	1	5	0	0
1	88189938	.	C	A	2	3	5	0	0	5	0	0
1	88190006	.	T	A	2	2	4	0	0	4	0	0
1	88191018	.	A	T	2	6	8	0	1	9	0	0
1	88191035	.	T	A	1	4	5	0	0	5	0	0
1	88191237	.	A	C	8	33	41	0	0	41	0	0
1	88191281	.	A	G	41	9	50	0	4	54	0	0
1	88191320	.	C	T	7	29	36	0	1	37	0	0
1	88191706	.	G	A	36	10	46	0	4	50	0	0
1	88191710	.	T	C	15	34	49	0	1	50	0	0
1	88191744	.	C	A	33	9	42	0	0	42	0	0
1	88191864	.	G	T	36	15	51	0	2	54	1	0
1	88191993	.	A	G	4	30	34	0	11	45	0	0
1	88192037	.	T	A	4	9	13	0	0	13	0	0
1	88192048	.	G	C	12	14	26	0	0	27	1	0
1	88192098	.	G	A	51	9	60	0	2	62	0	0
1	88192243	.	A	G	7	31	38	0	0	38	0	0
1	88192700	.	G	A	11	20	31	0	0	31	0	0
1	88192756	.	G	A	17	27	44	0	1	45	0	0
1	88192980	.	A	G	2	20	22	0	1	23	0	0
1	88193031	.	C	G	6	17	23	0	0	23	0	0
1	88193194	.	C	T	4	6	10	3	2	15	0	0
1	88193292	.	T	A	2	3	5	4	0	9	0	0
1	88193568	.	A	C	2	4	6	31	0	37	0	0
1	88193702	.	T	G	1	7	8	34	0	42	0	0
1	88193917	.	G	A	8	27	35	22	0	57	0	0
1	88197053	.	T	C	6	23	29	0	0	29	0	0
1	88197991	.	A	G	13	33	46	0	1	47	0	0
1	88197996	.	C	T	4	43	47	0	1	48	0	0
1	88200653	.	A	C	1	12	13	0	0	13	0	0
1	88200670	.	G	A	1	12	13	0	0	13	0	0
1	88200832	.	C	T	3	7	10	0	0	10	0	0
1	88202772	.	A	T	28	8	36	3	1	40	0	0
1	88203643	.	A	G	1	2	3	0	0	3	0	0
1	88203670	.	C	T	1	2	3	1	0	4	0	0
1	88203782	.	G	A	1	2	3	0	0	3	0	0
1	88204960	.	T	C	2	23	25	2	0	27	0	0
1	88205286	.	A	T	9	2	11	1	1	13	0	0
1	90141637	.	T	C	11	1	12	0	1	13	0	0
1	90141638	.	G	A	13	1	14	0	0	14	0	0
1	91224050	.	T	C	1	2	3	1	0	4	0	0
1	93299307	.	A	G	9	5	14	0	0	14	0	0
1	131953439	.	T	C	20	10	30	0	0	30	0	0
1	135160587	.	A	G	1	3	4	2	0	6	0	0
1	154270351	.	C	A	34	7	41	0	4	45	0	0
1	156255182	.	T	C	7	14	21	0	0	21	0	0
1	156255601	.	T	C	7	6	13	0	0	13	0	0
1	159759023	.	G	A	6	7	13	0	15	30	2	0
1	160839934	.	T	C	10	4	14	0	0	14	0	0
1	162425767	.	A	G	41	10	51	0	7	58	0	0
1	166916330	.	A	C	7	1	8	0	6	14	0	0
1	166916336	.	A	C	7	3	10	0	6	16	0	0
1	171151897	.	T	C	2	2	4	0	0	4	0	0
1	178779916	.	T	C	8	3	11	1	0	12	0	0
1	178780087	.	T	A	3	2	5	0	0	5	0	0
1	180155629	.	C	T	7	2	9	0	0	9	0	0
1	180924020	.	T	C	24	11	35	0	1	36	0	0
1	180996538	.	T	C	5	2	7	0	0	7	0	0
1	183059946	.	A	G	8	2	10	9	0	19	0	0
1	183190594	.	A	G	15	6	21	0	0	21	0	0
1	183190682	.	A	G	5	4	9	0	0	9	0	0
1	192190547	.	C	G	21	10	31	0	1	33	1	0
10	11333810	.	C	T	23	5	28	0	8	36	0	0
10	11333814	.	C	T	24	5	29	0	7	36	0	0
10	14621524	.	C	T	3	2	5	150	0	155	0	0
10	14621525	.	C	T	3	2	5	157	0	162	0	0
10	29104018	.	G	T	4	3	7	0	2	9	0	0
10	29104019	.	G	T	5	2	7	0	3	10	0	0
10	33791335	.	A	G	3	2	5	0	0	5	0	0
10	39750939	.	T	A	4	2	6	0	0	6	0	0
10	49118546	.	T	C	10	3	13	0	0	13	0	0
10	49118557	.	T	C	1	12	13	0	0	13	0	0
10	49118584	.	T	C	10	6	16	0	1	17	0	0
10	49118640	.	T	C	8	5	13	0	0	13	0	0
10	49148885	.	T	C	7	31	38	0	0	38	0	0
10	57383221	.	A	G	4	2	6	0	0	6	0	0
10	62645542	.	T	C	1	4	5	0	0	5	0	0
10	77158441	.	T	C	12	58	70	0	4	74	0	0
10	77158455	.	T	C	39	36	75	0	3	78	0	0
10	80866273	.	T	C	63	14	77	0	1	78	0	0
10	81182083	.	T	C	13	3	16	0	0	16	0	0
10	81366434	.	G	T	7	5	12	0	3	15	0	0
10	81442755	.	A	G	5	2	7	0	0	7	0	0
10	82486613	.	T	C	14	6	20	0	0	20	0	0
10	83203850	.	C	T	11	3	14	0	2	16	0	0
10	83203851	.	C	T	9	3	12	0	3	15	0	0
10	85893241	.	T	G	12	6	18	0	4	22	0	0
10	94057224	.	A	G	15	5	20	0	1	21	0	0
10	94057234	.	A	G	17	4	21	0	0	21	0	0
10	127038297	.	T	C	4	1	5	0	0	5	0	0
10	127038306	.	T	C	4	2	6	0	0	6	0	0
10	127216559	.	T	C	1	2	3	0	0	3	0	0
10	127582962	.	G	A	1	2	3	0	0	3	0	0
10	128769757	.	A	G	2	1	3	0	1	4	0	0
11	3077575	.	C	A	3	5	8	18	2	28	0	0
11	3079284	.	A	C	3	2	5	6	0	11	0	0
11	3902194	.	A	C	1	5	6	0	0	6	0	0
11	4092042	.	T	C	30	6	36	0	0	36	0	0
11	4092046	.	T	C	19	16	35	0	0	35	0	0
11	4092085	.	T	C	15	17	32	0	0	32	0	0
11	4092790	.	T	C	15	18	33	0	0	33	0	0
11	4436901	.	T	C	2	2	4	0	0	4	0	0
11	5732196	.	A	G	11	2	13	0	0	13	0	0
11	5919668	.	A	T	9	3	12	0	2	14	0	0
11	20178606	.	T	C	15	4	19	0	0	19	0	0
11	21835035	.	A	G	6	2	8	0	1	9	0	0
11	43572939	.	A	G	3	3	6	0	0	6	0	0
11	46163470	.	T	C	116	507	623	0	17	640	0	0
11	49141368	.	C	T	3	1	4	0	0	4	0	0
11	50147215	.	A	G	4	1	5	0	2	7	0	0
11	50272063	.	C	T	12	3	15	0	2	17	0	0
11	57687177	.	T	C	2	2	4	0	0	4	0	0
11	58218297	.	T	C	1	2	3	0	0	3	0	0
11	58840260	.	G	A	4	2	6	0	0	6	0	0
11	59347027	.	A	G	18	10	28	0	0	28	0	0
11	59347072	.	A	G	21	7	28	0	3	31	0	0
11	59401881	.	A	G	4	5	9	0	2	11	0	0
11	59401882	.	A	G	6	2	8	0	3	11	0	0
11	62032236	.	A	G	1	2	3	0	0	3	0	0
11	62032250	.	A	G	2	2	4	0	0	4	0	0
11	67746189	.	T	G	1	1	2	0	1	3	0	0
11	69445678	.	A	C	29	5	34	0	4	38	0	0
11	69445684	.	A	C	33	5	38	0	1	39	0	0
11	69922901	.	A	G	7	3	10	0	1	11	0	0
11	69922950	.	A	G	3	5	8	0	1	9	0	0
11	69922984	.	A	G	5	2	7	0	0	7	0	0
11	69923489	.	A	G	3	3	6	0	0	6	0	0
11	69923490	.	A	G	3	3	6	0	0	6	0	0
11	69923921	.	A	G	2	2	4	0	0	4	0	0
11	69925276	.	A	G	3	2	5	0	0	5	0	0
11	69926037	.	A	G	6	2	8	0	0	8	0	0
11	69926813	.	A	G	4	3	7	0	0	7	0	0
11	69927363	.	A	G	3	2	5	0	1	6	0	0
11	69927869	.	A	G	1	6	7	0	0	7	0	0
11	69927946	.	A	G	7	3	10	0	0	10	0	0
11	69927998	.	A	G	3	2	5	0	0	5	0	0
11	69928014	.	A	G	1	2	3	0	0	3	0	0
11	69937302	.	A	G	11	4	15	0	0	15	0	0
11	70500705	.	C	T	16	5	21	0	1	22	0	0
11	70500706	.	G	A	16	5	21	0	0	21	0	0
11	72102586	.	A	G	8	2	10	0	0	10	0	0
11	72133948	.	A	C	1	3	4	0	0	4	0	0
11	72816636	.	T	A	8	5	13	0	0	13	0	0
11	74565209	.	A	C	22	9	31	0	5	36	0	0
11	75067258	.	T	C	15	10	25	0	0	25	0	0
11	75068297	.	T	C	16	8	24	0	1	25	0	0
11	77184417	.	A	G	1	2	3	1	1	5	0	0
11	77426880	.	T	C	56	13	69	0	0	69	0	0
11	78187443	.	A	G	4	3	7	0	0	7	0	0
11	78187460	.	A	G	2	3	5	0	0	5	0	0
11	78736472	.	A	G	2	3	5	0	0	5	0	0
11	80143398	.	A	G	2	2	4	0	0	4	0	0
11	87014114	.	A	G	9	3	12	0	0	12	0	0
11	87269321	.	T	C	2	2	4	0	0	4	0	0
11	87476439	.	A	G	15	3	18	0	2	20	0	0
11	88083921	.	T	C	3	2	5	0	0	5	0	0
11	88927208	.	T	C	19	14	33	0	0	33	0	0
11	94314817	.	T	C	9	2	11	0	0	11	0	0
11	94431300	.	T	C	6	1	7	0	0	7	0	0
11	94431318	.	T	C	8	7	15	0	0	15	0	0
11	94431842	.	T	C	7	5	12	0	1	13	0	0
11	94432839	.	T	C	7	3	10	0	0	10	0	0
11	94432859	.	T	C	5	2	7	0	0	7	0	0
11	96954617	.	A	G	3	2	5	0	0	5	0	0
11	97027024	.	A	G	4	2	6	0	1	7	0	0
11	97050562	.	A	G	14	4	18	0	0	18	0	0
11	97285031	.	A	C	8	5	13	0	1	14	0	0
11	97535375	.	T	C	11	5	16	0	0	16	0	0
11	97535690	.	T	C	10	3	13	0	0	13	0	0
11	98044426	.	C	A	5	5	10	0	0	10	0	0
11	98794177	.	G	A	12	5	17	0	7	24	0	0
11	101089107	.	T	C	13	3	16	0	0	16	0	0
11	101089126	.	T	C	8	8	16	0	0	16	0	0
11	101089729	.	T	C	8	7	15	0	0	15	0	0
11	101089734	.	T	C	12	5	17	0	0	17	0	0
11	101089802	.	T	C	8	5	13	0	0	13	0	0
11	102053496	.	G	A	1	2	3	0	8	11	0	0
11	116015187	.	T	C	4	3	7	1	0	8	0	0
11	116471963	.	T	C	10	21	31	0	2	33	0	0
11	116742048	.	G	A	2	1	3	0	3	6	0	0
11	116742052	.	G	A	4	1	5	0	2	7	0	0
11	116810095	.	A	G	10	2	12	0	0	12	0	0
11	120856437	.	A	G	4	2	6	0	0	6	0	0
11	121145315	.	G	T	19	3	22	0	2	24	0	0
11	121145316	.	C	T	18	4	22	0	2	24	0	0
12	3454168	.	A	G	42	13	55	10	0	65	0	0
12	3454248	.	A	G	13	48	61	10	3	74	0	0
12	16995352	.	A	G	1	2	3	0	0	3	0	0
12	17479425	.	T	C	6	4	10	0	2	12	0	0
12	17479431	.	G	C	8	3	11	0	0	11	0	0
12	17479686	.	A	G	19	9	28	0	0	28	0	0
12	17479809	.	A	G	15	18	33	0	0	33	0	0
12	31684462	.	A	G	9	2	11	0	0	11	0	0
12	46747117	.	T	C	45	17	62	0	1	63	0	0
12	69244102	.	A	G	15	6	21	0	0	21	0	0
12	69355199	.	A	G	5	2	7	0	0	7	0	0
12	71041403	.	A	G	4	27	31	0	0	31	0	0
12	71041903	.	A	G	9	17	26	0	0	26	0	0
12	71041909	.	A	G	16	5	21	0	0	21	0	0
12	71041954	.	A	G	13	10	23	0	4	27	0	0
12	71041984	.	A	G	17	6	23	0	0	23	0	0
12	72955837	.	T	C	5	4	9	0	0	9	0	0
12	72955848	.	T	C	5	5	10	0	0	10	0	0
12	73975614	.	A	G	1	7	8	0	0	8	0	0
12	73975631	.	A	G	4	2	6	0	0	6	0	0
12	79279930	.	A	G	6	2	8	0	0	8	0	0
12	84724302	.	T	G	10	1	11	1	10	22	0	0
12	86726722	.	A	C	10	4	14	0	3	17	0	0
12	86726725	.	T	C	13	5	18	0	0	18	0	0
12	98169687	.	G	A	2	2	4	0	0	4	0	0
12	100837974	.	A	G	6	4	10	0	0	10	0	0
12	100837975	.	A	G	8	2	10	0	0	10	0	0
12	101886131	.	T	C	23	5	28	0	0	28	0	0
12	101887890	.	T	C	20	6	26	0	0	26	0	0
12	108171831	.	C	G	9	4	13	0	1	14	0	0
12	109511202	.	C	A	3	13	16	0	9	25	0	0
12	109552521	.	A	G	5	2	7	0	0	7	0	0
12	109689209	.	A	G	1	5	6	0	0	6	0	0
12	109706996	.	A	G	8	4	12	0	0	12	0	0
12	112571040	.	G	C	3	2	5	0	1	6	0	0
12	116026240	.	C	T	1	1	2	0	0	2	0	0
12	118195513	.	A	G	5	2	7	0	0	7	0	0
13	3702353	.	A	G	9	3	12	0	0	12	0	0
13	8901801	.	T	C	9	6	15	1	1	17	0	0
13	14176103	.	T	C	1	2	3	0	0	3	0	0
13	14176124	.	T	C	3	2	5	0	0	5	0	0
13	14225628	.	T	C	33	10	43	0	1	44	0	0
13	15989053	.	T	C	1	2	3	0	0	3	0	0
13	17978926	.	T	C	5	2	7	0	0	7	0	0
13	17979133	.	T	C	11	3	14	0	0	14	0	0
13	21574169	.	T	C	5	3	8	0	0	8	0	0
13	21576493	.	T	C	7	2	9	0	1	10	0	0
13	21576512	.	T	C	3	4	7	0	1	8	0	0
13	24997919	.	G	A	13	2	15	0	6	21	0	0
13	24998536	.	A	G	2	3	5	0	0	5	0	0
13	24999573	.	A	G	2	2	4	0	0	4	0	0
13	24999598	.	A	G	2	2	4	0	0	4	0	0
13	29133641	.	T	A	16	3	19	0	0	19	0	0
13	30559716	.	G	A	2	3	5	0	0	5	0	0
13	43352146	.	T	G	49	9	58	0	9	67	0	0
13	48746568	.	C	T	3	2	5	2	0	7	0	0
13	49685611	.	A	G	1	4	5	0	0	5	0	0
13	49685633	.	A	G	2	2	4	0	0	4	0	0
13	58151411	.	A	C	7	2	9	0	2	11	0	0
13	63448526	.	A	G	7	3	10	0	0	10	0	0
13	64437994	.	T	C	9	6	15	0	0	15	0	0
13	64438124	.	T	C	11	4	15	0	0	15	0	0
13	67621181	.	T	C	1	2	3	0	0	3	0	0
13	67621265	.	T	C	7	3	10	1	1	12	0	0
13	67621271	.	T	C	7	3	10	1	0	11	0	0
13	67621455	.	T	C	4	2	6	0	0	6	0	0
13	67621546	.	T	C	12	2	14	0	2	16	0	0
13	67807053	.	T	C	1	5	6	0	0	6	0	0
13	90257219	.	G	A	4	2	6	0	1	7	0	0
13	97594862	.	T	C	1	2	3	0	0	3	0	0
13	100839340	.	T	C	17	5	22	0	1	23	0	0
13	100839361	.	T	C	24	5	29	0	1	30	0	0
13	107861323	.	C	T	6	2	8	0	3	11	0	0
13	111730124	.	T	G	3	1	4	8	1	13	0	0
13	111730130	.	G	A	5	1	6	7	2	15	0	0
13	118515925	.	T	C	1	2	3	0	0	3	0	0
13	119625401	.	G	T	38	29	67	0	3	70	0	0
13	119629175	.	A	T	33	14	47	1	0	48	0	0
13	120071071	.	T	A	35	7	42	11	1	54	0	0
13	120071077	.	G	A	36	8	44	10	0	54	0	0
13	120071697	.	T	C	57	10	67	0	4	71	0	0
13	120071828	.	C	T	33	9	42	0	8	50	0	0
13	120071842	.	A	G	24	9	33	0	1	34	0	0
13	120072114	.	A	G	1	2	3	0	0	3	0	0
14	7721178	.	A	G	9	2	11	0	0	11	0	0
14	10058181	.	A	G	123	38	161	0	5	166	0	0
14	14533725	.	T	C	2	16	18	0	0	18	0	0
14	21846832	.	A	G	16	36	52	0	1	53	0	0
14	21846833	.	A	G	42	12	54	0	0	54	0	0
14	21847779	.	A	G	69	15	84	0	2	87	1	0
14	26353460	.	A	G	3	2	5	0	0	5	0	0
14	29788070	.	T	C	17	6	23	0	0	23	0	0
14	29788078	.	T	C	13	10	23	0	0	23	0	0
14	30883376	.	A	G	5	2	7	0	0	7	0	0
14	31095923	.	C	T	23	4	27	0	9	36	0	0
14	31422583	.	T	C	34	8	42	0	3	45	0	0
14	31422619	.	T	C	25	11	36	0	1	37	0	0
14	31423408	.	T	C	34	6	40	0	1	41	0	0
14	32018582	.	A	G	29	6	35	0	0	35	0	0
14	33953408	.	T	C	1	2	3	0	0	3	0	0
14	34396123	.	A	C	3	3	6	0	2	8	0	0
14	45372232	.	T	C	12	5	17	0	0	17	0	0
14	45448379	.	A	T	7	2	9	0	0	9	0	0
14	45895165	.	C	T	8	2	10	0	0	10	0	0
14	51109987	.	A	G	9	5	14	0	0	14	0	0
14	52243661	.	A	C	1	3	4	0	4	8	0	0
14	52243667	.	A	C	7	2	9	0	0	9	0	0
14	52531686	.	A	G	19	56	75	0	2	77	0	0
14	54530501	.	G	A	7	2	9	10	0	19	0	0
14	60618107	.	C	A	20	4	24	0	2	26	0	0
14	65291200	.	A	G	13	7	20	0	19	39	0	0
14	65434640	.	T	C	26	17	43	0	0	43	0	0
14	66208572	.	A	C	2	4	6	0	8	14	0	0
14	66208578	.	T	C	3	2	5	0	6	11	0	0
14	66598691	.	A	G	26	9	35	0	10	45	0	0
14	72775519	.	A	G	8	2	10	0	0	10	0	0
14	75957159	.	T	C	31	8	39	0	1	40	0	0
14	103584115	.	T	C	23	16	39	0	3	42	0	0
14	111920135	.	G	A	26	8	34	0	2	36	0	0
14	118472586	.	C	A	2	1	3	0	0	3	0	0
14	121273016	.	A	G	6	3	9	0	0	9	0	0
14	121490491	.	A	C	23	7	30	0	8	38	0	0
15	8187674	.	A	G	7	6	13	0	0	13	0	0
15	27732222	.	G	T	21	6	27	0	5	32	0	0
15	42885138	.	A	C	7	1	8	0	3	11	0	0
15	42885144	.	G	C	10	4	14	0	1	15	0	0
15	55118258	.	A	G	17	3	20	0	1	21	0	0
15	55118692	.	A	G	8	12	20	0	1	21	0	0
15	58695035	.	T	C	12	6	18	0	0	18	0	0
15	66158075	.	T	C	6	4	10	0	0	10	0	0
15	78900113	.	T	C	7	3	10	0	0	10	0	0
15	80816550	.	A	G	8	2	10	0	0	10	0	0
15	81074869	.	A	G	1	3	4	0	1	5	0	0
15	81074873	.	T	G	1	3	4	0	3	7	0	0
15	81339166	.	A	G	8	4	12	0	0	12	0	0
15	81341097	.	A	G	6	5	11	0	0	11	0	0
15	81733114	.	C	T	1	3	4	0	1	5	0	0
15	81733118	.	A	T	2	1	3	0	2	5	0	0
15	81733156	.	A	G	12	3	15	0	0	15	0	0
15	82693279	.	G	A	8	4	12	0	3	15	0	0
15	84197393	.	A	C	4	2	6	0	0	6	0	0
15	89070817	.	G	C	2	3	5	0	3	8	0	0
15	89070824	.	G	C	5	3	8	0	4	12	0	0
15	97142464	.	G	A	11	3	14	0	1	15	0	0
15	98634993	.	T	C	17	35	52	0	0	52	0	0
15	98932367	.	T	C	4	2	6	264	0	270	0	0
15	98932415	.	C	T	3	4	7	147	0	154	0	0
15	99142536	.	T	C	61	17	78	21	1	100	0	0
15	99626051	.	A	G	8	5	13	0	2	15	0	0
15	99626091	.	A	G	7	4	11	0	1	12	0	0
15	103379673	.	C	T	4	2	6	0	0	6	0	0
16	3680985	.	T	C	25	7	32	0	0	32	0	0
16	4444211	.	T	C	4	2	6	0	0	6	0	0
16	9388859	.	G	A	17	9	26	1	1	28	0	0
16	10602372	.	A	G	2	1	3	0	0	3	0	0
16	13520445	.	A	G	17	14	31	0	0	31	0	0
16	13650452	.	A	G	6	4	10	0	0	10	0	0
16	16866848	.	A	G	1	2	3	0	0	3	0	0
16	17335960	.	A	G	6	2	8	0	0	8	0	0
16	18653678	.	A	G	44	15	59	0	0	59	0	0
16	19917909	.	A	G	5	2	7	0	0	7	0	0
16	19942498	.	A	G	35	18	53	0	1	54	0	0
16	30330773	.	T	C	8	5	13	0	0	13	0	0
16	32118706	.	A	G	21	4	25	3	0	28	0	0
16	32118742	.	A	G	21	4	25	1	1	27	0	0
16	32119150	.	A	G	26	16	42	0	0	42	0	0
16	36570760	.	A	G	1	2	3	0	0	3	0	0
16	38316664	.	A	G	4	2	6	0	0	6	0	0
16	38319163	.	G	A	0	2	2	0	1	3	0	0
16	43431250	.	T	C	11	2	13	0	0	13	0	0
16	43447381	.	G	T	9	3	12	0	0	12	0	0
16	57445847	.	G	C	7	1	8	0	0	8	0	0
16	57445850	.	G	T	7	1	8	0	0	8	0	0
16	58500386	.	A	C	6	2	8	0	1	9	0	0
16	58500389	.	C	A	3	1	4	0	3	7	0	0
16	75398743	.	A	G	3	3	6	0	0	6	0	0
16	87230813	.	T	C	10	2	12	0	2	14	0	0
16	87230814	.	T	C	10	4	14	0	0	14	0	0
16	87737431	.	T	C	3	7	10	0	0	10	0	0
16	91287580	.	A	G	2	1	3	0	0	3	0	0
16	91287590	.	A	G	2	2	4	0	0	4	0	0
16	91453021	.	A	G	82	21	103	0	2	105	0	0
16	95957876	.	G	T	14	5	19	0	3	22	0	0
16	97658408	.	T	C	5	2	7	0	0	7	0	0
17	6172883	.	A	G	2	3	5	0	0	5	0	0
17	15696127	.	T	C	52	9	61	0	0	61	0	0
17	15742449	.	A	G	1	2	3	0	0	3	0	0
17	15742450	.	A	G	1	2	3	0	0	3	0	0
17	15742534	.	A	G	3	2	5	0	0	5	0	0
17	17566113	.	A	G	6	3	9	61	1	72	1	0
17	24395416	.	T	C	44	11	55	1	2	58	0	0
17	24395428	.	T	C	58	14	72	0	1	73	0	0
17	24395462	.	T	C	68	30	98	0	1	99	0	0
17	24395463	.	T	C	76	19	95	0	4	99	0	0
17	29259605	.	C	T	11	5	16	0	3	19	0	0
17	29521001	.	A	G	9	9	18	0	0	18	0	0
17	31333483	.	C	T	9	16	25	0	10	35	0	0
17	33015107	.	T	C	4	6	10	0	0	10	0	0
17	33015482	.	T	C	16	3	19	0	0	19	0	0
17	33015497	.	T	C	10	2	12	0	0	12	0	0
17	33015547	.	T	C	4	2	6	0	0	6	0	0
17	33034549	.	T	C	13	2	15	0	1	16	0	0
17	33037766	.	T	C	19	5	24	0	0	24	0	0
17	33038156	.	T	C	19	7	26	0	0	26	0	0
17	33038160	.	T	C	22	6	28	0	1	29	0	0
17	33550719	.	T	C	13	3	16	0	0	16	0	0
17	33906273	.	T	C	4	7	11	0	0	11	0	0
17	34147531	.	A	G	14	10	24	0	2	26	0	0
17	34147707	.	A	G	29	5	34	0	0	34	0	0
17	34401072	.	C	T	3	2	5	0	0	5	0	0
17	36168626	.	A	G	2	5	7	0	1	8	0	0
17	36580955	.	T	C	4	3	7	0	0	7	0	0
17	40158498	.	T	C	4414	5689	10103	3	233	10831	492	0
17	40159543	.	T	C	65	262	327	0	5	332	0	0
17	45973875	.	T	C	30	96	126	0	13	139	0	0
17	46810304	.	A	G	4	4	8	0	0	8	0	0
17	46810331	.	A	G	4	2	6	0	0	6	0	0
17	47085856	.	T	C	13	13	26	1	0	27	0	0
17	47085857	.	T	C	12	13	25	1	1	27	0	0
17	47983391	.	C	T	4	2	6	0	0	6	0	0
17	56868029	.	T	A	2	1	3	0	1	4	0	0
17	62088255	.	T	G	0	2	2	0	1	3	0	0
17	62913701	.	T	A	6	1	7	0	6	13	0	0
17	69690104	.	T	C	1	2	3	0	0	3	0	0
17	69690105	.	A	C	1	2	3	0	0	3	0	0
17	75834220	.	T	C	8	2	10	0	0	10	0	0
17	78682983	.	G	T	6	4	10	0	0	10	0	0
17	86292520	.	A	G	4	1	5	0	3	8	0	0
17	95064364	.	T	C	4	5	9	0	0	9	0	0
17	95067396	.	T	C	10	6	16	1	0	17	0	0
17	95067479	.	T	C	27	12	39	0	1	40	0	0
17	95068552	.	T	C	29	6	35	0	0	35	0	0
18	3435389	.	T	A	5	2	7	0	1	8	0	0
18	4198432	.	G	A	8	2	10	30	0	40	0	0
18	4198498	.	C	T	3	2	5	16	1	22	0	0
18	4198525	.	T	C	3	2	5	35	0	40	0	0
18	4198587	.	G	T	1	3	4	70	0	74	0	0
18	6792739	.	A	G	10	8	18	0	1	19	0	0
18	6792757	.	A	G	20	6	26	0	0	26	0	0
18	6793746	.	A	G	17	9	26	0	0	26	0	0
18	6793749	.	A	G	18	8	26	0	1	27	0	0
18	6793851	.	A	G	19	4	23	0	0	23	0	0
18	10813843	.	A	G	94	20	114	0	2	116	0	0
18	10818270	.	A	G	10	2	12	0	0	12	0	0
18	10818273	.	C	T	9	2	11	0	1	12	0	0
18	24097917	.	A	G	5	3	8	0	0	8	0	0
18	31845190	.	A	G	1	2	3	0	0	3	0	0
18	32235557	.	A	G	4	9	13	0	0	14	1	0
18	32235595	.	A	G	3	10	13	0	0	13	0	0
18	32235652	.	A	G	3	13	16	0	0	16	0	0
18	34454474	.	T	G	17	6	23	0	7	30	0	0
18	35724462	.	T	A	45	16	61	0	19	80	0	0
18	35741351	.	A	G	15	3	18	0	0	18	0	0
18	35743341	.	A	G	5	4	9	0	0	9	0	0
18	37094687	.	T	C	4	2	6	0	0	6	0	0
18	37443955	.	A	G	2	3	5	0	0	5	0	0
18	38596801	.	A	G	1	4	5	0	0	5	0	0
18	43664588	.	G	T	22	0	22	0	1	23	0	0
18	46719019	.	C	T	2	2	4	0	3	7	0	0
18	57090012	.	T	C	1	8	9	0	0	9	0	0
18	61328635	.	T	C	9	2	11	0	0	11	0	0
18	62797640	.	A	G	1	2	3	0	0	3	0	0
18	65610162	.	A	G	5	2	7	0	0	7	0	0
18	77062550	.	A	G	11	19	30	0	1	31	0	0
18	77062554	.	A	G	26	4	30	0	0	30	0	0
18	80777613	.	A	G	2	2	4	0	0	4	0	0
18	84030616	.	G	A	10	2	12	0	0	12	0	0
19	3916452	.	A	G	11	4	15	0	0	15	0	0
19	3917362	.	A	G	11	2	13	0	0	13	0	0
19	4316340	.	C	T	4	5	9	0	0	9	0	0
19	4356137	.	C	G	1	1	2	0	0	2	0	0
19	4356138	.	T	G	1	1	2	0	0	2	0	0
19	4368397	.	A	G	7	3	10	0	5	15	0	0
19	4811060	.	T	C	6	1	7	0	1	8	0	0
19	4811061	.	T	C	5	3	8	0	0	8	0	0
19	4813117	.	T	C	3	4	7	0	0	7	0	0
19	4813159	.	T	C	2	2	4	0	1	5	0	0
19	4937709	.	T	C	25	5	30	0	3	33	0	0
19	7176321	.	G	A	21	43	64	5	32	101	0	0
19	7515480	.	A	G	17	4	21	0	1	22	0	0
19	8868268	.	A	G	10	5	15	0	0	15	0	0
19	10223060	.	T	C	36	72	108	0	2	110	0	0
19	10582541	.	A	G	7	2	9	0	0	9	0	0
19	12441626	.	A	G	28	4	32	0	0	32	0	0
19	16244643	.	C	A	1	1	2	41	3	46	0	0
19	16362966	.	G	A	42	16	58	0	5	63	0	0
19	21915453	.	T	A	1	2	3	8	1	12	0	0
19	25149944	.	C	T	2	2	4	0	0	4	0	0
19	25773377	.	T	G	2	3	5	1	1	7	0	0
19	28995837	.	C	T	18	4	22	0	0	22	0	0
19	28997203	.	A	G	24	5	29	0	1	30	0	0
19	34789200	.	G	T	7	2	9	0	1	10	0	0
19	42181800	.	A	C	8	2	10	0	8	18	0	0
19	42181806	.	A	C	9	6	15	0	4	19	0	0
19	43429365	.	A	G	6	2	8	0	0	8	0	0
19	43429601	.	A	G	13	14	27	0	0	27	0	0
19	44130363	.	T	C	7	2	9	0	0	9	0	0
19	44130371	.	T	C	3	6	9	0	0	9	0	0
19	44993669	.	T	C	40	7	47	0	0	47	0	0
19	46583614	.	A	G	3	4	7	0	0	7	0	0
2	5902758	.	T	C	1	2	3	0	0	3	0	0
2	11425854	.	C	T	1	2	3	0	0	3	0	0
2	14152860	.	A	G	32	5	37	0	1	38	0	0
2	14153492	.	A	G	1	12	13	0	0	13	0	0
2	14153493	.	A	G	1	12	13	0	0	13	0	0
2	22478670	.	T	A	2	2	4	20	6	30	0	0
2	22478961	.	G	A	0	2	2	2	2	6	0	0
2	22478964	.	T	C	2	3	5	6	1	12	0	0
2	22479126	.	T	C	0	2	2	2	1	5	0	0
2	25597684	.	T	A	5	2	7	0	0	7	0	0
2	25597686	.	C	A	5	2	7	0	0	7	0	0
2	26846568	.	T	C	5	2	7	0	0	7	0	0
2	29961422	.	G	A	35	14	49	9	19	77	0	0
2	30174243	.	A	T	4	2	6	0	0	6	0	0
2	30920944	.	T	C	19	4	23	0	0	23	0	0
2	30920955	.	T	C	17	4	21	0	1	22	0	0
2	30921679	.	G	A	4	3	7	0	2	9	0	0
2	31937444	.	A	G	19	6	25	1	0	26	0	0
2	32174582	.	T	C	1	3	4	0	0	4	0	0
2	37315924	.	T	C	24	4	28	0	0	28	0	0
2	40446357	.	A	G	7	1	8	16	1	25	0	0
2	55005781	.	C	T	8	4	12	0	0	12	0	0
2	55005783	.	G	T	8	3	11	0	1	12	0	0
2	77012350	.	A	C	11	4	15	0	3	18	0	0
2	91043632	.	A	G	33	8	41	0	1	42	0	0
2	91064732	.	T	C	6	3	9	0	0	9	0	0
2	91064743	.	T	C	6	5	11	0	0	11	0	0
2	92445495	.	C	A	37	9	46	0	20	66	0	0
2	104511072	.	T	C	26	4	30	1	0	31	0	0
2	104511101	.	T	C	20	6	26	1	1	28	0	0
2	104511117	.	T	C	23	9	32	0	3	35	0	0
2	104511430	.	T	C	22	5	27	0	1	28	0	0
2	109522833	.	A	C	0	2	2	0	0	2	0	0
2	109522837	.	A	C	1	2	3	0	0	3	0	0
2	112185846	.	A	G	2	2	4	0	0	4	0	0
2	112186208	.	A	G	1	2	3	0	0	3	0	0
2	118577740	.	C	T	31	13	44	0	4	48	0	0
2	118577745	.	C	T	34	2	36	0	9	45	0	0
2	118700340	.	A	G	14	4	18	0	0	18	0	0
2	118700712	.	A	G	6	3	9	0	0	9	0	0
2	118700801	.	A	G	6	3	9	0	0	9	0	0
2	118712301	.	G	T	5	3	8	1	0	9	0	0
2	120435108	.	A	G	20	4	24	0	0	24	0	0
2	120451649	.	A	G	24	4	28	2	0	30	0	0
2	120564258	.	T	C	36	26	62	0	0	62	0	0
2	120564302	.	T	C	41	21	62	0	0	62	0	0
2	121374790	.	A	G	1	4	5	0	0	5	0	0
2	126733408	.	T	C	10	4	14	0	1	15	0	0
2	126734766	.	T	C	9	6	15	0	2	17	0	0
2	126734836	.	T	C	18	9	27	0	0	27	0	0
2	130285619	.	T	C	9	3	12	0	1	13	0	0
2	130396876	.	A	G	2	12	14	0	1	15	0	0
2	130715901	.	T	C	6	3	9	0	0	9	0	0
2	132151800	.	A	G	67	275	342	0	5	347	0	0
2	135911813	.	G	A	3	5	8	0	2	10	0	0
2	146596981	.	T	C	0	2	2	0	1	3	0	0
2	151301076	.	T	C	0	2	2	5	1	8	0	0
2	152114942	.	A	G	2	2	4	0	0	4	0	0
2	152121490	.	A	G	4	2	6	5	0	11	0	0
2	153108492	.	A	G	13	4	17	0	1	18	0	0
2	153459246	.	T	C	1	2	3	0	0	3	0	0
2	153460309	.	T	C	1	3	4	0	0	4	0	0
2	153460310	.	T	C	2	2	4	0	0	4	0	0
2	154379850	.	A	G	30	11	41	0	1	42	0	0
2	155291220	.	A	G	5	2	7	0	0	7	0	0
2	156940535	.	G	A	10	2	12	0	0	12	0	0
2	157313041	.	A	C	10	7	17	0	6	23	0	0
2	157400030	.	T	C	87	23	110	10	2	122	0	0
2	157400060	.	T	C	73	35	108	0	2	110	0	0
2	157400069	.	T	C	55	48	103	1	1	105	0	0
2	158219426	.	A	G	4	2	6	0	1	7	0	0
2	158220838	.	A	G	10	5	15	0	2	17	0	0
2	158220844	.	A	G	13	4	17	0	0	17	0	0
2	158225545	.	A	G	289	51	340	0	3	343	0	0
2	158226873	.	A	G	82	293	375	1	16	392	0	0
2	163309459	.	T	C	7	7	14	0	0	14	0	0
2	163310364	.	T	C	26	5	31	0	0	31	0	0
2	164953773	.	T	C	28	7	35	0	0	35	0	0
2	166408278	.	A	G	14	4	18	0	0	18	0	0
2	169913421	.	A	G	7	2	9	0	1	10	0	0
2	173427652	.	A	C	0	1	1	0	5	6	0	0
2	174169694	.	A	G	86	18	104	1	3	108	0	0
2	174549533	.	G	C	2	2	4	0	1	5	0	0
2	177006548	.	G	A	1	11	12	1	0	13	0	0
2	180628605	.	G	T	11	1	12	0	2	14	0	0
3	9494248	.	G	C	11	2	13	0	6	19	0	0
3	18110224	.	A	G	4	1	5	0	1	6	0	0
3	18110228	.	A	G	3	2	5	0	1	6	0	0
3	19279149	.	T	C	14	2	16	0	0	16	0	0
3	26385911	.	T	C	10	3	13	0	0	13	0	0
3	28729882	.	T	C	8	3	11	0	1	12	0	0
3	32519249	.	G	A	14	8	22	0	5	27	0	0
3	32636549	.	T	C	13	9	22	0	0	22	0	0
3	40747624	.	A	G	26	5	31	0	0	31	0	0
3	40747629	.	A	G	16	12	28	0	1	29	0	0
3	40748383	.	G	A	8	4	12	1	4	17	0	0
3	40748697	.	A	G	29	6	35	11	0	46	0	0
3	57551783	.	T	C	1	1	2	0	2	4	0	0
3	57551841	.	T	C	5	3	8	0	0	8	0	0
3	57551908	.	T	C	4	3	7	0	1	8	0	0
3	57553351	.	T	C	2	3	5	0	0	5	0	0
3	65868043	.	A	G	13	2	15	0	0	15	0	0
3	68975672	.	A	G	7	2	9	0	0	9	0	0
3	80599593	.	T	C	120	216	336	1	2	339	0	0
3	80613850	.	T	C	18	7	25	0	0	25	0	0
3	80614159	.	T	C	11	9	20	0	0	20	0	0
3	80614215	.	T	C	345	166	511	0	10	521	0	0
3	87828978	.	A	G	2	2	4	0	0	4	0	0
3	87828989	.	A	G	2	2	4	0	0	4	0	0
3	88259488	.	A	G	6	3	9	0	0	9	0	0
3	88259498	.	A	G	1	7	8	0	2	10	0	0
3	88547844	.	A	G	1	2	3	0	0	3	0	0
3	89913377	.	C	T	2	2	4	0	0	4	0	0
3	89967705	.	A	G	5	6	11	0	0	11	0	0
3	89967924	.	A	G	2	5	7	0	0	7	0	0
3	89968020	.	A	G	4	3	7	0	0	7	0	0
3	94794244	.	T	A	10	5	15	0	0	15	0	0
3	94794245	.	G	A	10	5	15	0	0	15	0	0
3	95091252	.	T	C	3	3	6	0	0	6	0	0
3	95656604	.	T	C	2	2	4	0	0	4	0	0
3	96539776	.	A	G	10	17	27	0	1	28	0	0
3	96540029	.	A	G	31	6	37	0	6	43	0	0
3	101483698	.	G	C	29	22	51	0	32	83	0	0
3	101483703	.	G	C	54	16	70	0	32	102	0	0
3	102973406	.	A	G	39	8	47	0	1	48	0	0
3	103874696	.	C	G	3	1	4	0	0	4	0	0
3	116537746	.	T	C	11	7	18	0	0	18	0	0
3	116537795	.	T	C	21	3	24	0	0	24	0	0
3	116538330	.	T	C	14	7	21	0	0	21	0	0
3	116538353	.	T	C	14	7	21	0	0	21	0	0
3	129430345	.	T	C	13	5	18	0	3	21	0	0
3	129430349	.	A	C	17	6	23	0	3	26	0	0
3	138264847	.	A	G	21	4	25	0	0	25	0	0
3	138265030	.	A	G	17	4	21	0	0	21	0	0
3	143894308	.	C	T	8	2	10	0	2	12	0	0
4	13892199	.	C	T	8	3	11	0	0	11	0	0
4	13892206	.	C	T	8	3	11	0	2	13	0	0
4	14914437	.	G	T	7	6	13	1	1	15	0	0
4	14914438	.	T	G	11	4	15	1	0	16	0	0
4	21749705	.	G	T	3	5	8	0	0	8	0	0
4	21749706	.	C	T	3	2	5	0	3	8	0	0
4	21834548	.	A	G	17	9	26	0	1	27	0	0
4	21834568	.	A	G	23	10	33	3	0	36	0	0
4	21836550	.	A	G	30	9	39	0	1	40	0	0
4	21911667	.	A	G	6	6	12	0	0	12	0	0
4	21911675	.	A	G	7	7	14	0	2	16	0	0
4	22486711	.	T	A	5	1	6	0	5	11	0	0
4	22486712	.	T	A	9	0	9	0	3	12	0	0
4	32575352	.	T	C	5	2	7	0	1	8	0	0
4	32683654	.	T	C	5	2	7	0	1	8	0	0
4	33019420	.	A	G	91	24	115	0	2	117	0	0
4	33020417	.	A	G	67	70	137	0	1	138	0	0
4	34486130	.	A	G	1	2	3	52	0	55	0	0
4	41518514	.	T	C	213	34	247	0	4	251	0	0
4	45377141	.	A	G	8	3	11	0	0	11	0	0
4	45377142	.	A	G	8	3	11	0	0	11	0	0
4	56870174	.	T	C	14	6	20	0	0	20	0	0
4	56870204	.	T	C	16	2	18	0	0	18	0	0
4	62371005	.	T	C	1	2	3	0	0	3	0	0
4	62371673	.	T	C	4	4	8	0	0	8	0	0
4	62575906	.	T	C	7	2	9	0	1	10	0	0
4	69843940	.	T	C	10	2	12	169	3	184	0	0
4	86495344	.	G	T	47	8	55	0	2	57	0	0
4	87951379	.	T	C	3	2	5	0	1	6	0	0
4	94692605	.	G	A	8	2	10	0	0	10	0	0
4	94938082	.	T	C	7	2	9	0	0	9	0	0
4	97999707	.	C	T	1	2	3	0	4	7	0	0
4	103021909	.	A	G	18	4	22	0	1	23	0	0
4	108198313	.	A	G	7	7	14	0	0	14	0	0
4	109534019	.	A	G	11	2	13	0	0	13	0	0
4	115991567	.	T	C	17	4	21	0	2	23	0	0
4	118483276	.	A	G	19	6	25	1	1	27	0	0
4	118483277	.	A	G	22	4	26	1	0	27	0	0
4	118483323	.	A	G	13	9	22	0	0	22	0	0
4	118483338	.	A	G	22	6	28	0	0	28	0	0
4	118484005	.	A	G	7	19	26	0	0	26	0	0
4	118484020	.	A	G	20	4	24	0	3	27	0	0
4	118484072	.	A	G	12	4	16	0	0	16	0	0
4	119135361	.	C	T	37	34	71	0	26	97	0	0
4	124837078	.	A	G	16	6	22	0	2	24	0	0
4	124837084	.	A	G	16	6	22	0	0	22	0	0
4	124838094	.	A	G	7	7	14	0	0	14	0	0
4	124838169	.	A	G	6	7	13	0	1	14	0	0
4	125982944	.	A	G	6	10	16	0	0	16	0	0
4	125982989	.	A	G	13	3	16	0	0	16	0	0
4	125985065	.	A	G	5	2	7	0	0	7	0	0
4	129062418	.	T	C	1	2	3	0	0	3	0	0
4	129407514	.	T	C	21	7	28	0	14	42	0	0
4	131679966	.	T	C	26	8	34	0	0	34	0	0
4	137987341	.	A	G	91	15	106	0	1	107	0	0
4	137987354	.	A	G	69	29	98	0	4	102	0	0
4	139376720	.	A	C	11	2	13	0	5	18	0	0
4	139376726	.	A	C	9	4	13	0	3	16	0	0
4	140678893	.	A	G	6	7	13	1	0	14	0	0
4	147907770	.	T	C	4	2	6	0	0	6	0	0
4	147907775	.	T	C	4	2	6	0	0	6	0	0
4	147907821	.	T	C	4	3	7	0	0	7	0	0
4	147909475	.	T	C	4	2	6	0	0	6	0	0
4	149202586	.	A	G	24	11	35	0	1	36	0	0
4	149203211	.	A	G	11	11	22	0	0	22	0	0
4	154426009	.	A	G	4	2	6	0	0	6	0	0
4	155706422	.	A	G	32	6	38	0	1	39	0	0
4	155800347	.	A	G	11	2	13	0	0	13	0	0
4	156095123	.	A	G	77	47	124	0	1	125	0	0
4	156105693	.	T	C	1	2	3	0	0	3	0	0
4	156294001	.	A	G	8	2	10	0	0	10	0	0
5	5833442	.	T	C	1	2	3	3	0	6	0	0
5	22733550	.	C	T	1	2	3	4	0	7	0	0
5	22930927	.	A	G	1	3	4	12	1	17	0	0
5	24649635	.	T	C	20	3	23	0	3	26	0	0
5	24649804	.	T	C	9	21	30	0	0	30	0	0
5	24649822	.	T	C	19	14	33	0	1	34	0	0
5	26212340	.	T	A	1	2	3	0	0	3	0	0
5	26212431	.	A	G	1	3	4	0	0	4	0	0
5	28744381	.	A	T	1	5	6	1	1	8	0	0
5	29658129	.	A	G	3	2	5	0	0	5	0	0
5	31330824	.	T	C	8	6	14	0	1	15	0	0
5	33149755	.	A	G	7	3	10	0	0	10	0	0
5	33149943	.	A	G	7	3	10	0	0	10	0	0
5	33572751	.	A	G	5	3	8	0	0	8	0	0
5	33572775	.	A	G	4	2	6	0	0	6	0	0
5	33573262	.	A	G	2	5	7	0	0	7	0	0
5	34105035	.	A	G	4	2	6	0	0	6	0	0
5	45855043	.	A	G	11	3	14	0	0	14	0	0
5	65265079	.	A	G	5	2	7	0	0	7	0	0
5	65605388	.	T	C	64	19	83	0	0	83	0	0
5	65605389	.	T	C	46	34	80	0	2	82	0	0
5	77442131	.	T	C	7	2	9	0	0	9	0	0
5	77555578	.	T	C	7	25	32	0	0	32	0	0
5	88790546	.	C	A	6	2	8	0	0	8	0	0
5	88909761	.	T	C	6	2	8	0	0	8	0	0
5	104652843	.	A	G	25	4	29	0	1	30	0	0
5	114706170	.	A	T	5	1	6	0	0	6	0	0
5	114749684	.	A	C	3	1	4	0	3	7	0	0
5	114749690	.	A	C	2	2	4	0	3	7	0	0
5	114894318	.	T	C	1	2	3	0	0	3	0	0
5	115434850	.	G	A	11	5	16	0	3	19	0	0
5	115437319	.	T	C	7	3	10	0	1	11	0	0
5	117378654	.	A	C	2	1	3	0	1	4	0	0
5	117378659	.	A	C	2	2	4	0	0	4	0	0
5	117516656	.	G	A	3	3	6	0	1	7	0	0
5	121683667	.	T	C	15	3	18	0	0	18	0	0
5	121941617	.	A	G	1	4	5	0	1	6	0	0
5	123386729	.	A	G	19	8	27	0	0	27	0	0
5	123654715	.	T	C	8	2	10	0	0	10	0	0
5	123879295	.	T	C	11	3	14	0	1	15	0	0
5	123879315	.	T	C	5	9	14	0	0	14	0	0
5	124583676	.	G	C	1	1	2	0	0	2	0	0
5	125491341	.	T	C	3	2	5	0	0	5	0	0
5	125533669	.	A	G	22	69	91	0	0	91	0	0
5	125533687	.	A	G	71	14	85	0	1	86	0	0
5	125534541	.	A	G	65	39	104	1	1	106	0	0
5	129795821	.	A	G	11	11	22	0	0	22	0	0
5	129797823	.	A	G	15	13	28	0	1	29	0	0
5	130014307	.	A	G	64	14	78	0	0	78	0	0
5	130162859	.	A	G	1	2	3	0	0	3	0	0
5	131466449	.	C	T	9	3	12	0	6	18	0	0
5	134588112	.	T	C	6	2	8	0	0	8	0	0
5	134621625	.	A	G	5	2	7	0	0	7	0	0
5	135192126	.	A	G	12	2	14	0	0	14	0	0
5	135437709	.	T	C	18	6	24	1	1	26	0	0
5	135437715	.	T	C	13	6	19	1	1	21	0	0
5	136941953	.	A	G	66	19	85	0	0	85	0	0
5	140606797	.	C	G	16	7	23	0	8	31	0	0
5	140606802	.	T	G	21	6	27	1	15	43	0	0
5	142655047	.	A	G	83	25	108	0	1	109	0	0
5	142711238	.	A	C	7	3	10	0	2	12	0	0
5	142711248	.	G	C	8	3	11	0	2	13	0	0
5	142856001	.	T	C	11	2	13	0	0	13	0	0
5	142856760	.	T	C	18	3	21	0	0	21	0	0
5	143751066	.	A	G	15	5	20	0	0	20	0	0
5	148985213	.	G	A	8	6	14	89	6	109	0	0
5	149545445	.	A	G	4	2	6	0	0	6	0	0
5	149546675	.	T	C	4	1	5	0	0	5	0	0
5	150561734	.	T	C	8	3	11	0	0	11	0	0
5	150562299	.	T	C	13	2	15	0	0	15	0	0
5	150916791	.	C	T	11	2	13	0	0	13	0	0
6	29714065	.	A	G	2	2	4	0	0	4	0	0
6	29912290	.	T	A	7	2	9	0	0	9	0	0
6	31489086	.	A	G	5	9	14	0	1	15	0	0
6	31492602	.	A	G	6	6	12	0	1	13	0	0
6	31492665	.	A	G	14	3	17	0	0	17	0	0
6	31492682	.	A	G	3	14	17	0	1	18	0	0
6	31492702	.	A	G	19	5	24	1	0	25	0	0
6	34751192	.	A	C	8	3	11	0	3	14	0	0
6	34751198	.	A	C	9	1	10	0	1	11	0	0
6	35222220	.	T	C	16	12	28	0	1	29	0	0
6	37847782	.	A	G	8	2	10	0	0	10	0	0
6	39312088	.	T	C	31	7	38	0	0	38	0	0
6	47773202	.	G	A	3	1	4	0	5	9	0	0
6	47848284	.	A	G	14	3	17	0	0	17	0	0
6	47848778	.	A	G	17	3	20	0	0	20	0	0
6	47848860	.	A	G	15	3	18	0	0	18	0	0
6	49231812	.	T	C	9	5	14	0	1	15	0	0
6	49233394	.	T	C	5	4	9	0	0	9	0	0
6	49237894	.	T	C	20	4	24	0	0	24	0	0
6	49237899	.	T	C	13	5	18	0	0	18	0	0
6	65684467	.	A	G	5	2	7	0	0	7	0	0
6	65687645	.	A	G	5	3	8	0	1	9	0	0
6	66517110	.	A	G	3	3	6	0	0	6	0	0
6	66517122	.	A	G	1	3	4	0	0	4	0	0
6	66517625	.	A	G	7	10	17	0	0	17	0	0
6	66517635	.	A	G	11	3	14	0	0	14	0	0
6	81935485	.	T	C	7	2	9	0	0	9	0	0
6	86391922	.	A	G	1	4	5	0	0	5	0	0
6	87794049	.	T	C	6	2	8	0	0	8	0	0
6	92347897	.	A	T	8	2	10	0	0	10	0	0
6	96010183	.	T	C	1	2	3	2	1	6	0	0
6	122715556	.	T	C	1	3	4	0	0	4	0	0
6	124787015	.	A	G	2	6	8	0	0	8	0	0
6	124787022	.	T	G	2	6	8	0	0	8	0	0
6	125171641	.	A	G	8	2	10	0	0	10	0	0
6	126619121	.	T	C	81	27	108	0	1	109	0	0
6	127102256	.	G	T	23	6	29	0	6	35	0	0
6	135114828	.	A	G	7	2	9	0	0	9	0	0
6	135706818	.	C	T	11	3	14	0	2	16	0	0
6	146364908	.	G	A	3	4	7	2	5	14	0	0
7	4468074	.	T	C	5	2	7	0	0	7	0	0
7	6176879	.	A	G	1	2	3	0	0	3	0	0
7	6196152	.	A	G	7	3	10	0	0	10	0	0
7	6196171	.	A	G	8	2	10	0	0	10	0	0
7	6433526	.	A	G	15	3	18	0	0	18	0	0
7	6968013	.	A	G	7	4	11	0	0	11	0	0
7	6968070	.	G	T	6	4	10	0	0	10	0	0
7	6968071	.	A	T	7	2	9	0	2	11	0	0
7	6969451	.	A	G	9	14	23	0	1	24	0	0
7	6969462	.	A	G	18	3	21	0	0	21	0	0
7	6969513	.	A	G	3	16	19	0	1	20	0	0
7	12601882	.	T	C	0	2	2	0	0	2	0	0
7	12601886	.	T	C	1	2	3	0	0	3	0	0
7	12706119	.	A	G	7	4	11	0	0	11	0	0
7	12706135	.	A	G	6	2	8	0	0	8	0	0
7	12707543	.	A	G	4	3	7	0	1	8	0	0
7	15864170	.	T	C	6	16	22	0	8	30	0	0
7	16531744	.	A	C	1	1	2	0	0	2	0	0
7	16531747	.	G	C	1	1	2	0	0	2	0	0
7	16605458	.	T	C	6	3	9	0	0	9	0	0
7	16606020	.	T	C	9	2	11	0	0	11	0	0
7	18873686	.	T	C	9	6	15	0	0	15	0	0
7	18873733	.	T	C	9	3	12	0	0	12	0	0
7	18915115	.	C	A	0	2	2	0	0	2	0	0
7	18915124	.	C	T	1	1	2	0	0	2	0	0
7	23840812	.	T	C	1	3	4	2	0	6	0	0
7	23974988	.	C	T	2	7	9	11	0	20	0	0
7	24771992	.	T	C	5	11	16	0	1	17	0	0
7	24925776	.	C	T	1	10	11	0	1	12	0	0
7	26904216	.	A	G	9	2	11	0	0	11	0	0
7	26904993	.	A	G	3	3	6	0	0	6	0	0
7	26905060	.	A	G	5	5	10	0	0	10	0	0
7	27227593	.	T	C	68	14	82	0	2	84	0	0
7	27281313	.	A	G	20	3	23	0	1	24	0	0
7	27520956	.	A	G	9	7	16	0	1	17	0	0
7	28922523	.	T	C	3	2	5	0	0	5	0	0
7	34751942	.	T	C	2	1	3	0	1	4	0	0
7	36472570	.	A	T	7	1	8	0	10	18	0	0
7	36472571	.	A	T	10	1	11	0	7	18	0	0
7	43175443	.	T	C	1	2	3	0	1	4	0	0
7	44188058	.	G	A	4	2	6	0	0	6	0	0
7	45120566	.	T	C	1	2	3	0	0	3	0	0
7	55627368	.	T	C	73	19	92	0	2	94	0	0
7	58875213	.	T	C	3	2	5	0	0	5	0	0
7	58875215	.	T	C	2	3	5	0	0	5	0	0
7	58972333	.	T	C	2	2	4	0	0	4	0	0
7	58980132	.	T	C	1	2	3	0	0	3	0	0
7	64521454	.	A	T	2	2	4	0	0	4	0	0
7	75403234	.	C	T	3	1	4	0	1	5	0	0
7	75403236	.	G	T	4	1	5	0	1	6	0	0
7	79206023	.	A	G	20	3	23	0	2	25	0	0
7	79206046	.	A	G	28	5	33	0	1	34	0	0
7	79571969	.	A	G	3	2	5	0	0	5	0	0
7	79574246	.	T	C	7	2	9	0	0	9	0	0
7	79574284	.	T	C	3	2	5	1	1	7	0	0
7	81522943	.	A	G	4	3	7	0	0	7	0	0
7	83274886	.	T	C	3	2	5	0	0	5	0	0
7	89567660	.	G	A	1	1	2	0	1	3	0	0
7	97770781	.	A	C	3	2	5	0	0	5	0	0
7	100587858	.	G	A	3	1	4	0	0	4	0	0
7	103988513	.	T	C	6	4	10	0	0	10	0	0
7	110655309	.	T	C	16	9	25	0	2	27	0	0
7	123582112	.	A	G	28	8	36	0	0	36	0	0
7	123582585	.	A	G	16	4	20	0	1	21	0	0
7	126853494	.	A	G	41	7	48	0	4	52	0	0
7	126853784	.	A	G	43	12	55	0	0	55	0	0
7	127165834	.	A	G	3	2	5	0	0	5	0	0
7	127165851	.	A	G	1	3	4	0	0	4	0	0
7	127165965	.	A	G	1	2	3	0	0	3	0	0
7	127178167	.	A	G	7	4	11	0	1	12	0	0
7	127178178	.	A	G	3	10	13	0	1	14	0	0
7	127368417	.	A	G	7	1	8	0	10	18	0	0
7	127519013	.	A	G	2	3	5	0	1	6	0	0
7	128290881	.	G	T	33	6	39	1	6	46	0	0
7	128298185	.	C	T	1	5	6	0	0	6	0	0
7	129994546	.	T	C	23	6	29	0	15	44	0	0
7	130360893	.	A	T	8	10	18	0	0	18	0	0
7	132586318	.	T	A	11	2	13	0	5	18	0	0
7	132586319	.	C	A	15	4	19	0	2	21	0	0
7	134485425	.	T	G	5	4	9	0	1	10	0	0
7	139715640	.	A	G	1	2	3	0	0	3	0	0
7	140391011	.	T	C	16	5	21	0	0	21	0	0
7	140391023	.	T	C	11	11	22	0	2	24	0	0
7	140916604	.	A	G	34	9	43	0	0	43	0	0
7	141014406	.	T	G	2	2	4	0	2	6	0	0
7	141503659	.	T	C	12	3	15	0	0	15	0	0
7	141503671	.	G	C	12	0	12	0	0	12	0	0
7	142207010	.	T	C	36	16	52	0	1	53	0	0
8	11563280	.	A	G	9	2	11	0	0	11	0	0
8	19732474	.	C	A	6	5	11	3	0	14	0	0
8	19741629	.	C	T	1	3	4	4	0	8	0	0
8	20030855	.	G	A	14	3	17	12	0	29	0	0
8	20698008	.	A	T	20	4	24	15	0	39	0	0
8	20721217	.	A	G	3	3	6	14	0	20	0	0
8	20727130	.	G	A	24	11	35	6	0	41	0	0
8	26304438	.	T	C	5	2	7	0	0	7	0	0
8	27467354	.	G	C	4	2	6	0	0	6	0	0
8	27537204	.	A	G	2	2	4	0	0	4	0	0
8	37462043	.	T	C	4	2	6	0	0	6	0	0
8	41370800	.	A	G	14	3	17	0	3	20	0	0
8	41370836	.	A	G	13	7	20	0	0	20	0	0
8	42061914	.	T	C	1	2	3	0	0	3	0	0
8	42700052	.	A	G	1	2	3	3	2	8	0	0
8	42700280	.	T	C	1	2	3	2	0	5	0	0
8	46661434	.	C	G	6	2	8	0	0	8	0	0
8	61848427	.	G	T	11	2	13	0	2	15	0	0
8	69766587	.	A	G	9	3	12	0	1	13	0	0
8	69766592	.	A	G	8	7	15	0	0	15	0	0
8	70017218	.	C	G	1	4	5	17	0	22	0	0
8	70028682	.	T	C	1	2	3	5	0	8	0	0
8	70637790	.	T	C	10	6	16	0	0	16	0	0
8	70847819	.	T	C	3	2	5	0	0	5	0	0
8	70967375	.	T	C	3	2	5	0	0	5	0	0
8	72977426	.	A	G	10	25	35	0	3	38	0	0
8	73236514	.	T	C	85	13	98	0	1	99	0	0
8	73236518	.	T	C	76	18	94	0	0	94	0	0
8	84982543	.	T	C	5	3	8	0	0	8	0	0
8	85286118	.	A	C	3	1	4	0	0	4	0	0
8	85784197	.	T	C	6	3	9	0	0	9	0	0
8	95049423	.	A	G	6	3	9	0	0	9	0	0
8	96177365	.	G	T	12	3	15	0	1	16	0	0
8	96177366	.	C	T	10	1	11	0	4	15	0	0
8	96552351	.	T	C	3	2	5	17	1	23	0	0
8	104986580	.	A	G	1	3	4	0	0	4	0	0
8	104987504	.	A	G	2	4	6	0	0	6	0	0
8	106441269	.	T	C	2	1	3	0	0	3	0	0
8	107744427	.	A	G	6	4	10	0	0	10	0	0
8	107744840	.	A	G	10	3	13	0	0	13	0	0
8	107744848	.	A	G	7	5	12	0	0	12	0	0
8	108165925	.	T	C	1	2	3	6	0	9	0	0
8	110403945	.	C	T	1	2	3	0	0	3	0	0
8	120486932	.	T	C	3	2	5	0	1	6	0	0
8	121821589	.	T	C	3	2	5	0	0	5	0	0
8	121821599	.	T	C	3	2	5	0	0	5	0	0
8	123634661	.	C	T	3	2	5	0	0	5	0	0
8	124261954	.	A	G	5	4	9	0	0	9	0	0
8	125620613	.	T	C	17	11	28	0	1	29	0	0
8	125620618	.	T	C	14	14	28	0	1	29	0	0
8	125620861	.	T	C	26	9	35	0	0	35	0	0
8	125620923	.	T	C	11	28	39	0	0	39	0	0
8	125620929	.	T	C	17	15	32	0	0	32	0	0
8	126865747	.	A	G	6	2	8	0	0	8	0	0
9	3387771	.	A	G	20	7	27	0	0	27	0	0
9	4456006	.	T	C	4	21	25	0	0	25	0	0
9	8022080	.	T	C	10	2	12	0	0	12	0	0
9	20512857	.	A	G	2	2	4	0	0	4	0	0
9	20512895	.	A	G	2	1	3	0	2	5	0	0
9	20515424	.	A	G	7	3	10	0	0	10	0	0
9	20515757	.	A	G	3	3	6	0	1	7	0	0
9	21199758	.	C	T	1	2	3	0	0	3	0	0
9	21667167	.	T	C	4	2	6	0	1	7	0	0
9	27260291	.	G	T	3	3	6	0	0	6	0	0
9	28832948	.	A	C	21	3	24	0	10	34	0	0
9	40715026	.	C	T	2	2	4	0	1	5	0	0
9	42163217	.	T	G	14	4	18	0	2	20	0	0
9	44204075	.	T	C	16	4	20	0	0	20	0	0
9	44204076	.	T	C	16	4	20	0	0	20	0	0
9	44205259	.	G	A	6	4	10	0	1	11	0	0
9	44206135	.	T	C	16	4	20	0	0	20	0	0
9	44322503	.	T	C	6	2	8	0	0	8	0	0
9	44419703	.	A	C	7	3	10	0	5	15	0	0
9	44419709	.	A	C	8	4	12	0	3	15	0	0
9	45747294	.	C	T	3	5	8	1	0	9	0	0
9	45747428	.	A	T	1	4	5	0	0	5	0	0
9	53311221	.	A	G	8	3	11	0	0	11	0	0
9	53379270	.	A	G	6	2	8	0	0	8	0	0
9	56131053	.	A	G	5	1	6	347	0	353	0	0
9	56978924	.	A	G	2	2	4	0	0	4	0	0
9	58783795	.	A	G	7	2	9	0	0	9	0	0
9	61324884	.	A	C	7	3	10	0	2	12	0	0
9	61324889	.	A	C	11	3	14	0	2	16	0	0
9	61989076	.	T	C	1	3	4	0	0	4	0	0
9	61989081	.	T	C	2	2	4	0	0	4	0	0
9	65253476	.	A	G	9	2	11	0	1	12	0	0
9	72270786	.	C	A	19	14	33	0	11	44	0	0
9	72366863	.	T	C	2	2	4	0	0	4	0	0
9	73387872	.	G	T	2	6	8	0	0	8	0	0
9	73387877	.	C	T	2	4	6	0	0	6	0	0
9	78076674	.	A	G	13	2	15	0	0	15	0	0
9	79351592	.	T	C	2	2	4	0	0	4	0	0
9	95448949	.	G	A	16	6	22	0	7	30	1	0
9	95939206	.	A	G	18	6	24	0	0	24	0	0
9	95939293	.	A	G	12	4	16	0	0	16	0	0
9	96777818	.	T	C	1	2	3	234	0	237	0	0
9	96826065	.	T	A	3	1	4	0	3	7	0	0
9	102784724	.	T	A	8	2	10	0	3	13	0	0
9	107458421	.	G	A	6	2	8	0	0	8	0	0
9	118753640	.	A	G	4	2	6	0	7	13	0	0
9	118754231	.	C	G	11	5	16	0	1	17	0	0
9	122660878	.	A	C	10	4	14	0	6	20	0	0
9	122660884	.	A	C	10	5	15	0	3	18	0	0
9	122725342	.	A	G	3	3	6	0	0	6	0	0
9	124033039	.	T	G	2	3	5	0	0	5	0	0
X	13383379	.	A	G	12	3	15	0	1	16	0	0
X	36359257	.	C	T	11	2	13	0	0	13	0	0
X	37697722	.	A	G	12	2	14	0	0	14	0	0
X	40743165	.	A	G	6	7	13	0	0	13	0	0
X	55633003	.	T	C	41	7	48	0	0	48	0	0
X	55695874	.	A	G	2	7	9	0	0	9	0	0
X	55695894	.	A	G	1	7	8	0	0	8	0	0
X	60231705	.	A	G	14	12	26	0	0	26	0	0
X	73270255	.	T	C	5	4	9	0	0	9	0	0
X	73270256	.	T	C	1	8	9	0	0	9	0	0
X	73270468	.	T	C	13	11	24	1	1	26	0	0
X	73331322	.	A	G	7	2	9	0	0	9	0	0
X	74426028	.	G	C	5	4	9	0	2	11	0	0
X	74426030	.	G	C	5	3	8	0	5	13	0	0
X	98192191	.	A	C	2	0	2	0	5	7	0	0
X	102620158	.	T	C	6	11	17	0	0	17	0	0
X	102620159	.	T	C	4	12	16	0	1	17	0	0
X	102631489	.	T	C	5	3	8	0	0	8	0	0
X	119547306	.	G	A	10	3	13	0	1	14	0	0
X	133489339	.	T	C	12	4	16	0	0	16	0	0
X	133489379	.	T	C	9	5	14	0	0	14	0	0
X	133489405	.	T	C	12	3	15	0	0	15	0	0
X	133490096	.	T	C	11	2	13	0	1	14	0	0
X	138846154	.	T	C	1	5	6	0	0	6	0	0
X	142577479	.	G	A	33	7	40	0	14	54	0	0
X	142641973	.	A	G	7	2	9	0	0	9	0	0
X	149766871	.	T	C	33	11	44	1	5	50	0	0
X	149767577	.	T	C	69	11	80	3	0	83	0	0
X	149767614	.	T	C	73	67	140	2	6	148	0	0
X	149768450	.	T	C	167	49	216	0	3	219	0	0
X	149768451	.	T	C	176	37	213	0	3	216	0	0
X	151078480	.	G	A	13	6	19	0	3	22	0	0
X	162735091	.	T	G	9	2	11	0	1	12	0	0
X	166906187	.	T	C	9	2	11	0	2	13	0	0
X	168769005	.	G	A	1	5	6	5	0	11	0	0
X	168793747	.	T	C	7	4	11	135	1	147	0	0
X	168793753	.	G	C	7	4	11	118	0	129	0	0
X	168793788	.	G	A	9	4	13	121	0	134	0	0
X	168793818	.	G	C	4	8	12	113	0	125	0	0
Y	90827629	.	G	A	71	24	95	33	1	129	0	0
Y	90827645	.	C	T	31	12	43	53	8	104	0	0
