contig	position	variantID	refAllele	altAllele	refCount	altCount	totalCount	lowMAPQDepth	lowBaseQDepth	rawDepth	otherBases	improperPairs
1	9790061	.	T	C	12	3	15	0	0	15	0	0
1	11667213	.	A	G	47	8	55	0	2	57	0	0
1	11667225	.	A	G	45	10	55	0	2	57	0	0
1	13695965	.	T	C	2	11	13	5	0	18	0	0
1	16717060	.	T	C	4	2	6	0	1	7	0	0
1	22031785	.	T	C	5	15	20	0	0	20	0	0
1	37171916	.	T	C	1	2	3	0	0	3	0	0
1	39590794	.	A	T	3	2	5	0	1	6	0	0
1	39590795	.	G	T	2	2	4	0	2	6	0	0
1	51506146	.	T	C	1	4	5	0	1	6	0	0
1	58423737	.	T	C	5	2	7	1	0	8	0	0
1	59913367	.	A	G	64	17	81	0	0	81	0	0
1	60054673	.	T	C	2	2	4	0	0	4	0	0
1	60191122	.	G	T	5	2	7	0	0	7	0	0
1	60191124	.	C	T	6	2	8	0	0	8	0	0
1	60517747	.	A	G	49	26	75	0	9	84	0	0
1	63156443	.	A	G	5	1	6	0	1	7	0	0
1	63211370	.	T	C	5	2	7	0	0	7	0	0
1	66711873	.	A	G	106	45	151	1	5	157	0	0
1	75188988	.	A	G	5	2	7	0	1	8	0	0
1	75398649	.	A	G	25	6	31	0	0	31	0	0
1	75473817	.	G	A	13	2	15	0	0	15	0	0
1	86205422	.	A	G	1	3	4	0	0	4	0	0
1	86273633	.	T	C	15	12	27	0	0	27	0	0
1	86273638	.	T	C	19	7	26	0	1	27	0	0
1	86275458	.	T	C	23	4	27	0	0	27	0	0
1	86275689	.	T	C	32	5	37	0	3	40	0	0
1	86276528	.	T	C	21	8	29	0	1	30	0	0
1	86836917	.	T	C	2	3	5	7	1	13	0	0
1	87762337	.	T	C	5	2	7	0	0	7	0	0
1	88186942	.	G	A	3	2	5	0	0	5	0	0
1	88187311	.	C	T	1	2	3	0	0	3	0	0
1	88187766	.	G	A	8	2	10	0	0	10	0	0
1	88188057	.	A	C	1	7	8	0	0	8	0	0
1	88188121	.	A	C	1	2	3	0	1	4	0	0
1	88188150	.	C	A	1	3	4	0	0	4	0	0
1	88189910	.	T	C	4	2	6	0	0	6	0	0
1	88189938	.	C	A	5	3	8	0	0	8	0	0
1	88190006	.	T	A	4	2	6	0	0	6	0	0
1	88190661	.	G	C	4	3	7	0	0	7	0	0
1	88190679	.	A	G	5	3	8	0	0	8	0	0
1	88190717	.	G	C	2	4	6	0	0	6	0	0
1	88190781	.	C	T	3	2	5	0	0	5	0	0
1	88191237	.	A	C	5	28	33	0	2	35	0	0
1	88191281	.	A	G	49	12	61	0	1	62	0	0
1	88191320	.	C	T	15	34	49	0	2	51	0	0
1	88191468	.	C	G	3	38	41	0	1	42	0	0
1	88191706	.	G	A	37	9	46	0	0	46	0	0
1	88191710	.	T	C	15	31	46	0	0	46	0	0
1	88191744	.	C	A	36	6	42	0	1	43	0	0
1	88191864	.	G	T	59	13	72	0	0	72	0	0
1	88192008	.	C	T	39	9	48	0	5	53	0	0
1	88192048	.	G	C	12	40	52	0	1	53	0	0
1	88192180	.	G	T	66	17	83	0	1	84	0	0
1	88192184	.	T	A	68	17	85	0	1	86	0	0
1	88192243	.	A	G	8	32	40	0	0	40	0	0
1	88192700	.	G	A	6	26	32	0	2	34	0	0
1	88192756	.	G	A	6	46	52	0	0	52	0	0
1	88192844	.	G	A	3	33	36	0	0	36	0	0
1	88192980	.	A	G	8	39	47	2	3	52	0	0
1	88193031	.	C	G	13	19	32	0	0	32	0	0
1	88193194	.	C	T	3	8	11	3	1	15	0	0
1	88193292	.	T	A	5	3	8	2	0	10	0	0
1	88193568	.	A	C	4	6	10	43	0	53	0	0
1	88193917	.	G	A	7	20	27	17	2	46	0	0
1	88194314	.	C	A	35	8	43	4	1	48	0	0
1	88197053	.	T	C	9	26	35	0	0	35	0	0
1	88197991	.	A	G	13	49	62	0	0	62	0	0
1	88197996	.	C	T	5	52	57	0	3	60	0	0
1	88200605	.	C	A	1	13	14	0	0	14	0	0
1	88200670	.	G	A	2	13	15	0	0	15	0	0
1	88200832	.	C	T	7	10	17	0	0	17	0	0
1	88202772	.	A	T	27	6	33	4	0	37	0	0
1	88205259	.	C	A	5	1	6	1	1	8	0	0
1	88205286	.	A	T	13	4	17	3	1	21	0	0
1	93299307	.	A	G	22	6	28	0	0	28	0	0
1	93299351	.	A	G	9	6	15	0	0	15	0	0
1	93299393	.	A	G	6	5	11	0	0	11	0	0
1	93726966	.	T	C	6	2	8	0	0	8	0	0
1	97877042	.	T	C	14	2	16	25	0	41	0	0
1	105568395	.	A	G	7	2	9	0	1	10	0	0
1	118225697	.	T	C	10	5	15	0	0	15	0	0
1	130981440	.	C	T	1	2	3	0	0	3	0	0
1	131953439	.	T	C	20	14	34	0	0	34	0	0
1	133065748	.	A	G	41	6	47	0	1	48	0	0
1	134559838	.	A	C	6	1	7	0	6	13	0	0
1	134559844	.	A	C	2	4	6	0	7	13	0	0
1	134707276	.	T	C	2	4	6	0	0	6	0	0
1	143021544	.	T	C	1	2	3	1	0	4	0	0
1	156255182	.	T	C	5	7	12	0	0	12	0	0
1	156255601	.	T	C	9	6	15	0	0	15	0	0
1	160800815	.	A	T	12	3	15	0	2	17	0	0
1	160835342	.	T	C	8	2	10	0	0	10	0	0
1	164170793	.	G	T	23	14	37	0	0	37	0	0
1	166916330	.	A	C	13	4	17	0	6	23	0	0
1	166916336	.	A	C	12	5	17	0	5	22	0	0
1	167982598	.	C	T	11	7	18	0	3	21	0	0
1	169969858	.	C	A	31	2	33	0	7	40	0	0
1	170020996	.	C	T	3	2	5	0	0	5	0	0
1	178756450	.	T	C	6	2	8	0	0	8	0	0
1	178780229	.	T	C	5	2	7	0	0	7	0	0
1	180924020	.	T	C	29	7	36	0	1	37	0	0
1	180924422	.	T	C	39	6	45	0	1	46	0	0
1	181728470	.	G	A	12	2	14	0	2	16	0	0
1	183190594	.	A	G	21	5	26	0	1	27	0	0
1	183190682	.	A	G	15	8	23	0	0	23	0	0
1	184563919	.	T	C	1	3	4	0	0	4	0	0
10	4382631	.	C	T	10	2	12	0	0	12	0	0
10	11333810	.	C	T	19	5	24	0	4	28	0	0
10	14621525	.	C	T	6	5	11	138	1	150	0	0
10	20194248	.	A	G	5	2	7	0	0	7	0	0
10	20194372	.	A	G	2	2	4	0	0	4	0	0
10	20194396	.	A	G	1	2	3	0	0	3	0	0
10	27073357	.	A	C	7	2	9	0	0	9	0	0
10	29075163	.	C	A	43	9	52	1	1	54	0	0
10	33865251	.	T	C	5	5	10	0	0	10	0	0
10	33868006	.	G	T	10	2	12	0	1	13	0	0
10	33868452	.	T	C	13	3	16	0	0	16	0	0
10	33868473	.	T	C	12	4	16	0	1	17	0	0
10	39888519	.	A	G	1	3	4	0	1	5	0	0
10	49118584	.	T	C	7	11	18	0	0	18	0	0
10	49118640	.	T	C	6	4	10	0	0	10	0	0
10	49148872	.	T	C	5	33	38	1	0	39	0	0
10	49148885	.	T	C	8	32	40	0	1	41	0	0
10	50576713	.	T	C	9	3	12	0	0	12	0	0
10	57383221	.	A	G	2	2	4	0	0	4	0	0
10	62645542	.	T	C	5	3	8	0	0	8	0	0
10	69860457	.	G	A	31	6	37	0	7	44	0	0
10	69860458	.	G	A	23	10	33	0	8	41	0	0
10	70027024	.	G	T	23	3	26	1	3	30	0	0
10	77158441	.	T	C	14	60	74	1	0	75	0	0
10	77158455	.	T	C	41	28	69	1	1	71	0	0
10	79787933	.	A	G	4	2	6	0	0	6	0	0
10	80403193	.	T	C	76	12	88	0	1	89	0	0
10	81155803	.	G	A	6	3	9	0	3	12	0	0
10	81182083	.	T	C	22	8	30	0	0	30	0	0
10	82486613	.	T	C	18	5	23	0	0	23	0	0
10	89654262	.	C	A	10	10	20	0	2	22	0	0
10	93101214	.	A	G	5	2	7	0	0	7	0	0
10	93800484	.	T	C	9	5	14	0	0	14	0	0
10	93801926	.	T	C	10	7	17	0	0	17	0	0
10	94057224	.	A	G	10	6	16	0	0	16	0	0
10	94057234	.	A	G	9	3	12	0	0	12	0	0
10	99033814	.	T	C	3	2	5	0	0	5	0	0
10	99932788	.	A	C	10	3	13	0	3	16	0	0
10	99932794	.	A	C	10	3	13	0	2	15	0	0
10	126903751	.	T	C	79	27	106	0	1	107	0	0
10	127038297	.	T	C	4	5	9	0	0	9	0	0
10	127962888	.	T	C	6	5	11	0	8	19	0	0
10	128031996	.	A	G	2	2	4	0	0	4	0	0
10	128032031	.	A	G	2	2	4	0	0	4	0	0
11	4092046	.	T	C	27	10	37	0	0	37	0	0
11	4092085	.	T	C	12	22	34	0	0	34	0	0
11	4092107	.	T	C	32	11	43	0	0	43	0	0
11	4092780	.	T	C	29	6	35	0	1	36	0	0
11	4092790	.	T	C	23	12	35	0	0	35	0	0
11	4437105	.	A	G	5	2	7	0	0	7	0	0
11	4514133	.	G	A	1	2	3	0	0	3	0	0
11	4717141	.	T	C	82	13	95	0	1	96	0	0
11	20774457	.	T	G	3	3	6	0	3	9	0	0
11	22945642	.	A	G	2	3	5	0	0	5	0	0
11	30051812	.	T	C	12	2	14	0	0	14	0	0
11	43572939	.	A	G	5	8	13	0	0	13	0	0
11	43573028	.	A	G	5	4	9	0	0	9	0	0
11	43574343	.	A	G	2	2	4	0	0	4	0	0
11	45821425	.	T	C	10	3	13	0	0	13	0	0
11	46163470	.	T	C	103	490	593	0	6	599	0	0
11	48691187	.	C	T	31	8	39	0	0	39	0	0
11	51583839	.	T	A	3	2	5	0	4	9	0	0
11	53223733	.	T	G	14	2	16	0	1	17	0	0
11	53223737	.	G	C	10	2	12	0	0	12	0	0
11	54730814	.	T	C	16	3	19	0	1	20	0	0
11	55285333	.	C	T	14	3	17	0	0	17	0	0
11	58399761	.	C	A	4	1	5	41	2	48	0	0
11	58759772	.	C	T	6	1	7	0	0	7	0	0
11	59347027	.	A	G	22	31	53	0	0	53	0	0
11	59347029	.	A	G	35	17	52	0	0	52	0	0
11	59347092	.	A	G	32	6	38	0	0	38	0	0
11	59349201	.	A	G	31	12	43	0	1	44	0	0
11	59401881	.	A	G	7	10	17	0	0	17	0	0
11	62032236	.	A	G	1	2	3	0	0	3	0	0
11	67579383	.	C	G	22	4	26	0	28	55	1	0
11	67746189	.	T	G	3	2	5	0	2	7	0	0
11	68103539	.	A	C	5	2	7	0	0	7	0	0
11	69290502	.	C	T	2	2	4	0	1	5	0	0
11	69469869	.	A	G	4	2	6	0	0	6	0	0
11	69674128	.	A	G	13	3	16	0	0	16	0	0
11	69716092	.	T	G	21	14	35	0	11	46	0	0
11	69922901	.	A	G	8	7	15	0	1	16	0	0
11	69922910	.	A	G	13	3	16	0	0	16	0	0
11	69922950	.	A	G	9	2	11	0	1	12	0	0
11	69923490	.	A	G	8	2	10	0	0	10	0	0
11	69923921	.	A	G	3	2	5	0	0	5	0	0
11	69923979	.	A	G	7	2	9	0	0	9	0	0
11	69924028	.	A	G	11	2	13	0	0	13	0	0
11	69925876	.	A	G	9	2	11	0	1	12	0	0
11	69927363	.	A	G	1	2	3	0	0	3	0	0
11	69927869	.	A	G	2	9	11	0	1	12	0	0
11	69928014	.	A	G	8	6	14	0	0	14	0	0
11	69937302	.	A	G	17	7	24	0	0	24	0	0
11	70542720	.	G	A	2	4	6	0	1	7	0	0
11	70882566	.	T	C	0	2	2	0	1	3	0	0
11	72816636	.	T	A	7	2	9	0	0	9	0	0
11	75067170	.	T	C	26	15	41	0	1	42	0	0
11	75067258	.	T	C	38	6	44	0	1	45	0	0
11	77184906	.	T	A	1	2	3	2	2	7	0	0
11	77426880	.	T	C	41	17	58	0	0	58	0	0
11	78186027	.	A	G	6	4	10	0	0	10	0	0
11	78186044	.	A	G	3	5	8	0	1	9	0	0
11	78187443	.	A	G	2	3	5	0	0	5	0	0
11	78187460	.	A	G	2	2	4	0	0	4	0	0
11	78388386	.	G	A	4	1	5	0	2	7	0	0
11	78388387	.	C	A	3	1	4	0	4	8	0	0
11	78588120	.	T	C	10	6	16	0	3	19	0	0
11	78588128	.	A	C	12	2	14	0	0	14	0	0
11	80371357	.	G	A	124	39	163	0	19	182	0	0
11	82854054	.	A	G	3	2	5	0	0	5	0	0
11	86521333	.	T	C	2	2	4	2	2	8	0	0
11	87014114	.	A	G	7	2	9	0	0	9	0	0
11	88927194	.	T	C	15	5	20	0	1	21	0	0
11	88927208	.	T	C	8	17	25	0	0	25	0	0
11	93810651	.	A	G	1	2	3	0	0	3	0	0
11	94254622	.	T	C	1	2	3	0	0	3	0	0
11	94431318	.	T	C	7	7	14	0	0	14	0	0
11	94431502	.	T	C	7	3	10	0	0	10	0	0
11	94431842	.	T	C	8	3	11	0	0	11	0	0
11	94432839	.	T	C	7	4	11	0	0	11	0	0
11	94432850	.	T	C	8	4	12	0	0	12	0	0
11	95962283	.	T	C	8	2	10	0	0	10	0	0
11	96855788	.	A	G	5	3	8	0	0	8	0	0
11	97535690	.	T	C	9	6	15	0	0	15	0	0
11	100329329	.	T	C	4	2	6	0	0	6	0	0
11	100488792	.	T	C	12	8	20	0	0	20	0	0
11	101089126	.	T	C	9	11	20	0	0	20	0	0
11	101089636	.	T	C	12	2	14	0	0	14	0	0
11	101089729	.	T	C	20	7	27	0	1	28	0	0
11	101089734	.	T	C	18	8	26	0	0	26	0	0
11	101089802	.	T	C	7	7	14	0	1	15	0	0
11	107578937	.	C	T	18	4	22	0	3	25	0	0
11	116013650	.	T	C	1	2	3	0	0	3	0	0
11	116471963	.	T	C	16	57	73	0	2	75	0	0
12	3454248	.	A	G	16	34	50	12	7	69	0	0
12	5004872	.	A	G	1	2	3	0	0	3	0	0
12	5127873	.	C	T	5	2	7	0	0	7	0	0
12	15778754	.	A	G	2	2	4	0	0	4	0	0
12	15778865	.	A	T	1	2	3	0	0	3	0	0
12	16995352	.	A	G	1	4	5	0	0	5	0	0
12	17479425	.	T	C	7	3	10	0	4	14	0	0
12	17479602	.	A	G	14	4	18	0	0	18	0	0
12	17479613	.	A	G	3	9	12	0	0	12	0	0
12	17479809	.	A	G	10	15	25	0	3	28	0	0
12	27388537	.	G	A	1	2	3	0	1	4	0	0
12	28703184	.	C	G	14	2	16	0	0	16	0	0
12	28703185	.	C	G	14	2	16	0	0	16	0	0
12	44365116	.	A	G	6	2	8	0	2	10	0	0
12	46747117	.	T	C	34	17	51	0	0	51	0	0
12	54718769	.	T	C	12	2	14	0	1	15	0	0
12	54719142	.	T	C	27	7	34	0	0	34	0	0
12	55612177	.	A	G	2	0	2	0	2	4	0	0
12	55612187	.	T	C	1	2	3	0	1	4	0	0
12	66504620	.	C	A	3	3	6	0	0	6	0	0
12	69244102	.	A	G	24	7	31	0	0	31	0	0
12	71041403	.	A	G	5	35	40	0	0	40	0	0
12	71041945	.	A	G	27	5	32	0	1	33	0	0
12	71041954	.	A	G	27	11	38	0	2	40	0	0
12	71041984	.	A	G	26	15	41	0	0	41	0	0
12	72955837	.	T	C	2	3	5	0	0	5	0	0
12	72955848	.	T	C	4	4	8	0	0	8	0	0
12	73975686	.	A	G	3	4	7	0	0	7	0	0
12	75677928	.	A	G	3	2	5	1	0	6	0	0
12	78887986	.	T	C	3	2	5	0	0	5	0	0
12	78932854	.	G	A	6	2	8	0	0	8	0	0
12	80769472	.	A	G	2	5	7	0	0	7	0	0
12	80802572	.	C	T	5	5	10	0	1	11	0	0
12	84092880	.	A	G	1	2	3	0	0	3	0	0
12	84197105	.	A	C	8	3	11	0	1	12	0	0
12	84197111	.	A	C	9	3	12	0	1	13	0	0
12	84969471	.	T	C	4	2	6	0	0	6	0	0
12	86209186	.	T	C	9	2	11	0	0	11	0	0
12	86726722	.	A	C	10	6	16	0	0	16	0	0
12	86726725	.	T	C	10	4	14	0	2	16	0	0
12	91605430	.	T	C	12	2	14	0	0	14	0	0
12	91605436	.	T	C	8	5	13	0	0	13	0	0
12	100837974	.	A	G	3	2	5	0	0	5	0	0
12	100837975	.	A	G	3	2	5	0	0	5	0	0
12	100843672	.	T	C	10	3	13	0	0	13	0	0
12	101887890	.	T	C	14	6	20	0	0	20	0	0
12	102534847	.	T	C	6	2	8	0	0	8	0	0
12	103150102	.	G	A	7	2	9	0	2	11	0	0
12	105348603	.	A	C	8	1	9	0	5	14	0	0
12	105348610	.	A	C	9	1	10	0	2	12	0	0
12	109682013	.	A	G	6	2	8	0	0	8	0	0
12	109689209	.	A	G	1	4	5	0	1	6	0	0
12	109690219	.	A	G	4	3	7	0	0	7	0	0
12	109690223	.	A	G	3	4	7	0	0	7	0	0
12	109706996	.	A	G	4	3	7	0	0	7	0	0
12	109709861	.	A	G	6	3	9	0	0	9	0	0
12	112144250	.	T	C	6	2	8	0	0	8	0	0
13	3702309	.	A	G	9	3	12	0	0	12	0	0
13	3702325	.	A	G	9	3	12	0	0	12	0	0
13	8901801	.	T	C	11	5	16	1	0	17	0	0
13	11784556	.	T	C	2	2	4	0	0	4	0	0
13	14176103	.	T	C	2	3	5	0	0	5	0	0
13	14228102	.	T	C	18	7	25	1	1	27	0	0
13	15989053	.	T	C	3	2	5	0	0	5	0	0
13	17978741	.	T	C	7	10	17	0	0	17	0	0
13	17978929	.	T	C	1	14	15	0	0	15	0	0
13	17978950	.	T	C	4	7	11	0	0	11	0	0
13	17979133	.	T	C	9	7	16	0	1	17	0	0
13	21574087	.	T	C	4	4	8	0	1	9	0	0
13	21574118	.	T	C	14	3	17	0	0	17	0	0
13	21574169	.	T	C	8	4	12	0	0	12	0	0
13	21574225	.	T	C	9	5	14	0	0	14	0	0
13	21576576	.	T	C	12	4	16	0	0	16	0	0
13	23537754	.	C	T	14	2	16	0	2	18	0	0
13	23537759	.	G	T	15	2	17	0	1	18	0	0
13	24997919	.	G	A	7	6	13	0	9	22	0	0
13	24999598	.	A	G	3	2	5	0	0	5	0	0
13	47163686	.	T	C	1	3	4	0	0	4	0	0
13	49685058	.	A	G	1	3	4	0	0	4	0	0
13	51799304	.	T	C	4	1	5	0	0	5	0	0
13	56221982	.	C	T	24	5	29	0	4	33	0	0
13	56221986	.	C	T	26	3	29	0	7	36	0	0
13	59776285	.	A	G	1	2	3	0	0	3	0	0
13	64438124	.	T	C	12	2	14	0	0	14	0	0
13	67287341	.	A	G	3	2	5	0	1	6	0	0
13	67621265	.	T	C	3	5	8	0	1	9	0	0
13	67621271	.	T	C	5	4	9	0	1	10	0	0
13	67621526	.	T	C	8	2	10	0	0	10	0	0
13	67806944	.	T	C	4	2	6	0	0	6	0	0
13	67806962	.	T	C	1	7	8	0	0	8	0	0
13	74508407	.	A	G	16	6	22	0	1	23	0	0
13	100839303	.	T	C	22	6	28	0	0	28	0	0
13	100839326	.	T	C	16	6	22	0	1	23	0	0
13	100839340	.	T	C	11	7	18	0	0	18	0	0
13	104159716	.	C	T	9	2	11	0	1	12	0	0
13	104159720	.	C	T	9	3	12	0	2	14	0	0
13	104280397	.	C	A	14	5	19	0	2	21	0	0
13	113749682	.	T	C	2	2	4	0	0	4	0	0
13	118515925	.	T	C	5	2	7	0	0	7	0	0
13	119625401	.	G	T	13	10	23	0	0	23	0	0
14	10058181	.	A	G	134	46	180	0	5	185	0	0
14	14533725	.	T	C	9	21	30	1	0	31	0	0
14	14533732	.	T	C	33	5	38	0	2	40	0	0
14	20517408	.	T	C	9	2	11	0	1	12	0	0
14	20692066	.	A	G	2	2	4	0	0	4	0	0
14	20724606	.	G	A	5	2	7	0	0	7	0	0
14	21846832	.	A	G	17	28	45	0	0	45	0	0
14	21847779	.	A	G	86	22	108	0	1	109	0	0
14	25886617	.	A	C	15	6	21	0	2	23	0	0
14	25886619	.	G	C	18	3	21	0	6	27	0	0
14	26643098	.	T	C	14	3	17	0	5	22	0	0
14	26643105	.	A	C	23	5	28	0	1	29	0	0
14	29788078	.	T	C	16	13	29	0	0	29	0	0
14	31422583	.	T	C	40	13	53	0	1	54	0	0
14	31422619	.	T	C	23	18	41	0	0	41	0	0
14	31422620	.	T	C	34	6	40	0	0	40	0	0
14	32018582	.	A	G	29	14	43	0	1	44	0	0
14	45448518	.	A	T	6	0	6	0	3	9	0	0
14	48646472	.	A	G	0	2	2	0	1	3	0	0
14	51013458	.	T	C	7	2	9	0	0	9	0	0
14	51108706	.	A	G	6	3	9	0	0	9	0	0
14	52530911	.	A	G	60	11	71	0	0	71	0	0
14	52531686	.	A	G	20	76	96	0	1	97	0	0
14	54532669	.	T	C	12	3	15	0	1	16	0	0
14	59473860	.	C	T	16	8	24	1	4	29	0	0
14	60451245	.	T	C	3	2	5	0	0	5	0	0
14	65434629	.	T	C	43	10	53	0	1	54	0	0
14	65434640	.	T	C	29	22	51	0	2	53	0	0
14	75957159	.	T	C	39	10	49	0	0	49	0	0
14	78804071	.	A	C	2	2	4	0	1	5	0	0
14	78804077	.	A	C	1	2	3	0	1	4	0	0
14	79526507	.	G	A	32	25	57	0	5	62	0	0
14	99551712	.	G	T	5	2	7	0	1	8	0	0
14	103584115	.	T	C	32	17	49	0	1	51	1	0
14	109148057	.	C	G	19	12	31	0	4	35	0	0
14	121273016	.	A	G	12	5	17	0	0	17	0	0
14	122356329	.	A	G	1	2	3	1	0	4	0	0
14	122716532	.	G	A	6	2	8	0	0	8	0	0
15	6683634	.	G	A	2	1	3	0	1	4	0	0
15	6851584	.	A	G	4	2	6	0	0	6	0	0
15	8187674	.	A	G	7	11	18	0	0	18	0	0
15	8188973	.	A	G	5	3	8	0	0	8	0	0
15	9199559	.	A	G	23	12	35	0	0	35	0	0
15	55118258	.	A	G	7	2	9	0	0	9	0	0
15	55118968	.	A	G	7	4	11	0	0	11	0	0
15	79496070	.	T	C	6	4	10	0	0	10	0	0
15	79526399	.	C	T	5	2	7	0	1	8	0	0
15	80814416	.	A	C	13	6	19	0	1	20	0	0
15	80816548	.	A	G	6	2	8	0	0	8	0	0
15	80816550	.	A	G	4	4	8	0	0	8	0	0
15	81339166	.	A	G	6	7	13	0	0	13	0	0
15	81341097	.	A	G	8	2	10	0	1	11	0	0
15	81341105	.	A	G	7	5	12	0	0	12	0	0
15	81791419	.	A	G	4	3	7	0	0	7	0	0
15	81856599	.	T	A	1	2	3	1	0	4	0	0
15	84198527	.	A	C	16	5	21	0	3	24	0	0
15	84836683	.	T	C	11	2	13	0	0	13	0	0
15	85591587	.	A	G	6	4	10	0	0	10	0	0
15	98441085	.	C	T	5	2	7	0	1	8	0	0
15	98634993	.	T	C	22	35	57	0	0	57	0	0
15	98731431	.	T	C	33	10	43	0	1	44	0	0
15	99142536	.	T	C	69	17	86	12	6	104	0	0
15	99626049	.	A	G	8	2	10	0	0	10	0	0
15	99626051	.	A	G	5	5	10	0	0	10	0	0
15	99626091	.	A	G	5	5	10	0	0	10	0	0
15	99627261	.	A	G	2	7	9	0	0	9	0	0
15	99627262	.	A	G	4	5	9	0	0	9	0	0
15	100492130	.	T	C	1	2	3	0	0	3	0	0
15	100495016	.	T	C	2	3	5	0	0	5	0	0
15	100495079	.	T	C	1	2	3	0	0	3	0	0
16	4138530	.	T	G	1	2	3	35	0	38	0	0
16	4444211	.	T	C	4	2	6	0	0	6	0	0
16	4444240	.	T	C	7	3	10	0	0	10	0	0
16	4796167	.	A	G	3	2	5	0	0	5	0	0
16	10891391	.	T	C	1	8	9	0	4	13	0	0
16	10933165	.	T	C	0	4	4	0	1	5	0	0
16	13520445	.	A	G	19	9	28	0	0	28	0	0
16	13651947	.	T	C	22	6	28	0	1	29	0	0
16	14292587	.	T	G	4	2	6	0	0	6	0	0
16	16844922	.	A	G	2	2	4	0	0	4	0	0
16	16844952	.	A	G	5	2	7	0	0	7	0	0
16	16866848	.	A	G	3	2	5	0	0	5	0	0
16	17321752	.	A	G	10	8	18	0	0	18	0	0
16	18653678	.	A	G	60	14	74	0	2	76	0	0
16	19542521	.	A	G	2	3	5	0	0	5	0	0
16	19942498	.	A	G	42	26	68	0	3	71	0	0
16	20219880	.	C	A	6	1	7	0	6	13	0	0
16	30330773	.	T	C	14	4	18	0	1	19	0	0
16	32119106	.	A	G	19	6	25	0	0	25	0	0
16	32119150	.	A	G	15	16	31	0	0	31	0	0
16	32209076	.	C	T	11	5	16	0	2	18	0	0
16	43447381	.	G	T	5	2	7	0	1	8	0	0
16	43460151	.	T	G	3	3	6	0	2	8	0	0
16	43691361	.	T	C	7	2	9	0	1	10	0	0
16	43980118	.	C	T	41	7	48	0	2	50	0	0
16	76087628	.	C	T	10	4	14	0	0	14	0	0
16	76087629	.	C	T	8	1	9	0	5	14	0	0
16	87230813	.	T	C	9	3	12	0	0	12	0	0
16	87230993	.	T	C	8	2	10	0	0	10	0	0
16	87231013	.	T	C	12	6	18	0	1	19	0	0
16	87231040	.	T	C	21	3	24	0	0	24	0	0
16	87737431	.	T	C	3	10	13	0	1	14	0	0
16	91452977	.	A	G	77	64	141	0	0	141	0	0
16	91453021	.	A	G	105	30	135	0	2	137	0	0
16	94241609	.	A	G	2	2	4	0	0	4	0	0
17	6330948	.	T	C	58	10	68	2	0	70	0	0
17	7222541	.	A	G	23	4	27	10	0	37	0	0
17	13039221	.	A	C	2	1	3	0	0	3	0	0
17	13039223	.	T	A	2	1	3	0	0	3	0	0
17	15695826	.	T	C	3	3	6	0	0	6	0	0
17	15741073	.	A	G	4	2	6	0	0	6	0	0
17	15742449	.	A	G	4	2	6	0	1	7	0	0
17	15742450	.	A	G	5	2	7	0	1	8	0	0
17	15742534	.	A	G	7	2	9	1	0	10	0	0
17	17565922	.	T	C	4	2	6	195	2	203	0	0
17	22210381	.	A	T	2	2	4	0	0	4	0	0
17	24395416	.	T	C	55	13	68	0	1	69	0	0
17	24397285	.	T	C	35	18	53	0	1	54	0	0
17	24397327	.	T	C	12	11	23	0	0	23	0	0
17	25404688	.	C	T	17	4	21	0	0	21	0	0
17	25404690	.	C	T	20	3	23	0	0	23	0	0
17	31333483	.	C	T	7	8	15	3	17	35	0	0
17	33015107	.	T	C	4	5	9	0	1	10	0	0
17	33015115	.	T	C	6	4	10	0	0	10	0	0
17	33015546	.	T	C	10	3	13	0	0	13	0	0
17	33037804	.	T	C	9	3	12	0	0	12	0	0
17	33038207	.	T	C	19	6	25	0	0	25	0	0
17	33550719	.	T	C	11	5	16	0	0	16	0	0
17	33552004	.	T	C	14	7	21	0	0	21	0	0
17	33906273	.	T	C	7	3	10	0	0	10	0	0
17	34147531	.	A	G	31	9	40	0	1	41	0	0
17	35115830	.	G	A	3	4	7	0	2	9	0	0
17	36161471	.	G	A	13	2	15	1	0	16	0	0
17	36168626	.	A	G	5	4	9	0	1	10	0	0
17	36289337	.	T	C	8	2	10	0	0	10	0	0
17	36580955	.	T	C	5	2	7	0	0	7	0	0
17	40158498	.	T	C	3746	5023	8769	1	171	9348	407	0
17	40159543	.	T	C	43	255	298	0	2	300	0	0
17	45973875	.	T	C	41	96	137	1	9	147	0	0
17	46609015	.	A	G	4	2	6	0	0	6	0	0
17	46810304	.	A	G	7	2	9	0	0	9	0	0
17	47085856	.	T	C	17	7	24	0	0	24	0	0
17	47085857	.	T	C	17	8	25	0	1	26	0	0
17	52166231	.	A	G	2	4	6	0	0	6	0	0
17	56369666	.	T	C	5	1	6	0	0	6	0	0
17	56736196	.	C	G	4	6	10	0	0	10	0	0
17	78682995	.	G	T	18	3	21	0	0	21	0	0
17	95064364	.	T	C	10	7	17	0	0	17	0	0
17	95067396	.	T	C	9	19	28	0	0	28	0	0
17	95067479	.	T	C	14	23	37	0	0	37	0	0
18	6792826	.	A	G	22	4	26	0	0	26	0	0
18	6792857	.	A	G	16	11	27	0	0	27	0	0
18	6934806	.	A	G	6	2	8	0	0	8	0	0
18	10813843	.	A	G	117	20	137	0	1	138	0	0
18	24093462	.	A	G	17	4	21	0	1	22	0	0
18	24097917	.	A	G	3	6	9	0	0	9	0	0
18	24098007	.	A	G	3	4	7	0	0	7	0	0
18	24098196	.	A	G	7	2	9	0	0	9	0	0
18	24639050	.	T	C	5	2	7	0	0	7	0	0
18	25270986	.	C	A	9	2	11	0	2	13	0	0
18	31845190	.	A	G	5	2	7	0	0	7	0	0
18	32235557	.	A	G	10	11	21	0	1	22	0	0
18	32235930	.	A	G	3	4	7	0	0	7	0	0
18	32236019	.	A	G	3	5	8	0	0	8	0	0
18	32561134	.	A	G	51	8	59	0	0	59	0	0
18	35741351	.	A	G	13	5	18	0	0	18	0	0
18	35743341	.	A	G	8	4	12	0	0	12	0	0
18	38437194	.	A	G	2	2	4	0	0	4	0	0
18	39504976	.	T	C	7	5	12	1	20	33	0	0
18	42472230	.	A	C	5	1	6	0	3	9	0	0
18	42472236	.	A	C	5	2	7	0	1	8	0	0
18	42778366	.	G	T	8	4	12	0	5	17	0	0
18	42778369	.	G	T	12	3	15	0	6	21	0	0
18	45021385	.	A	G	29	6	35	0	0	35	0	0
18	60756325	.	G	T	4	1	5	0	0	5	0	0
18	62794785	.	A	G	2	3	5	0	0	5	0	0
18	62794993	.	A	C	2	2	4	0	0	4	0	0
18	64398025	.	A	C	1	3	4	0	0	4	0	0
18	64398028	.	A	C	1	2	3	0	1	4	0	0
18	65347272	.	A	C	23	5	28	0	8	36	0	0
18	65610162	.	A	G	3	2	5	0	0	5	0	0
18	67610669	.	G	A	7	2	9	0	0	9	0	0
18	69821985	.	A	C	33	6	39	0	7	46	0	0
18	69821991	.	A	C	30	8	38	0	1	39	0	0
18	77548532	.	C	G	2	3	5	0	0	5	0	0
19	3916385	.	A	G	10	3	13	0	2	15	0	0
19	3940126	.	A	G	1	2	3	0	0	3	0	0
19	3940459	.	A	G	1	4	5	0	0	5	0	0
19	3940464	.	A	G	2	4	6	0	0	6	0	0
19	4316340	.	C	T	3	4	7	0	1	8	0	0
19	4367848	.	C	T	28	7	35	0	5	40	0	0
19	4368397	.	A	G	6	3	9	0	10	19	0	0
19	4811022	.	T	C	7	2	9	0	0	9	0	0
19	4811046	.	A	G	6	3	9	0	0	9	0	0
19	4811133	.	T	C	8	2	10	0	0	10	0	0
19	4813117	.	T	C	4	6	10	0	0	10	0	0
19	4816748	.	T	C	4	2	6	0	0	6	0	0
19	5016322	.	A	G	5	2	7	0	0	7	0	0
19	6392304	.	A	T	35	45	80	0	1	81	0	0
19	6895771	.	T	C	5	2	7	0	0	7	0	0
19	6895783	.	T	C	2	2	4	0	0	4	0	0
19	7342020	.	T	C	4	2	6	0	0	6	0	0
19	7515480	.	A	G	13	6	19	0	1	20	0	0
19	8868268	.	A	G	5	4	9	0	0	9	0	0
19	8929293	.	T	C	19	4	23	0	0	23	0	0
19	9193768	.	A	G	1	3	4	0	0	4	0	0
19	10223060	.	T	C	37	53	90	1	1	92	0	0
19	10498376	.	T	C	4	2	6	0	0	6	0	0
19	10886159	.	A	G	5	2	7	0	0	7	0	0
19	16244498	.	G	A	0	2	2	2	2	6	0	0
19	16255951	.	C	T	1	1	2	0	1	3	0	0
19	22967822	.	C	G	7	4	11	0	0	11	0	0
19	28997203	.	A	G	31	4	35	0	0	35	0	0
19	41757219	.	T	G	5	1	6	0	0	6	0	0
19	43429365	.	A	G	7	3	10	0	0	10	0	0
19	43429601	.	A	G	19	21	40	0	0	40	0	0
19	44130353	.	T	C	9	3	12	0	0	12	0	0
19	44130371	.	T	C	3	7	10	0	0	10	0	0
19	44993669	.	T	C	39	10	49	0	1	50	0	0
19	46583614	.	A	G	8	4	12	0	0	12	0	0
19	47250005	.	T	G	1	2	3	0	2	5	0	0
19	55730719	.	G	T	5	2	7	0	0	7	0	0
19	55730720	.	C	T	5	2	7	0	0	7	0	0
19	57473795	.	A	G	8	2	10	0	0	10	0	0
2	14152860	.	A	G	32	9	41	0	0	41	0	0
2	14153492	.	A	G	4	17	21	0	0	21	0	0
2	14153493	.	A	G	4	16	20	0	1	21	0	0
2	14153560	.	A	G	2	4	6	0	1	7	0	0
2	14153568	.	A	G	5	7	12	0	0	12	0	0
2	18219525	.	T	C	16	3	19	0	0	19	0	0
2	18219547	.	T	C	8	5	13	0	0	13	0	0
2	22477465	.	A	G	1	2	3	2	1	6	0	0
2	22478154	.	G	A	0	1	1	2	3	6	0	0
2	22478526	.	A	G	1	2	3	4	1	8	0	0
2	22478588	.	G	A	2	2	4	6	2	12	0	0
2	22478670	.	T	A	2	2	4	16	6	26	0	0
2	25181200	.	A	G	45	11	56	0	3	59	0	0
2	26271752	.	A	G	4	2	6	0	1	7	0	0
2	27153718	.	T	C	7	3	10	0	0	10	0	0
2	29961700	.	C	T	9	20	29	4	6	39	0	0
2	30075185	.	T	C	6	2	8	0	0	8	0	0
2	30920955	.	T	C	19	7	26	0	0	26	0	0
2	31506608	.	C	T	2	3	5	0	3	8	0	0
2	31506610	.	G	T	4	2	6	0	2	8	0	0
2	31937444	.	A	G	19	4	23	0	3	26	0	0
2	32208556	.	T	C	2	2	4	0	0	4	0	0
2	37270944	.	T	C	4	2	6	0	0	6	0	0
2	37270952	.	T	C	4	2	6	0	0	6	0	0
2	52448402	.	G	A	8	2	10	0	0	10	0	0
2	57259095	.	T	C	62	13	75	0	11	86	0	0
2	71688104	.	C	T	11	3	14	0	1	15	0	0
2	73267929	.	T	C	11	2	13	0	0	13	0	0
2	76427854	.	T	C	8	3	11	0	9	20	0	0
2	76427865	.	G	C	14	2	16	0	8	24	0	0
2	76428783	.	A	C	7	3	10	0	3	13	0	0
2	91064814	.	T	C	11	2	13	0	0	13	0	0
2	104511117	.	T	C	31	11	42	0	0	42	0	0
2	104511430	.	T	C	15	4	19	0	0	19	0	0
2	104585506	.	C	G	2	2	4	0	0	4	0	0
2	112185846	.	A	G	4	6	10	0	0	10	0	0
2	112185852	.	A	G	4	5	9	0	0	9	0	0
2	112186208	.	A	G	6	4	10	0	1	11	0	0
2	118700340	.	A	G	12	7	19	0	0	19	0	0
2	118700746	.	A	G	4	3	7	0	0	7	0	0
2	118700801	.	A	G	13	3	16	0	0	16	0	0
2	118702703	.	A	G	11	2	13	0	0	13	0	0
2	120451649	.	A	G	28	6	34	4	0	38	0	0
2	121374228	.	A	G	2	3	5	0	0	5	0	0
2	121374289	.	A	G	2	2	4	0	0	4	0	0
2	121374875	.	A	G	3	2	5	0	0	5	0	0
2	126733391	.	T	C	11	4	15	0	1	16	0	0
2	126733408	.	T	C	13	10	23	0	0	23	0	0
2	126734766	.	T	C	6	6	12	0	1	13	0	0
2	126734839	.	T	C	34	7	41	0	1	42	0	0
2	127126729	.	A	G	2	2	4	0	0	4	0	0
2	130211861	.	T	C	12	3	15	0	0	15	0	0
2	130397973	.	A	G	3	7	10	0	0	10	0	0
2	130397974	.	A	G	5	5	10	0	0	10	0	0
2	130410056	.	A	G	2	2	4	0	0	4	0	0
2	130410068	.	A	G	1	2	3	0	0	3	0	0
2	130410093	.	A	G	3	3	6	0	0	6	0	0
2	130549775	.	G	T	8	1	9	2	1	12	0	0
2	130549776	.	G	T	8	2	10	2	0	12	0	0
2	130715901	.	T	C	5	5	10	0	0	10	0	0
2	131141887	.	A	C	4	4	8	0	1	9	0	0
2	131141893	.	A	C	6	2	8	0	1	9	0	0
2	132151800	.	A	G	80	319	399	0	5	404	0	0
2	135911813	.	G	A	6	2	8	0	0	8	0	0
2	147132267	.	A	G	3	2	5	0	0	5	0	0
2	147132278	.	T	C	2	2	4	0	0	4	0	0
2	152114942	.	A	G	2	7	9	0	0	9	0	0
2	152114977	.	A	G	8	2	10	0	0	10	0	0
2	153459196	.	T	C	4	2	6	0	0	6	0	0
2	153459205	.	T	C	4	2	6	0	0	6	0	0
2	153459246	.	T	C	2	2	4	0	0	4	0	0
2	154379850	.	A	G	30	9	39	0	1	40	0	0
2	155016661	.	T	C	1	2	3	0	0	3	0	0
2	157400030	.	T	C	106	23	129	9	1	139	0	0
2	157400060	.	T	C	82	42	124	1	6	131	0	0
2	157400069	.	T	C	71	54	125	1	1	127	0	0
2	158202426	.	A	T	6	2	8	0	0	8	0	0
2	158219426	.	A	G	7	3	10	0	0	10	0	0
2	158220838	.	A	G	10	2	12	0	2	14	0	0
2	158220905	.	A	G	7	5	12	0	0	12	0	0
2	158225545	.	A	G	422	66	488	0	5	493	0	0
2	158226873	.	A	G	88	399	487	0	13	500	0	0
2	163309459	.	T	C	9	16	25	0	0	25	0	0
2	163310345	.	T	C	21	5	26	1	0	27	0	0
2	164316311	.	A	G	2	2	4	0	0	4	0	0
2	164953773	.	T	C	34	9	43	0	1	44	0	0
2	167317466	.	A	G	24	4	28	0	0	28	0	0
2	169913325	.	A	G	2	3	5	0	0	5	0	0
2	169913421	.	A	G	9	2	11	0	1	12	0	0
2	173625256	.	T	A	29	4	33	0	6	39	0	0
2	173625261	.	G	A	35	6	41	0	2	43	0	0
2	174169694	.	A	G	91	16	107	0	6	113	0	0
3	9494242	.	T	C	15	2	17	0	9	26	0	0
3	9494248	.	G	C	17	6	23	0	6	29	0	0
3	19278361	.	T	C	12	4	16	0	0	16	0	0
3	19279149	.	T	C	9	2	11	0	1	12	0	0
3	32417790	.	T	C	1	2	3	0	0	3	0	0
3	32615620	.	A	G	56	13	69	0	0	69	0	0
3	32615624	.	C	T	63	21	84	0	1	85	0	0
3	32636549	.	T	C	10	6	16	0	0	16	0	0
3	35862198	.	A	G	1	3	4	0	1	5	0	0
3	39037809	.	T	C	6	2	8	0	0	8	0	0
3	40748697	.	A	G	35	12	47	16	0	63	0	0
3	57553351	.	T	C	2	5	7	0	0	7	0	0
3	65587492	.	A	G	1	2	3	0	0	3	0	0
3	80599593	.	T	C	129	281	410	3	2	415	0	0
3	80613956	.	T	C	14	16	30	0	0	30	0	0
3	80614159	.	T	C	11	20	31	0	0	31	0	0
3	80614215	.	T	C	316	183	499	0	6	505	0	0
3	87792485	.	C	G	12	3	15	0	7	22	0	0
3	89090052	.	G	A	8	3	11	0	0	11	0	0
3	89308434	.	T	C	3	2	5	0	0	5	0	0
3	89967705	.	A	G	5	4	9	0	0	9	0	0
3	89967924	.	A	G	2	6	8	0	0	8	0	0
3	89967938	.	A	G	7	3	10	0	0	10	0	0
3	90034329	.	A	G	1	2	3	1	0	4	0	0
3	95090872	.	T	C	4	4	8	0	0	8	0	0
3	95095436	.	T	C	11	2	13	0	0	13	0	0
3	96539776	.	A	G	3	18	21	0	1	22	0	0
3	96540029	.	A	G	21	9	30	0	0	30	0	0
3	101483703	.	G	C	54	17	71	0	39	110	0	0
3	102973406	.	A	G	45	12	57	0	0	57	0	0
3	104834685	.	A	G	2	4	6	0	0	6	0	0
3	104835351	.	A	G	8	7	15	0	0	15	0	0
3	104835352	.	A	G	10	5	15	0	0	15	0	0
3	106482541	.	T	C	3	2	5	0	0	5	0	0
3	108463972	.	T	A	15	4	19	1	5	25	0	0
3	108463973	.	G	A	9	3	12	2	10	24	0	0
3	110050717	.	C	T	8	3	11	0	0	11	0	0
3	116423211	.	A	G	2	2	4	0	1	5	0	0
3	116423212	.	A	G	2	3	5	0	0	5	0	0
3	116427215	.	T	C	6	2	8	0	0	8	0	0
3	116537733	.	T	C	20	6	26	0	0	26	0	0
3	116537746	.	T	C	14	13	27	0	1	28	0	0
3	116537812	.	T	C	19	8	27	0	1	28	0	0
3	135112631	.	T	C	38	8	46	0	1	47	0	0
3	137795759	.	T	G	3	1	4	0	1	5	0	0
3	138264847	.	A	G	25	4	29	0	0	29	0	0
4	12166138	.	A	G	3	2	5	0	0	5	0	0
4	13892199	.	C	T	6	2	8	1	3	12	0	0
4	13892206	.	C	T	4	3	7	0	4	11	0	0
4	21834548	.	A	G	20	7	27	2	0	29	0	0
4	21834568	.	A	G	24	8	32	5	0	37	0	0
4	21834782	.	A	G	7	8	15	0	1	16	0	0
4	21834791	.	A	G	3	9	12	0	1	13	0	0
4	21911667	.	A	G	8	9	17	0	0	17	0	0
4	33019420	.	A	G	70	24	94	0	2	96	0	0
4	33020417	.	A	G	53	62	115	0	0	115	0	0
4	41518514	.	T	C	218	39	257	0	4	261	0	0
4	56875732	.	T	C	10	3	13	0	1	14	0	0
4	59737687	.	T	C	5	1	6	0	0	6	0	0
4	62342224	.	A	G	24	4	28	0	0	28	0	0
4	62371673	.	T	C	3	4	7	0	0	7	0	0
4	62440929	.	A	C	4	4	8	0	0	8	0	0
4	69844043	.	C	T	1	3	4	14	0	18	0	0
4	86495344	.	G	T	63	12	75	0	0	75	0	0
4	103021909	.	A	G	26	5	31	0	3	34	0	0
4	106905746	.	C	A	7	9	16	0	6	22	0	0
4	107701489	.	A	G	2	2	4	0	0	4	0	0
4	108198313	.	A	G	6	11	17	0	0	17	0	0
4	118483277	.	A	G	24	5	29	0	0	29	0	0
4	118484005	.	A	G	13	13	26	0	1	27	0	0
4	118484020	.	A	G	25	8	33	0	2	35	0	0
4	118484072	.	A	G	13	4	17	0	3	21	1	0
4	119080668	.	T	C	15	4	19	0	0	19	0	0
4	119080724	.	T	C	16	4	20	0	1	21	0	0
4	119081410	.	T	C	28	4	32	0	0	32	0	0
4	124838094	.	A	G	6	15	21	0	0	21	0	0
4	124838169	.	A	G	12	8	20	0	0	20	0	0
4	125982944	.	A	G	12	8	20	0	1	21	0	0
4	125982989	.	A	G	13	2	15	0	0	15	0	0
4	125985005	.	A	G	11	2	13	0	2	15	0	0
4	125985065	.	A	G	7	8	15	0	2	17	0	0
4	125985078	.	A	G	8	5	13	0	1	14	0	0
4	125985112	.	A	G	7	4	11	0	0	11	0	0
4	125985370	.	A	G	14	13	27	0	0	27	0	0
4	125985374	.	A	G	13	14	27	0	1	28	0	0
4	125985458	.	A	G	27	7	34	0	0	34	0	0
4	126929461	.	G	T	18	5	23	0	3	26	0	0
4	129107038	.	A	G	2	2	4	0	0	4	0	0
4	129407507	.	G	C	20	8	28	0	28	56	0	0
4	129407514	.	T	C	26	9	35	0	17	52	0	0
4	131679966	.	T	C	18	10	28	0	1	29	0	0
4	133389520	.	T	C	3	4	7	0	0	7	0	0
4	137953585	.	A	G	7	3	10	0	0	10	0	0
4	137987354	.	A	G	68	21	89	0	2	91	0	0
4	138169523	.	T	C	7	2	9	0	1	10	0	0
4	138184300	.	A	G	2	7	9	0	0	9	0	0
4	148140817	.	A	G	17	3	20	0	0	20	0	0
4	149202586	.	A	G	23	14	37	0	0	37	0	0
4	149203211	.	A	G	19	4	23	0	0	23	0	0
4	149552635	.	T	C	5	6	11	0	0	11	0	0
4	154981805	.	C	T	16	3	19	0	0	19	0	0
4	155706828	.	A	G	15	5	20	5	1	26	0	0
4	155800341	.	A	G	12	5	17	0	0	17	0	0
4	155800935	.	A	G	6	7	13	0	0	13	0	0
4	155800938	.	A	G	10	4	14	0	0	14	0	0
4	155800977	.	A	G	13	2	15	0	0	15	0	0
4	156095123	.	A	G	80	45	125	0	3	128	0	0
4	156105035	.	T	C	4	3	7	0	0	7	0	0
4	156294255	.	A	G	3	2	5	0	0	5	0	0
4	156294259	.	A	G	2	2	4	0	0	4	0	0
5	3629223	.	T	C	2	1	3	0	0	3	0	0
5	3680498	.	T	C	8	3	11	0	0	11	0	0
5	5833142	.	A	G	2	9	11	4	0	15	0	0
5	20964158	.	A	G	8	2	10	0	0	10	0	0
5	22733550	.	C	T	1	3	4	2	0	6	0	0
5	23749502	.	T	C	1	2	3	0	0	3	0	0
5	24556336	.	C	A	7	1	8	0	1	9	0	0
5	24649635	.	T	C	22	6	28	2	2	32	0	0
5	24649804	.	T	C	5	22	27	2	1	30	0	0
5	24649822	.	T	C	21	15	36	2	0	38	0	0
5	25430722	.	A	G	6	6	12	0	0	12	0	0
5	29658129	.	A	G	1	4	5	0	0	5	0	0
5	31330824	.	T	C	8	2	10	0	0	10	0	0
5	33149571	.	A	G	6	3	9	0	0	9	0	0
5	33149601	.	A	G	11	2	13	0	0	13	0	0
5	33149928	.	A	G	12	2	14	0	0	14	0	0
5	33149943	.	A	G	16	4	20	0	1	21	0	0
5	33573262	.	A	G	3	4	7	0	0	7	0	0
5	33573281	.	A	G	2	9	11	0	0	11	0	0
5	33573900	.	A	G	4	3	7	0	0	7	0	0
5	33575654	.	A	G	5	3	8	0	0	8	0	0
5	33575740	.	A	G	4	3	7	0	1	8	0	0
5	33575750	.	A	G	5	2	7	0	0	7	0	0
5	65605388	.	T	C	41	18	59	0	0	59	0	0
5	65605389	.	T	C	35	21	56	0	2	58	0	0
5	73469787	.	A	G	51	14	65	0	0	65	0	0
5	73790096	.	A	G	1	2	3	0	0	3	0	0
5	77433494	.	A	T	2	1	3	0	3	6	0	0
5	77555578	.	T	C	2	20	22	1	0	23	0	0
5	77555630	.	T	C	3	15	18	0	1	19	0	0
5	96412485	.	A	T	2	2	4	0	1	5	0	0
5	104652843	.	A	G	17	5	22	0	0	22	0	0
5	105634241	.	A	C	28	6	34	0	6	40	0	0
5	108270721	.	G	A	23	1	24	0	4	28	0	0
5	110081429	.	C	T	7	2	9	0	0	9	0	0
5	110081431	.	C	T	7	1	8	0	1	9	0	0
5	113873957	.	A	C	1	3	4	0	4	8	0	0
5	114749684	.	A	C	7	2	9	0	3	12	0	0
5	114749690	.	A	C	9	2	11	0	2	13	0	0
5	115324174	.	C	G	6	2	8	0	0	8	0	0
5	115437301	.	T	C	5	2	7	0	1	8	0	0
5	115437319	.	T	C	5	2	7	0	0	7	0	0
5	116144852	.	A	T	20	5	25	0	8	33	0	0
5	121662316	.	T	C	1	3	4	0	0	4	0	0
5	121683511	.	T	C	18	6	24	0	0	24	0	0
5	121683667	.	T	C	19	3	22	0	0	22	0	0
5	121683725	.	T	C	4	5	9	0	0	9	0	0
5	121943596	.	A	G	2	4	6	0	0	6	0	0
5	122547656	.	A	G	12	2	14	0	1	15	0	0
5	123386729	.	A	G	20	11	31	0	0	31	0	0
5	123387747	.	A	G	10	2	12	0	0	12	0	0
5	123879315	.	T	C	3	13	16	0	0	16	0	0
5	123880012	.	G	T	3	2	5	1	0	6	0	0
5	123880013	.	G	T	3	2	5	1	0	6	0	0
5	123880130	.	T	C	1	3	4	0	0	4	0	0
5	124792968	.	A	G	2	2	4	0	0	4	0	0
5	125533669	.	A	G	26	88	114	0	2	116	0	0
5	125533970	.	A	G	38	15	53	1	1	55	0	0
5	125534541	.	A	G	57	32	89	0	4	93	0	0
5	129797823	.	A	G	10	14	24	0	2	26	0	0
5	129798517	.	A	G	19	5	24	0	0	24	0	0
5	129900101	.	T	C	1	2	3	0	0	3	0	0
5	130018011	.	A	G	7	3	10	0	0	10	0	0
5	131466626	.	G	T	13	4	17	0	6	23	0	0
5	131466627	.	A	T	12	2	14	0	9	23	0	0
5	134297169	.	T	C	4	2	6	0	0	6	0	0
5	135192160	.	A	G	10	3	13	0	1	14	0	0
5	135279007	.	C	T	7	2	9	0	0	9	0	0
5	135437709	.	T	C	12	9	21	0	2	23	0	0
5	135437715	.	T	C	14	6	20	0	0	21	1	0
5	135665678	.	A	G	2	3	5	0	0	5	0	0
5	135903620	.	G	A	8	2	10	0	0	10	0	0
5	136941953	.	A	G	91	22	113	0	0	113	0	0
5	137336162	.	T	C	4	2	6	0	0	6	0	0
5	137336165	.	T	C	1	5	6	0	0	6	0	0
5	137661295	.	T	C	1	2	3	0	0	3	0	0
5	137745471	.	G	C	11	2	13	0	0	13	0	0
5	137745472	.	T	C	11	2	13	0	0	13	0	0
5	140606797	.	C	G	18	12	30	0	10	40	0	0
5	140606802	.	T	G	24	8	32	0	17	49	0	0
5	142655047	.	A	G	84	25	109	0	2	111	0	0
5	142856760	.	T	C	24	5	29	0	0	29	0	0
5	142888875	.	G	T	27	9	36	0	0	36	0	0
5	143751066	.	A	G	10	2	12	0	0	12	0	0
5	143883169	.	A	G	1	7	8	0	0	8	0	0
5	145045567	.	C	A	3	3	6	0	0	6	0	0
5	148927122	.	T	C	3	2	5	0	0	5	0	0
5	148985202	.	G	A	9	5	14	58	5	77	0	0
6	29156835	.	T	C	6	2	8	0	1	9	0	0
6	31492600	.	A	G	14	5	19	0	1	20	0	0
6	31492602	.	A	G	15	5	20	0	1	21	0	0
6	31492665	.	A	G	13	3	16	0	0	16	0	0
6	31492682	.	A	G	6	12	18	0	0	18	0	0
6	31492702	.	A	G	17	5	22	0	0	22	0	0
6	37783131	.	C	T	2	2	4	15	2	21	0	0
6	39584626	.	G	A	3	7	10	0	3	13	0	0
6	39584634	.	G	A	4	4	8	0	4	12	0	0
6	47848373	.	A	G	8	7	15	0	0	15	0	0
6	47848860	.	A	G	13	4	17	0	0	17	0	0
6	47848942	.	A	G	13	3	16	0	0	16	0	0
6	47849226	.	A	G	8	3	11	0	0	11	0	0
6	48375235	.	A	G	1	6	7	0	0	7	0	0
6	48375236	.	A	G	4	3	7	0	0	7	0	0
6	49231812	.	T	C	9	5	14	0	2	16	0	0
6	49233243	.	A	T	5	2	7	0	1	8	0	0
6	49233394	.	T	C	10	4	14	0	0	14	0	0
6	49237894	.	T	C	22	4	26	0	0	26	0	0
6	49237899	.	T	C	21	5	26	0	0	26	0	0
6	49237955	.	T	C	20	5	25	0	0	25	0	0
6	49237956	.	T	C	20	5	25	0	0	25	0	0
6	50179729	.	A	G	8	2	10	0	0	10	0	0
6	54462502	.	T	C	15	5	20	0	4	24	0	0
6	57512427	.	T	A	10	3	13	0	1	14	0	0
6	65684310	.	A	G	5	2	7	0	0	7	0	0
6	65687724	.	A	G	7	2	9	0	0	9	0	0
6	66517065	.	A	G	3	2	5	0	0	5	0	0
6	66517625	.	A	G	5	9	14	0	0	14	0	0
6	66517635	.	A	G	6	5	11	0	0	11	0	0
6	66517775	.	A	G	8	2	10	0	1	11	0	0
6	72584973	.	T	C	8	2	10	0	0	10	0	0
6	84789910	.	A	G	1	1	2	0	0	2	0	0
6	84789913	.	C	T	1	1	2	0	0	2	0	0
6	85932347	.	T	C	9	10	19	0	1	20	0	0
6	85932353	.	T	C	5	16	21	0	3	24	0	0
6	91136694	.	T	G	2	3	5	0	0	5	0	0
6	96010042	.	T	C	3	1	4	1	1	6	0	0
6	110617355	.	T	C	4	2	6	0	0	6	0	0
6	110617356	.	T	C	4	2	6	0	0	6	0	0
6	113054535	.	A	C	6	1	7	0	12	19	0	0
6	113054541	.	A	C	8	3	11	0	13	24	0	0
6	115224124	.	T	C	5	2	7	0	0	7	0	0
6	115818036	.	T	C	8	4	12	0	0	12	0	0
6	120908695	.	A	G	11	3	14	0	0	14	0	0
6	122715481	.	T	C	2	2	4	0	0	4	0	0
6	122715556	.	T	C	1	3	4	0	0	4	0	0
6	122715558	.	T	C	2	2	4	0	0	4	0	0
6	122716233	.	T	C	2	2	4	0	0	4	0	0
6	122716236	.	T	C	2	2	4	0	0	4	0	0
6	124717185	.	T	C	7	3	10	0	0	10	0	0
6	125171091	.	A	G	12	3	15	0	0	15	0	0
6	125171627	.	A	G	9	2	11	0	0	11	0	0
6	125217465	.	A	G	3	2	5	0	0	5	0	0
6	126619121	.	T	C	59	37	96	0	2	98	0	0
6	135114828	.	A	G	3	4	7	0	0	7	0	0
6	146364908	.	G	A	1	5	6	4	4	14	0	0
6	146733792	.	A	G	1	5	6	0	0	6	0	0
6	146733920	.	A	G	1	2	3	0	0	3	0	0
6	149058950	.	T	C	1	2	3	0	0	3	0	0
7	4796292	.	A	C	17	5	22	0	10	32	0	0
7	6194307	.	A	G	7	2	9	0	0	9	0	0
7	6196171	.	A	G	5	5	10	0	0	10	0	0
7	6433526	.	A	G	12	3	15	0	0	15	0	0
7	6967909	.	A	G	6	5	11	0	1	12	0	0
7	6967948	.	A	G	9	6	15	0	0	15	0	0
7	6967980	.	A	G	10	2	12	0	0	12	0	0
7	6968013	.	A	G	5	6	11	0	0	11	0	0
7	6969451	.	A	G	12	9	21	0	2	23	0	0
7	6969513	.	A	G	10	21	31	0	2	33	0	0
7	12707543	.	A	G	11	2	13	0	1	14	0	0
7	12707548	.	A	G	9	3	12	0	0	12	0	0
7	15713542	.	A	G	6	2	8	0	2	10	0	0
7	16605458	.	T	C	7	6	13	0	0	13	0	0
7	16619714	.	A	G	76	13	89	0	1	90	0	0
7	18873638	.	A	G	1	7	8	0	0	9	1	0
7	18873686	.	T	C	3	4	7	0	0	7	0	0
7	18873733	.	T	C	8	5	13	0	0	13	0	0
7	18874250	.	T	C	13	2	15	0	0	15	0	0
7	19638449	.	T	A	2	5	7	0	0	7	0	0
7	19638461	.	T	A	3	3	6	0	0	6	0	0
7	23840662	.	G	A	2	12	14	11	0	25	0	0
7	23840812	.	T	C	3	6	9	3	0	12	0	0
7	23840839	.	A	G	12	3	15	4	0	19	0	0
7	23841810	.	T	C	0	3	3	0	2	6	1	0
7	23933794	.	T	G	2	9	11	2	0	13	0	0
7	23933804	.	C	T	2	5	7	4	0	11	0	0
7	23933837	.	A	G	4	2	6	16	0	22	0	0
7	23974961	.	C	T	2	2	4	9	1	14	0	0
7	23974988	.	C	T	2	3	5	8	0	13	0	0
7	24710068	.	T	C	91	28	119	0	2	121	0	0
7	24710075	.	T	C	95	19	114	0	5	119	0	0
7	24771992	.	T	C	3	8	11	0	3	14	0	0
7	26904993	.	A	G	2	9	11	0	0	11	0	0
7	27227593	.	T	C	90	21	111	0	0	111	0	0
7	27520956	.	A	G	7	3	10	0	0	10	0	0
7	27521358	.	A	G	7	2	9	0	1	10	0	0
7	27521368	.	A	G	7	3	10	0	0	10	0	0
7	28922569	.	T	C	5	2	7	0	0	7	0	0
7	39217075	.	A	G	10	5	15	0	0	15	0	0
7	41775309	.	T	C	3	2	5	1	0	6	0	0
7	45032973	.	T	C	2	9	11	0	0	11	0	0
7	45140801	.	T	C	2	5	7	0	0	7	0	0
7	45141114	.	T	C	2	1	3	0	1	4	0	0
7	49205135	.	A	G	2	4	6	0	0	6	0	0
7	49206073	.	A	G	4	4	8	0	0	8	0	0
7	55627368	.	T	C	79	25	104	0	2	106	0	0
7	58875215	.	T	C	9	3	12	0	1	13	0	0
7	58883954	.	T	C	2	2	4	0	0	4	0	0
7	58899742	.	A	G	7	2	9	0	0	9	0	0
7	59037439	.	C	T	16	6	22	2	1	25	0	0
7	73387821	.	T	C	8	2	10	0	0	10	0	0
7	79741424	.	G	T	4	2	6	0	2	8	0	0
7	79741425	.	G	T	5	1	6	0	2	8	0	0
7	79875818	.	G	T	5	3	8	0	1	9	0	0
7	79875819	.	G	T	5	3	8	0	1	9	0	0
7	80540525	.	C	T	5	2	7	0	0	7	0	0
7	81180363	.	A	G	8	3	11	0	0	11	0	0
7	81521958	.	A	G	3	3	6	0	0	6	0	0
7	81522050	.	A	G	5	3	8	0	0	8	0	0
7	81522943	.	A	G	5	2	7	0	0	7	0	0
7	83274886	.	T	C	6	2	8	0	1	9	0	0
7	101546232	.	G	A	11	1	12	0	1	13	0	0
7	101546233	.	G	T	10	1	11	0	1	12	0	0
7	101561821	.	C	T	9	2	11	0	0	11	0	0
7	102117757	.	T	C	11	3	14	1	0	15	0	0
7	113639293	.	A	T	14	3	17	0	3	20	0	0
7	126423019	.	G	C	11	4	15	0	2	17	0	0
7	126423022	.	A	C	15	3	18	0	1	19	0	0
7	126465028	.	G	A	4	2	6	2	6	14	0	0
7	126465030	.	C	A	8	3	11	3	5	19	0	0
7	126853494	.	A	G	47	8	55	0	0	55	0	0
7	126853784	.	A	G	54	16	70	0	4	74	0	0
7	127125795	.	A	T	3	2	5	0	0	5	0	0
7	127178178	.	A	G	2	4	6	0	0	6	0	0
7	127178205	.	A	G	2	2	4	0	0	4	0	0
7	127178234	.	A	G	1	3	4	0	0	4	0	0
7	127178340	.	A	G	2	2	4	0	0	4	0	0
7	127178341	.	A	G	2	2	4	0	0	4	0	0
7	127385246	.	G	C	1	2	3	0	0	3	0	0
7	127519115	.	A	G	1	2	3	0	0	3	0	0
7	130360893	.	A	T	2	12	14	1	0	15	0	0
7	133951333	.	A	G	4	2	6	0	0	6	0	0
7	139715640	.	A	G	1	4	5	0	0	5	0	0
7	139716429	.	A	G	4	3	7	0	0	7	0	0
7	140391023	.	T	C	17	10	27	0	3	30	0	0
7	140440060	.	A	C	1	2	3	0	1	4	0	0
7	140440066	.	A	C	1	2	3	0	1	4	0	0
7	140454841	.	T	C	4	2	6	0	0	6	0	0
7	140455983	.	T	C	6	2	8	0	0	8	0	0
7	140456002	.	T	C	3	3	6	0	0	6	0	0
7	140471558	.	G	A	9	2	11	11	1	24	1	0
7	140733796	.	T	C	6	2	8	0	0	8	0	0
7	141503659	.	T	C	20	7	27	0	0	27	0	0
7	141503671	.	G	C	22	0	22	0	2	24	0	0
7	142206344	.	T	C	44	6	50	0	0	50	0	0
7	142207010	.	T	C	32	13	45	0	2	47	0	0
8	3553317	.	A	G	1	2	3	0	0	3	0	0
8	3589455	.	A	G	8	3	11	0	0	11	0	0
8	3693449	.	A	G	3	3	6	0	0	6	0	0
8	10021017	.	C	T	7	1	8	0	0	8	0	0
8	10021018	.	C	T	5	1	6	0	1	7	0	0
8	11885215	.	C	A	1	2	3	0	0	3	0	0
8	14077909	.	G	T	3	1	4	0	2	6	0	0
8	14077910	.	G	T	5	1	6	0	1	7	0	0
8	14078031	.	T	C	9	1	10	0	2	12	0	0
8	14140659	.	G	A	19	3	22	0	0	22	0	0
8	14140661	.	A	C	16	3	19	0	0	19	0	0
8	19732474	.	C	A	9	2	11	0	0	11	0	0
8	19741629	.	C	T	6	3	9	9	0	18	0	0
8	20030704	.	C	T	29	5	34	31	0	65	0	0
8	20030843	.	C	T	21	5	26	10	1	37	0	0
8	20030895	.	C	A	29	5	34	20	0	54	0	0
8	20030901	.	C	A	38	8	46	25	1	72	0	0
8	20157920	.	G	T	6	3	9	51	0	60	0	0
8	20157964	.	A	G	6	2	8	55	0	63	0	0
8	20698008	.	A	T	11	5	16	17	1	34	0	0
8	20721217	.	A	G	11	2	13	7	0	20	0	0
8	20727130	.	G	A	32	16	48	8	0	56	0	0
8	26303772	.	T	C	5	2	7	0	0	7	0	0
8	26304442	.	T	C	4	5	9	0	1	10	0	0
8	26306187	.	T	C	7	3	10	1	0	11	0	0
8	39618334	.	C	A	20	5	25	0	0	25	0	0
8	42061914	.	T	C	1	2	3	0	2	5	0	0
8	42700052	.	A	G	1	2	3	4	0	7	0	0
8	59366732	.	C	T	8	2	10	0	0	10	0	0
8	59366734	.	C	T	8	2	10	0	0	10	0	0
8	61848427	.	G	T	10	4	14	0	3	17	0	0
8	69281145	.	T	C	12	3	15	0	0	15	0	0
8	69766592	.	A	G	11	2	13	0	1	14	0	0
8	70007507	.	T	C	1	2	3	0	0	3	0	0
8	70017218	.	C	G	2	5	7	12	0	19	0	0
8	70017232	.	G	A	2	2	4	6	0	10	0	0
8	70019439	.	G	A	2	2	4	3	0	7	0	0
8	70028682	.	T	C	1	2	3	10	0	13	0	0
8	70028770	.	G	A	4	10	14	4	0	18	0	0
8	70037710	.	A	C	1	3	4	1	0	5	0	0
8	70037749	.	C	T	1	3	4	1	0	5	0	0
8	70846182	.	T	C	1	3	4	0	0	4	0	0
8	70847835	.	T	C	2	4	6	0	0	6	0	0
8	70967363	.	T	C	5	2	7	0	0	7	0	0
8	71826333	.	A	G	8	2	10	0	0	10	0	0
8	71826392	.	A	G	6	2	8	0	0	8	0	0
8	72977426	.	A	G	16	32	48	0	1	49	0	0
8	74079692	.	T	C	8	2	10	0	0	10	0	0
8	80504120	.	T	C	2	2	4	0	1	5	0	0
8	80724792	.	A	G	3	2	5	0	0	5	0	0
8	84982543	.	T	C	2	6	8	0	0	8	0	0
8	85593307	.	A	G	4	3	7	0	0	7	0	0
8	85683997	.	T	C	8	2	10	0	0	10	0	0
8	85835300	.	T	C	3	3	6	0	0	6	0	0
8	88898496	.	A	G	15	5	20	0	0	20	0	0
8	94743910	.	T	C	8	3	11	0	0	11	0	0
8	107744385	.	A	G	8	3	11	0	0	11	0	0
8	107744427	.	A	G	13	5	18	0	1	19	0	0
8	107744841	.	A	G	12	2	14	0	0	14	0	0
8	107744848	.	A	G	4	6	10	0	0	10	0	0
8	110817217	.	A	G	27	8	35	0	4	39	0	0
8	110948496	.	G	A	7	2	9	0	0	9	0	0
8	111731423	.	T	C	22	7	29	0	1	30	0	0
8	111731758	.	T	C	23	7	30	0	1	31	0	0
8	112680155	.	A	G	39	5	44	0	0	44	0	0
8	121823716	.	T	C	4	2	6	0	0	6	0	0
8	122754390	.	T	G	6	2	8	0	0	9	1	0
8	123305077	.	A	G	2	2	4	0	0	4	0	0
8	124261954	.	A	G	6	3	9	0	0	9	0	0
8	125620613	.	T	C	21	8	29	0	4	33	0	0
8	125620618	.	T	C	12	17	29	0	3	32	0	0
8	125620861	.	T	C	23	16	39	0	2	41	0	0
8	125620868	.	T	C	34	6	40	0	2	42	0	0
8	125620923	.	T	C	9	26	35	0	2	37	0	0
8	125620929	.	T	C	15	14	29	0	1	30	0	0
9	3387716	.	A	G	9	4	13	0	0	13	0	0
9	3387771	.	A	G	15	3	18	0	1	19	0	0
9	7836792	.	T	C	5	3	8	0	0	8	0	0
9	8022080	.	T	C	14	4	18	0	0	18	0	0
9	20511950	.	A	G	3	6	9	0	0	9	0	0
9	20513256	.	A	G	7	3	10	0	0	10	0	0
9	21190249	.	G	T	1	2	3	0	0	3	0	0
9	21929088	.	C	T	14	4	18	0	5	24	1	0
9	22154635	.	T	C	2	2	4	0	0	4	0	0
9	22408140	.	T	G	7	3	10	0	0	10	0	0
9	42163217	.	T	G	18	4	22	0	3	25	0	0
9	45747294	.	C	T	1	2	3	1	0	4	0	0
9	53311221	.	A	G	11	2	13	0	1	14	0	0
9	54854516	.	A	G	2	3	5	0	0	5	0	0
9	55056705	.	A	G	7	2	9	0	0	9	0	0
9	59218693	.	A	G	4	2	6	0	0	6	0	0
9	59643035	.	C	T	2	3	5	1	1	7	0	0
9	59643036	.	C	T	2	3	5	1	1	7	0	0
9	61324884	.	A	C	10	4	14	0	1	15	0	0
9	64142586	.	A	G	1	4	5	3	0	8	0	0
9	64941361	.	A	G	6	2	8	0	0	8	0	0
9	65273907	.	A	G	4	2	6	0	0	6	0	0
9	67892060	.	C	T	5	4	9	0	2	11	0	0
9	67892066	.	C	T	7	1	8	0	3	11	0	0
9	70511854	.	A	T	18	3	21	0	1	23	1	0
9	72270786	.	C	A	17	5	22	0	7	29	0	0
9	72366863	.	T	C	3	2	5	0	0	5	0	0
9	75130967	.	G	A	1	3	4	0	1	5	0	0
9	88724666	.	T	C	1	2	3	0	0	3	0	0
9	89794102	.	T	C	11	3	14	0	2	16	0	0
9	89794108	.	G	C	8	3	11	0	2	13	0	0
9	95938130	.	A	G	18	6	24	0	1	25	0	0
9	95939293	.	A	G	20	13	33	0	0	33	0	0
9	103062470	.	C	A	16	4	20	0	0	20	0	0
9	103062472	.	C	A	3	4	7	0	0	7	0	0
9	103232593	.	G	A	11	5	16	1	1	18	0	0
9	107212765	.	A	G	6	2	8	0	0	8	0	0
9	107640487	.	T	C	7	3	10	0	0	10	0	0
9	108178884	.	G	A	4	2	6	0	0	6	0	0
9	109657658	.	T	C	3	2	5	0	0	5	0	0
9	110086210	.	A	G	4	3	7	0	0	7	0	0
9	110086215	.	A	G	5	1	6	0	1	7	0	0
9	118754231	.	C	G	14	7	21	0	1	22	0	0
9	121510000	.	A	G	0	5	5	0	0	5	0	0
9	121561579	.	T	C	3	2	5	0	0	5	0	0
9	121584335	.	A	C	8	3	11	0	4	15	0	0
9	121584341	.	A	C	10	2	12	0	4	16	0	0
9	122774828	.	T	C	1	2	3	0	0	3	0	0
9	124034058	.	T	G	26	4	30	1	0	31	0	0
9	124034094	.	A	G	29	8	37	0	0	37	0	0
X	7774376	.	A	G	5	2	7	0	0	7	0	0
X	13069492	.	T	G	2	1	3	48	2	53	0	0
X	37569230	.	T	C	2	1	3	0	0	3	0	0
X	37697716	.	A	G	10	2	12	0	0	12	0	0
X	40743165	.	A	G	11	3	14	0	1	15	0	0
X	55695874	.	A	G	1	6	7	0	0	7	0	0
X	56429832	.	C	A	15	3	18	0	9	27	0	0
X	59281380	.	A	G	1	2	3	0	0	3	0	0
X	60231705	.	A	G	18	16	34	0	1	35	0	0
X	69388256	.	T	C	44	7	51	0	0	51	0	0
X	73270255	.	T	C	7	4	11	0	1	12	0	0
X	73270468	.	T	C	9	18	27	0	2	29	0	0
X	73328525	.	A	G	1	2	3	0	0	3	0	0
X	73328537	.	A	G	1	2	3	0	0	3	0	0
X	73328787	.	A	G	5	3	8	0	0	8	0	0
X	73328821	.	A	G	7	3	10	0	0	10	0	0
X	76805643	.	G	T	3	1	4	0	3	7	0	0
X	76805644	.	C	T	3	2	5	0	2	7	0	0
X	102620158	.	T	C	6	12	18	0	1	19	0	0
X	102620159	.	T	C	3	16	19	0	0	19	0	0
X	102623385	.	T	C	9	8	17	0	1	18	0	0
X	102631411	.	T	C	5	2	7	0	0	7	0	0
X	104417913	.	C	T	5	2	7	0	0	7	0	0
X	106827985	.	T	C	30	5	35	0	0	35	0	0
X	106830700	.	T	C	48	8	56	0	1	57	0	0
X	133489379	.	T	C	3	7	10	0	0	10	0	0
X	133490062	.	T	C	7	6	13	0	1	14	0	0
X	133490096	.	T	C	9	3	12	0	2	14	0	0
X	133490101	.	T	C	7	3	10	0	0	10	0	0
X	133490134	.	T	C	3	4	7	0	0	7	0	0
X	138844313	.	T	C	4	2	6	0	0	6	0	0
X	143107425	.	A	G	5	2	7	0	0	7	0	0
X	145978689	.	A	G	47	7	54	0	1	55	0	0
X	149766871	.	T	C	28	11	39	0	9	48	0	0
X	149767614	.	T	C	73	70	143	1	5	149	0	0
X	149768450	.	T	C	188	46	234	0	4	238	0	0
X	151056482	.	C	T	16	1	17	0	10	27	0	0
X	151056492	.	T	C	15	10	25	0	0	25	0	0
X	159360986	.	A	G	31	5	36	0	0	36	0	0
X	166906187	.	T	C	11	3	14	0	0	14	0	0
X	168105808	.	A	G	7	2	9	0	0	9	0	0
Y	1016394	.	A	G	15	16	31	0	3	34	0	0
Y	1048565	.	A	G	3	1	4	0	1	5	0	0
Y	1048604	.	A	G	7	3	10	0	0	10	0	0
Y	1048704	.	A	G	4	3	7	0	0	7	0	0
Y	1048869	.	A	G	1	2	3	0	1	4	0	0
Y	1048870	.	A	G	1	3	4	0	0	4	0	0
